0	0
1	0
2	0
3	0
4	0
5	0
6	0
7	0
8	0
9	0
10	0
11	0
12	0
13	0
14	0
15	0
16	0
17	0
18	0
19	0
20	0
21	0
22	0
23	0
24	0
25	0
26	0
27	0
28	0
29	0
30	0
31	0
32	0
33	0
34	0
35	0
36	0
37	0
38	0
39	0
40	0
41	0
42	0
43	0
44	0
45	0
46	0
47	0
48	0
49	0
50	0
51	0
52	0
53	0
54	0
55	0
56	0
57	0
58	0
59	0
60	0
61	0
62	0
63	0
64	0
65	0
66	0
67	0
68	0
69	0
70	0
71	0
72	0
73	0
74	0
75	0
76	0
77	0
78	0
79	0
80	0
81	0
82	0
83	0
84	0
85	0
86	0
87	0
88	0
89	0
90	0
91	0
92	0
93	0
94	0
95	0
96	0
97	0
98	0
99	1
100	2
101	2
102	3
103	3
104	3
105	5
106	5
107	6
108	6
109	6
110	6
111	7
112	8
113	8
114	8
115	8
116	8
117	9
118	9
119	9
120	9
121	9
122	9
123	9
124	9
125	10
126	11
127	12
128	12
129	13
130	14
131	14
132	14
133	14
134	15
135	17
136	19
137	22
138	24
139	25
140	26
141	27
142	29
143	29
144	29
145	30
146	31
147	33
148	37
149	38
150	38
151	41
152	42
153	43
154	46
155	48
156	49
157	50
158	51
159	51
160	53
161	55
162	56
163	58
164	58
165	58
166	59
167	60
168	61
169	62
170	63
171	63
172	64
173	65
174	67
175	71
176	72
177	75
178	78
179	81
180	82
181	86
182	88
183	91
184	91
185	91
186	92
187	94
188	94
189	95
190	96
191	97
192	98
193	98
194	98
195	98
196	103
197	105
198	106
199	108
200	112
201	112
202	112
203	114
204	115
205	116
206	116
207	118
208	120
209	121
210	122
211	125
212	128
213	128
214	130
215	133
216	138
217	138
218	140
219	141
220	141
221	142
222	143
223	143
224	143
225	148
226	148
227	150
228	152
229	153
230	154
231	156
232	157
233	158
234	160
235	160
236	160
237	162
238	165
239	168
240	168
241	173
242	174
243	175
244	177
245	178
246	180
247	181
248	181
249	181
250	182
251	184
252	188
253	188
254	191
255	194
256	195
257	197
258	200
259	200
260	203
261	206
262	207
263	208
264	212
265	214
266	217
267	220
268	222
269	223
270	225
271	228
272	228
273	232
274	232
275	233
276	233
277	234
278	235
279	238
280	241
281	242
282	242
283	242
284	243
285	245
286	246
287	249
288	249
289	249
290	250
291	251
292	251
293	254
294	254
295	256
296	258
297	259
298	260
299	262
300	262
301	267
302	267
303	268
304	268
305	270
306	270
307	270
308	271
309	274
310	275
311	277
312	280
313	281
314	282
315	282
316	282
317	282
318	282
319	283
320	286
321	289
322	290
323	290
324	291
325	291
326	291
327	294
328	295
329	297
330	298
331	300
332	300
333	301
334	301
335	303
336	305
337	307
338	307
339	307
340	309
341	310
342	310
343	314
344	316
345	317
346	317
347	317
348	318
349	318
350	320
351	320
352	322
353	323
354	328
355	328
356	329
357	331
358	331
359	332
360	332
361	333
362	335
363	335
364	335
365	336
366	336
367	337
368	338
369	341
370	341
371	342
372	343
373	346
374	346
375	346
376	346
377	347
378	350
379	350
380	352
381	352
382	353
383	355
384	355
385	355
386	358
387	358
388	358
389	361
390	362
391	362
392	362
393	362
394	362
395	362
396	362
397	366
398	366
399	367
400	367
401	368
402	369
403	370
404	372
405	372
406	374
407	375
408	377
409	377
410	377
411	377
412	379
413	380
414	381
415	384
416	387
417	388
418	390
419	391
420	391
421	392
422	393
423	395
424	395
425	396
426	398
427	399
428	401
429	401
430	401
431	401
432	402
433	403
434	404
435	405
436	406
437	408
438	409
439	410
440	410
441	411
442	412
443	413
444	415
445	415
446	415
447	415
448	415
449	415
450	417
451	417
452	417
453	418
454	420
455	421
456	421
457	423
458	425
459	427
460	429
461	431
462	431
463	431
464	431
465	432
466	432
467	433
468	435
469	435
470	435
471	437
472	439
473	440
474	440
475	442
476	443
477	443
478	446
479	447
480	448
481	449
482	449
483	450
484	450
485	450
486	451
487	453
488	455
489	456
490	456
491	456
492	456
493	458
494	458
495	459
496	460
497	460
498	461
499	462
500	463
501	463
502	463
503	464
504	464
505	465
506	465
507	466
508	466
509	466
510	466
511	467
512	467
513	468
514	468
515	468
516	469
517	471
518	471
519	472
520	472
521	473
522	474
523	474
524	475
525	475
526	476
527	478
528	478
529	483
530	484
531	484
532	484
533	484
534	485
535	490
536	492
537	493
538	494
539	495
540	496
541	496
542	496
543	497
544	499
545	499
546	499
547	500
548	501
549	501
550	501
551	502
552	502
553	502
554	502
555	502
556	503
557	503
558	504
559	504
560	504
561	505
562	505
563	505
564	505
565	505
566	505
567	505
568	505
569	505
570	506
571	506
572	506
573	508
574	508
575	508
576	510
577	510
578	512
579	512
580	512
581	513
582	513
583	514
584	514
585	514
586	514
587	514
588	515
589	515
590	516
591	518
592	519
593	522
594	523
595	524
596	524
597	525
598	525
599	526
600	527
601	528
602	529
603	530
604	531
605	532
606	532
607	532
608	533
609	534
610	535
611	535
612	535
613	535
614	535
615	535
616	535
617	535
618	537
619	537
620	539
621	540
622	543
623	544
624	545
625	545
626	545
627	546
628	549
629	549
630	550
631	551
632	551
633	551
634	552
635	553
636	553
637	553
638	553
639	553
640	553
641	553
642	553
643	554
644	555
645	555
646	555
647	555
648	555
649	556
650	556
651	557
652	558
653	560
654	560
655	562
656	563
657	563
658	563
659	563
660	563
661	563
662	563
663	563
664	563
665	565
666	565
667	565
668	565
669	565
670	565
671	565
672	566
673	566
674	566
675	568
676	569
677	569
678	571
679	571
680	571
681	572
682	573
683	573
684	573
685	575
686	575
687	576
688	577
689	577
690	577
691	577
692	577
693	579
694	580
695	580
696	580
697	580
698	580
699	580
700	581
701	581
702	581
703	581
704	581
705	584
706	584
707	585
708	585
709	588
710	588
711	589
712	589
713	590
714	590
715	592
716	594
717	594
718	594
719	596
720	596
721	597
722	598
723	598
724	600
725	603
726	605
727	606
728	606
729	606
730	607
731	609
732	609
733	611
734	611
735	611
736	611
737	612
738	613
739	615
740	615
741	615
742	617
743	618
744	619
745	619
746	619
747	619
748	621
749	621
750	621
751	622
752	623
753	624
754	624
755	624
756	624
757	624
758	624
759	624
760	625
761	625
762	626
763	626
764	627
765	627
766	628
767	628
768	628
769	628
770	629
771	629
772	630
773	631
774	632
775	632
776	633
777	633
778	634
779	634
780	635
781	636
782	636
783	636
784	636
785	636
786	636
787	636
788	637
789	638
790	639
791	639
792	639
793	639
794	639
795	640
796	641
797	641
798	641
799	641
800	641
801	641
802	641
803	641
804	642
805	642
806	642
807	643
808	645
809	645
810	646
811	647
812	647
813	649
814	650
815	650
816	650
817	651
818	653
819	654
820	654
821	654
822	654
823	654
824	654
825	654
826	654
827	655
828	656
829	656
830	657
831	657
832	657
833	657
834	657
835	657
836	659
837	659
838	660
839	660
840	660
841	660
842	661
843	662
844	663
845	663
846	663
847	663
848	664
849	665
850	666
851	667
852	667
853	667
854	668
855	668
856	668
857	668
858	669
859	669
860	669
861	669
862	672
863	674
864	674
865	676
866	677
867	679
868	680
869	681
870	681
871	681
872	682
873	683
874	683
875	683
876	683
877	684
878	684
879	684
880	684
881	685
882	685
883	685
884	687
885	687
886	689
887	689
888	689
889	689
890	689
891	691
892	691
893	691
894	691
895	691
896	691
897	691
898	691
899	691
900	691
901	691
902	691
903	691
904	692
905	693
906	693
907	694
908	696
909	697
910	697
911	698
912	698
913	698
914	698
915	698
916	698
917	698
918	698
919	698
920	698
921	699
922	699
923	699
924	702
925	702
926	702
927	702
928	702
929	702
930	703
931	703
932	704
933	704
934	705
935	706
936	706
937	706
938	706
939	706
940	707
941	708
942	708
943	708
944	708
945	709
946	709
947	710
948	711
949	711
950	711
951	711
952	712
953	712
954	712
955	712
956	713
957	713
958	714
959	714
960	714
961	715
962	715
963	716
964	716
965	716
966	716
967	716
968	717
969	717
970	718
971	719
972	719
973	719
974	720
975	720
976	720
977	720
978	720
979	722
980	722
981	722
982	722
983	723
984	724
985	726
986	726
987	726
988	728
989	728
990	728
991	728
992	728
993	729
994	729
995	730
996	731
997	731
998	732
999	735
1000	735
1001	735
1002	735
1003	736
1004	736
1005	736
1006	736
1007	736
1008	737
1009	737
1010	737
1011	737
1012	737
1013	737
1014	737
1015	738
1016	738
1017	738
1018	738
1019	738
1020	738
1021	738
1022	738
1023	738
1024	738
1025	739
1026	740
1027	741
1028	741
1029	741
1030	741
1031	742
1032	743
1033	743
1034	743
1035	743
1036	744
1037	744
1038	745
1039	745
1040	745
1041	745
1042	745
1043	745
1044	745
1045	746
1046	746
1047	746
1048	746
1049	748
1050	748
1051	748
1052	748
1053	748
1054	748
1055	749
1056	749
1057	752
1058	752
1059	754
1060	754
1061	756
1062	756
1063	757
1064	757
1065	757
1066	757
1067	757
1068	759
1069	759
1070	759
1071	759
1072	759
1073	760
1074	760
1075	760
1076	760
1077	761
1078	761
1079	762
1080	762
1081	762
1082	762
1083	763
1084	765
1085	766
1086	767
1087	767
1088	767
1089	767
1090	767
1091	767
1092	767
1093	769
1094	770
1095	771
1096	771
1097	772
1098	772
1099	772
1100	772
1101	773
1102	773
1103	773
1104	776
1105	777
1106	777
1107	777
1108	777
1109	778
1110	778
1111	778
1112	778
1113	778
1114	778
1115	778
1116	778
1117	779
1118	779
1119	779
1120	779
1121	779
1122	779
1123	780
1124	780
1125	780
1126	780
1127	781
1128	781
1129	781
1130	782
1131	782
1132	783
1133	783
1134	783
1135	783
1136	783
1137	783
1138	783
1139	783
1140	783
1141	783
1142	783
1143	784
1144	784
1145	784
1146	784
1147	784
1148	785
1149	785
1150	785
1151	785
1152	785
1153	785
1154	786
1155	786
1156	786
1157	786
1158	786
1159	786
1160	786
1161	786
1162	786
1163	786
1164	786
1165	787
1166	787
1167	788
1168	788
1169	788
1170	789
1171	790
1172	791
1173	792
1174	792
1175	792
1176	793
1177	795
1178	797
1179	797
1180	798
1181	798
1182	798
1183	799
1184	800
1185	800
1186	800
1187	800
1188	800
1189	800
1190	800
1191	800
1192	800
1193	800
1194	800
1195	800
1196	800
1197	800
1198	800
1199	800
1200	800
1201	800
1202	800
1203	800
1204	800
1205	800
1206	800
1207	800
1208	801
1209	802
1210	802
1211	803
1212	803
1213	804
1214	804
1215	805
1216	805
1217	805
1218	805
1219	805
1220	805
1221	806
1222	806
1223	806
1224	806
1225	806
1226	806
1227	807
1228	807
1229	807
1230	807
1231	807
1232	809
1233	810
1234	811
1235	811
1236	812
1237	812
1238	813
1239	813
1240	815
1241	815
1242	816
1243	817
1244	817
1245	817
1246	817
1247	817
1248	817
1249	818
1250	819
1251	819
1252	819
1253	819
1254	819
1255	819
1256	820
1257	822
1258	822
1259	822
1260	822
1261	822
1262	822
1263	822
1264	822
1265	822
1266	822
1267	822
1268	822
1269	822
1270	823
1271	823
1272	823
1273	823
1274	823
1275	823
1276	823
1277	824
1278	824
1279	824
1280	824
1281	824
1282	824
1283	824
1284	824
1285	824
1286	824
1287	824
1288	825
1289	825
1290	825
1291	825
1292	825
1293	825
1294	825
1295	825
1296	826
1297	826
1298	826
1299	826
1300	826
1301	827
1302	827
1303	827
1304	827
1305	827
1306	827
1307	828
1308	828
1309	828
1310	828
1311	828
1312	828
1313	828
1314	828
1315	828
1316	829
1317	829
1318	830
1319	831
1320	831
1321	832
1322	832
1323	832
1324	832
1325	832
1326	833
1327	833
1328	834
1329	834
1330	835
1331	835
1332	835
1333	835
1334	836
1335	836
1336	836
1337	836
1338	836
1339	836
1340	836
1341	837
1342	837
1343	838
1344	839
1345	839
1346	839
1347	839
1348	839
1349	839
1350	840
1351	840
1352	840
1353	840
1354	840
1355	841
1356	841
1357	841
1358	842
1359	842
1360	842
1361	842
1362	842
1363	843
1364	844
1365	844
1366	844
1367	844
1368	845
1369	845
1370	845
1371	845
1372	846
1373	846
1374	846
1375	846
1376	846
1377	846
1378	846
1379	846
1380	846
1381	846
1382	846
1383	846
1384	846
1385	846
1386	846
1387	846
1388	846
1389	847
1390	847
1391	848
1392	848
1393	848
1394	848
1395	848
1396	849
1397	849
1398	849
1399	849
1400	850
1401	850
1402	850
1403	852
1404	852
1405	853
1406	853
1407	853
1408	853
1409	853
1410	853
1411	853
1412	853
1413	853
1414	854
1415	855
1416	855
1417	855
1418	855
1419	856
1420	857
1421	858
1422	859
1423	859
1424	859
1425	859
1426	859
1427	860
1428	860
1429	860
1430	860
1431	860
1432	860
1433	860
1434	860
1435	862
1436	862
1437	862
1438	862
1439	862
1440	862
1441	862
1442	862
1443	862
1444	862
1445	862
1446	863
1447	864
1448	865
1449	865
1450	865
1451	865
1452	865
1453	865
1454	866
1455	866
1456	868
1457	868
1458	868
1459	868
1460	868
1461	868
1462	868
1463	868
1464	868
1465	868
1466	868
1467	869
1468	869
1469	870
1470	870
1471	870
1472	870
1473	870
1474	870
1475	871
1476	871
1477	872
1478	872
1479	874
1480	874
1481	874
1482	874
1483	874
1484	874
1485	874
1486	874
1487	874
1488	874
1489	874
1490	874
1491	874
1492	875
1493	875
1494	876
1495	877
1496	877
1497	877
1498	878
1499	878
1500	878
1501	879
1502	879
1503	879
1504	879
1505	879
1506	879
1507	879
1508	879
1509	879
1510	879
1511	879
1512	880
1513	880
1514	880
1515	880
1516	880
1517	881
1518	881
1519	881
1520	881
1521	882
1522	883
1523	883
1524	883
1525	883
1526	883
1527	883
1528	883
1529	883
1530	883
1531	883
1532	883
1533	883
1534	884
1535	885
1536	885
1537	886
1538	886
1539	886
1540	887
1541	887
1542	887
1543	888
1544	890
1545	890
1546	890
1547	890
1548	890
1549	890
1550	890
1551	890
1552	890
1553	890
1554	890
1555	891
1556	891
1557	891
1558	891
1559	894
1560	894
1561	894
1562	894
1563	895
1564	895
1565	896
1566	896
1567	896
1568	896
1569	896
1570	898
1571	898
1572	898
1573	898
1574	898
1575	898
1576	898
1577	899
1578	900
1579	900
1580	901
1581	901
1582	901
1583	901
1584	901
1585	901
1586	901
1587	901
1588	901
1589	901
1590	901
1591	901
1592	901
1593	901
1594	901
1595	901
1596	901
1597	902
1598	902
1599	902
1600	902
1601	903
1602	903
1603	903
1604	903
1605	903
1606	905
1607	905
1608	908
1609	908
1610	908
1611	908
1612	908
1613	908
1614	908
1615	908
1616	908
1617	908
1618	908
1619	908
1620	908
1621	908
1622	908
1623	908
1624	908
1625	908
1626	908
1627	908
1628	909
1629	910
1630	910
1631	910
1632	910
1633	910
1634	911
1635	911
1636	911
1637	911
1638	911
1639	911
1640	912
1641	912
1642	912
1643	912
1644	912
1645	912
1646	912
1647	912
1648	912
1649	912
1650	912
1651	912
1652	912
1653	912
1654	913
1655	913
1656	913
1657	913
1658	913
1659	913
1660	913
1661	914
1662	914
1663	914
1664	914
1665	914
1666	914
1667	914
1668	914
1669	914
1670	915
1671	915
1672	916
1673	916
1674	916
1675	916
1676	916
1677	917
1678	917
1679	917
1680	917
1681	917
1682	917
1683	918
1684	918
1685	918
1686	918
1687	919
1688	919
1689	919
1690	919
1691	919
1692	919
1693	919
1694	920
1695	920
1696	920
1697	920
1698	920
1699	920
1700	920
1701	920
1702	920
1703	921
1704	921
1705	921
1706	921
1707	923
1708	923
1709	923
1710	923
1711	923
1712	923
1713	924
1714	924
1715	924
1716	926
1717	926
1718	926
1719	926
1720	926
1721	926
1722	926
1723	926
1724	926
1725	926
1726	926
1727	926
1728	928
1729	928
1730	928
1731	928
1732	928
1733	928
1734	928
1735	928
1736	929
1737	929
1738	929
1739	929
1740	929
1741	929
1742	929
1743	929
1744	930
1745	930
1746	930
1747	930
1748	930
1749	930
1750	930
1751	930
1752	930
1753	930
1754	931
1755	931
1756	931
1757	931
1758	931
1759	931
1760	931
1761	931
1762	931
1763	931
1764	931
1765	931
1766	931
1767	931
1768	931
1769	931
1770	931
1771	932
1772	932
1773	932
1774	932
1775	932
1776	932
1777	932
1778	932
1779	932
1780	932
1781	932
1782	932
1783	932
1784	932
1785	932
1786	933
1787	934
1788	934
1789	934
1790	934
1791	934
1792	934
1793	935
1794	935
1795	935
1796	936
1797	936
1798	936
1799	936
1800	936
1801	936
1802	936
1803	938
1804	938
1805	938
1806	938
1807	939
1808	939
1809	939
1810	939
1811	939
1812	940
1813	941
1814	941
1815	941
1816	941
1817	941
1818	941
1819	941
1820	941
1821	942
1822	942
1823	942
1824	942
1825	943
1826	943
1827	943
1828	943
1829	944
1830	944
1831	944
1832	945
1833	945
1834	945
1835	945
1836	945
1837	945
1838	945
1839	945
1840	945
1841	945
1842	945
1843	945
1844	946
1845	946
1846	947
1847	947
1848	947
1849	947
1850	947
1851	947
1852	947
1853	947
1854	947
1855	947
1856	947
1857	947
1858	948
1859	948
1860	948
1861	948
1862	951
1863	951
1864	951
1865	951
1866	951
1867	951
1868	951
1869	951
1870	951
1871	951
1872	951
1873	951
1874	951
1875	951
1876	951
1877	951
1878	951
1879	951
1880	952
1881	952
1882	952
1883	952
1884	952
1885	952
1886	953
1887	953
1888	953
1889	953
1890	954
1891	954
1892	954
1893	954
1894	954
1895	954
1896	954
1897	954
1898	954
1899	955
1900	955
1901	956
1902	956
1903	956
1904	956
1905	956
1906	956
1907	956
1908	956
1909	956
1910	956
1911	956
1912	956
1913	956
1914	956
1915	956
1916	956
1917	956
1918	957
1919	957
1920	957
1921	957
1922	957
1923	957
1924	957
1925	957
1926	957
1927	957
1928	957
1929	957
1930	957
1931	957
1932	957
1933	957
1934	958
1935	958
1936	958
1937	958
1938	958
1939	958
1940	958
1941	958
1942	958
1943	958
1944	959
1945	960
1946	960
1947	960
1948	960
1949	960
1950	960
1951	960
1952	960
1953	961
1954	961
1955	961
1956	961
1957	961
1958	962
1959	963
1960	963
1961	963
1962	963
1963	963
1964	963
1965	963
1966	963
1967	964
1968	964
1969	965
1970	965
1971	965
1972	965
1973	966
1974	966
1975	966
1976	966
1977	966
1978	966
1979	966
1980	966
1981	966
1982	966
1983	966
1984	966
1985	967
1986	967
1987	967
1988	967
1989	967
1990	967
1991	967
1992	967
1993	967
1994	967
1995	967
1996	967
1997	967
1998	967
1999	968
2000	968
2001	968
2002	969
2003	969
2004	969
2005	969
2006	969
2007	969
2008	969
2009	969
2010	970
2011	970
2012	970
2013	970
2014	970
2015	970
2016	970
2017	971
2018	973
2019	973
2020	973
2021	973
2022	973
2023	973
2024	973
2025	974
2026	974
2027	974
2028	974
2029	974
2030	975
2031	975
2032	975
2033	975
2034	975
2035	975
2036	975
2037	975
2038	976
2039	976
2040	976
2041	976
2042	976
2043	976
2044	976
2045	976
2046	976
2047	977
2048	977
2049	977
2050	977
2051	978
2052	978
2053	979
2054	979
2055	979
2056	979
2057	979
2058	979
2059	979
2060	979
2061	979
2062	979
2063	979
2064	979
2065	979
2066	979
2067	979
2068	979
2069	980
2070	980
2071	981
2072	981
2073	981
2074	982
2075	982
2076	982
2077	983
2078	983
2079	984
2080	984
2081	984
2082	984
2083	984
2084	984
2085	984
2086	984
2087	984
2088	984
2089	984
2090	984
2091	985
2092	985
2093	985
2094	985
2095	985
2096	985
2097	985
2098	985
2099	985
2100	985
2101	985
2102	985
2103	985
2104	985
2105	985
2106	985
2107	985
2108	985
2109	986
2110	986
2111	986
2112	986
2113	986
2114	986
2115	986
2116	986
2117	986
2118	986
2119	987
2120	987
2121	987
2122	987
2123	987
2124	987
2125	987
2126	987
2127	987
2128	987
2129	987
2130	987
2131	987
2132	987
2133	987
2134	987
2135	987
2136	988
2137	988
2138	988
2139	988
2140	988
2141	988
2142	988
2143	988
2144	988
2145	988
2146	988
2147	989
2148	989
2149	989
2150	989
2151	990
2152	990
2153	990
2154	990
2155	990
2156	990
2157	990
2158	990
2159	990
2160	990
2161	990
2162	990
2163	990
2164	990
2165	990
2166	990
2167	990
2168	990
2169	990
2170	990
2171	990
2172	990
2173	991
2174	991
2175	991
2176	991
2177	991
2178	992
2179	992
2180	992
2181	992
2182	993
2183	993
2184	994
2185	994
2186	994
2187	994
2188	994
2189	995
2190	995
2191	995
2192	995
2193	996
2194	996
2195	996
2196	996
2197	996
2198	996
2199	996
2200	996
2201	996
2202	996
2203	996
2204	996
2205	996
2206	996
2207	997
2208	999
2209	999
2210	999
2211	999
2212	999
2213	999
2214	999
2215	999
2216	1000
2217	1000
2218	1001
2219	1001
2220	1001
2221	1002
2222	1002
2223	1002
2224	1003
2225	1003
2226	1003
2227	1003
2228	1003
2229	1003
2230	1003
2231	1003
2232	1003
2233	1003
2234	1003
2235	1003
2236	1003
2237	1003
2238	1003
2239	1003
2240	1003
2241	1004
2242	1004
2243	1006
2244	1006
2245	1006
2246	1006
2247	1006
2248	1006
2249	1006
2250	1006
2251	1007
2252	1007
2253	1007
2254	1007
2255	1007
2256	1007
2257	1007
2258	1007
2259	1007
2260	1008
2261	1008
2262	1008
2263	1008
2264	1008
2265	1008
2266	1008
2267	1008
2268	1008
2269	1008
2270	1008
2271	1008
2272	1008
2273	1008
2274	1008
2275	1008
2276	1010
2277	1010
2278	1010
2279	1010
2280	1010
2281	1010
2282	1010
2283	1010
2284	1011
2285	1011
2286	1011
2287	1011
2288	1011
2289	1011
2290	1011
2291	1011
2292	1011
2293	1011
2294	1011
2295	1011
2296	1011
2297	1011
2298	1011
2299	1011
2300	1011
2301	1011
2302	1011
2303	1011
2304	1012
2305	1012
2306	1012
2307	1012
2308	1012
2309	1012
2310	1012
2311	1012
2312	1012
2313	1012
2314	1012
2315	1012
2316	1012
2317	1012
2318	1012
2319	1013
2320	1013
2321	1013
2322	1014
2323	1014
2324	1014
2325	1014
2326	1014
2327	1014
2328	1014
2329	1014
2330	1014
2331	1014
2332	1014
2333	1014
2334	1014
2335	1014
2336	1014
2337	1014
2338	1014
2339	1014
2340	1014
2341	1014
2342	1014
2343	1015
2344	1015
2345	1015
2346	1015
2347	1016
2348	1016
2349	1016
2350	1016
2351	1016
2352	1016
2353	1016
2354	1016
2355	1016
2356	1016
2357	1016
2358	1016
2359	1016
2360	1016
2361	1016
2362	1016
2363	1016
2364	1016
2365	1016
2366	1017
2367	1017
2368	1017
2369	1017
2370	1018
2371	1018
2372	1018
2373	1018
2374	1018
2375	1018
2376	1018
2377	1018
2378	1018
2379	1018
2380	1018
2381	1018
2382	1018
2383	1018
2384	1018
2385	1018
2386	1018
2387	1018
2388	1018
2389	1018
2390	1018
2391	1018
2392	1018
2393	1018
2394	1019
2395	1019
2396	1019
2397	1019
2398	1019
2399	1019
2400	1019
2401	1019
2402	1019
2403	1019
2404	1019
2405	1019
2406	1019
2407	1020
2408	1020
2409	1020
2410	1020
2411	1020
2412	1020
2413	1020
2414	1020
2415	1021
2416	1022
2417	1022
2418	1022
2419	1022
2420	1023
2421	1023
2422	1023
2423	1023
2424	1023
2425	1023
2426	1023
2427	1023
2428	1023
2429	1023
2430	1024
2431	1024
2432	1024
2433	1024
2434	1024
2435	1024
2436	1025
2437	1025
2438	1025
2439	1025
2440	1025
2441	1025
2442	1025
2443	1026
2444	1026
2445	1026
2446	1026
2447	1026
2448	1026
2449	1026
2450	1026
2451	1026
2452	1026
2453	1026
2454	1026
2455	1026
2456	1026
2457	1026
2458	1026
2459	1026
2460	1026
2461	1026
2462	1026
2463	1026
2464	1026
2465	1026
2466	1027
2467	1027
2468	1027
2469	1027
2470	1027
2471	1027
2472	1027
2473	1027
2474	1027
2475	1027
2476	1027
2477	1027
2478	1027
2479	1028
2480	1029
2481	1029
2482	1029
2483	1030
2484	1030
2485	1030
2486	1030
2487	1030
2488	1030
2489	1030
2490	1030
2491	1030
2492	1031
2493	1031
2494	1031
2495	1031
2496	1031
2497	1031
2498	1031
2499	1031
2500	1031
2501	1031
2502	1031
2503	1031
2504	1031
2505	1031
2506	1031
2507	1031
2508	1031
2509	1031
2510	1031
2511	1031
2512	1031
2513	1031
2514	1031
2515	1031
2516	1031
2517	1031
2518	1031
2519	1031
2520	1031
2521	1031
2522	1031
2523	1032
2524	1032
2525	1033
2526	1033
2527	1033
2528	1033
2529	1033
2530	1033
2531	1033
2532	1033
2533	1033
2534	1033
2535	1033
2536	1033
2537	1033
2538	1033
2539	1033
2540	1033
2541	1033
2542	1033
2543	1033
2544	1033
2545	1033
2546	1034
2547	1034
2548	1034
2549	1034
2550	1034
2551	1034
2552	1034
2553	1034
2554	1034
2555	1034
2556	1034
2557	1034
2558	1034
2559	1034
2560	1034
2561	1034
2562	1034
2563	1034
2564	1034
2565	1034
2566	1034
2567	1034
2568	1034
2569	1034
2570	1034
2571	1035
2572	1035
2573	1035
2574	1035
2575	1035
2576	1035
2577	1035
2578	1035
2579	1036
2580	1036
2581	1036
2582	1036
2583	1037
2584	1037
2585	1037
2586	1037
2587	1037
2588	1038
2589	1038
2590	1038
2591	1038
2592	1038
2593	1038
2594	1038
2595	1038
2596	1038
2597	1038
2598	1038
2599	1038
2600	1038
2601	1038
2602	1038
2603	1038
2604	1038
2605	1038
2606	1038
2607	1038
2608	1038
2609	1038
2610	1038
2611	1038
2612	1038
2613	1038
2614	1038
2615	1038
2616	1038
2617	1038
2618	1038
2619	1038
2620	1038
2621	1038
2622	1038
2623	1038
2624	1038
2625	1038
2626	1038
2627	1038
2628	1038
2629	1039
2630	1039
2631	1040
2632	1040
2633	1040
2634	1040
2635	1040
2636	1040
2637	1040
2638	1040
2639	1040
2640	1040
2641	1040
2642	1040
2643	1040
2644	1041
2645	1041
2646	1041
2647	1041
2648	1041
2649	1041
2650	1041
2651	1041
2652	1041
2653	1041
2654	1041
2655	1041
2656	1041
2657	1041
2658	1041
2659	1041
2660	1041
2661	1041
2662	1041
2663	1041
2664	1041
2665	1041
2666	1041
2667	1041
2668	1041
2669	1041
2670	1041
2671	1041
2672	1041
2673	1041
2674	1041
2675	1041
2676	1041
2677	1041
2678	1041
2679	1042
2680	1042
2681	1043
2682	1043
2683	1043
2684	1043
2685	1043
2686	1043
2687	1043
2688	1043
2689	1043
2690	1044
2691	1044
2692	1044
2693	1044
2694	1044
2695	1044
2696	1044
2697	1045
2698	1045
2699	1045
2700	1045
2701	1045
2702	1045
2703	1045
2704	1045
2705	1045
2706	1045
2707	1045
2708	1045
2709	1045
2710	1046
2711	1046
2712	1046
2713	1046
2714	1046
2715	1047
2716	1047
2717	1047
2718	1047
2719	1047
2720	1047
2721	1047
2722	1047
2723	1047
2724	1047
2725	1047
2726	1047
2727	1047
2728	1047
2729	1047
2730	1047
2731	1047
2732	1048
2733	1048
2734	1048
2735	1048
2736	1048
2737	1048
2738	1048
2739	1048
2740	1048
2741	1048
2742	1048
2743	1048
2744	1049
2745	1049
2746	1049
2747	1049
2748	1049
2749	1049
2750	1050
2751	1050
2752	1050
2753	1050
2754	1050
2755	1050
2756	1050
2757	1050
2758	1050
2759	1050
2760	1050
2761	1050
2762	1050
2763	1050
2764	1050
2765	1050
2766	1050
2767	1050
2768	1050
2769	1050
2770	1050
2771	1050
2772	1050
2773	1050
2774	1051
2775	1051
2776	1051
2777	1051
2778	1051
2779	1051
2780	1051
2781	1051
2782	1051
2783	1051
2784	1051
2785	1051
2786	1051
2787	1051
2788	1051
2789	1052
2790	1052
2791	1052
2792	1052
2793	1052
2794	1052
2795	1052
2796	1052
2797	1052
2798	1052
2799	1052
2800	1052
2801	1052
2802	1052
2803	1052
2804	1052
2805	1052
2806	1052
2807	1053
2808	1053
2809	1054
2810	1054
2811	1054
2812	1054
2813	1054
2814	1054
2815	1054
2816	1054
2817	1054
2818	1054
2819	1054
2820	1054
2821	1054
2822	1054
2823	1055
2824	1055
2825	1055
2826	1055
2827	1055
2828	1055
2829	1055
2830	1055
2831	1055
2832	1055
2833	1055
2834	1055
2835	1055
2836	1055
2837	1055
2838	1055
2839	1055
2840	1055
2841	1055
2842	1055
2843	1055
2844	1056
2845	1056
2846	1056
2847	1056
2848	1056
2849	1056
2850	1056
2851	1056
2852	1056
2853	1056
2854	1056
2855	1056
2856	1056
2857	1056
2858	1056
2859	1056
2860	1056
2861	1056
2862	1056
2863	1056
2864	1056
2865	1056
2866	1056
2867	1056
2868	1056
2869	1056
2870	1058
2871	1058
2872	1058
2873	1058
2874	1059
2875	1059
2876	1059
2877	1059
2878	1059
2879	1059
2880	1059
2881	1059
2882	1059
2883	1059
2884	1059
2885	1059
2886	1059
2887	1059
2888	1059
2889	1059
2890	1059
2891	1059
2892	1059
2893	1059
2894	1059
2895	1059
2896	1059
2897	1059
2898	1059
2899	1059
2900	1059
2901	1059
2902	1059
2903	1059
2904	1059
2905	1059
2906	1059
2907	1059
2908	1059
2909	1060
2910	1060
2911	1060
2912	1060
2913	1060
2914	1060
2915	1060
2916	1060
2917	1060
2918	1060
2919	1060
2920	1060
2921	1061
2922	1061
2923	1061
2924	1061
2925	1061
2926	1061
2927	1061
2928	1061
2929	1061
2930	1061
2931	1061
2932	1061
2933	1061
2934	1061
2935	1062
2936	1062
2937	1062
2938	1062
2939	1062
2940	1062
2941	1062
2942	1062
2943	1062
2944	1062
2945	1062
2946	1062
2947	1062
2948	1062
2949	1062
2950	1062
2951	1062
2952	1062
2953	1062
2954	1062
2955	1062
2956	1062
2957	1063
2958	1063
2959	1063
2960	1063
2961	1063
2962	1063
2963	1063
2964	1063
2965	1063
2966	1063
2967	1063
2968	1063
2969	1063
2970	1063
2971	1063
2972	1063
2973	1063
2974	1063
2975	1063
2976	1063
2977	1063
2978	1063
2979	1063
2980	1063
2981	1063
2982	1063
2983	1063
2984	1063
2985	1063
2986	1063
2987	1064
2988	1064
2989	1064
2990	1064
2991	1064
2992	1064
2993	1064
2994	1064
2995	1065
2996	1065
2997	1065
2998	1065
2999	1065
3000	1065
3001	1065
3002	1065
3003	1065
3004	1065
3005	1065
3006	1065
3007	1065
3008	1065
3009	1065
3010	1065
3011	1065
3012	1065
3013	1065
3014	1065
3015	1065
3016	1065
3017	1065
3018	1065
3019	1065
3020	1065
3021	1066
3022	1066
3023	1066
3024	1066
3025	1066
3026	1066
3027	1066
3028	1066
3029	1066
3030	1066
3031	1066
3032	1066
3033	1066
3034	1066
3035	1066
3036	1066
3037	1066
3038	1066
3039	1066
3040	1066
3041	1066
3042	1066
3043	1066
3044	1066
3045	1066
3046	1066
3047	1066
3048	1066
3049	1066
3050	1067
3051	1067
3052	1067
3053	1067
3054	1067
3055	1067
3056	1067
3057	1067
3058	1067
3059	1067
3060	1067
3061	1067
3062	1067
3063	1067
3064	1067
3065	1067
3066	1067
3067	1067
3068	1067
3069	1067
3070	1067
3071	1067
3072	1067
3073	1067
3074	1067
3075	1067
3076	1067
3077	1067
3078	1067
3079	1067
3080	1067
3081	1067
3082	1067
3083	1067
3084	1067
3085	1067
3086	1067
3087	1067
3088	1067
3089	1067
3090	1067
3091	1067
3092	1067
3093	1067
3094	1067
3095	1067
3096	1067
3097	1067
3098	1067
3099	1067
3100	1067
3101	1067
3102	1067
3103	1067
3104	1067
3105	1067
3106	1067
3107	1067
3108	1067
3109	1067
3110	1067
3111	1067
3112	1067
3113	1067
3114	1067
3115	1068
3116	1068
3117	1068
3118	1069
3119	1069
3120	1069
3121	1069
3122	1069
3123	1069
3124	1069
3125	1069
3126	1069
3127	1069
3128	1069
3129	1069
3130	1069
3131	1069
3132	1069
3133	1069
3134	1069
3135	1069
3136	1069
3137	1069
3138	1069
3139	1069
3140	1069
3141	1069
3142	1069
3143	1069
3144	1070
3145	1070
3146	1070
3147	1070
3148	1070
3149	1070
3150	1070
3151	1070
3152	1070
3153	1070
3154	1070
3155	1070
3156	1070
3157	1070
3158	1070
3159	1070
3160	1070
3161	1070
3162	1070
3163	1070
3164	1070
3165	1070
3166	1071
3167	1071
3168	1071
3169	1071
3170	1071
3171	1071
3172	1071
3173	1071
3174	1071
3175	1071
3176	1071
3177	1071
3178	1071
3179	1071
3180	1071
3181	1071
3182	1071
3183	1071
3184	1071
3185	1072
3186	1072
3187	1072
3188	1072
3189	1072
3190	1072
3191	1072
3192	1072
3193	1072
3194	1072
3195	1072
3196	1072
3197	1072
3198	1072
3199	1072
3200	1072
3201	1072
3202	1072
3203	1072
3204	1072
3205	1073
3206	1073
3207	1073
3208	1073
3209	1073
3210	1073
3211	1073
3212	1073
3213	1073
3214	1073
3215	1073
3216	1073
3217	1073
3218	1073
3219	1073
3220	1073
3221	1073
3222	1073
3223	1074
3224	1074
3225	1074
3226	1074
3227	1074
3228	1074
3229	1074
3230	1074
3231	1074
3232	1074
3233	1075
3234	1075
3235	1075
3236	1075
3237	1075
3238	1075
3239	1076
3240	1076
3241	1076
3242	1076
3243	1076
3244	1076
3245	1076
3246	1076
3247	1076
3248	1076
3249	1076
3250	1076
3251	1076
3252	1076
3253	1077
3254	1077
3255	1077
3256	1077
3257	1077
3258	1077
3259	1077
3260	1077
3261	1077
3262	1077
3263	1077
3264	1077
3265	1077
3266	1077
3267	1077
3268	1077
3269	1077
3270	1077
3271	1077
3272	1077
3273	1077
3274	1077
3275	1077
3276	1077
3277	1077
3278	1077
3279	1077
3280	1077
3281	1077
3282	1077
3283	1077
3284	1077
3285	1077
3286	1077
3287	1077
3288	1077
3289	1077
3290	1077
3291	1077
3292	1077
3293	1077
3294	1077
3295	1077
3296	1077
3297	1077
3298	1077
3299	1077
3300	1077
3301	1077
3302	1077
3303	1077
3304	1077
3305	1077
3306	1077
3307	1077
3308	1077
3309	1077
3310	1078
3311	1078
3312	1078
3313	1078
3314	1078
3315	1078
3316	1078
3317	1078
3318	1078
3319	1078
3320	1078
3321	1078
3322	1078
3323	1078
3324	1078
3325	1078
3326	1078
3327	1078
3328	1078
3329	1078
3330	1078
3331	1078
3332	1078
3333	1078
3334	1078
3335	1078
3336	1078
3337	1078
3338	1078
3339	1079
3340	1079
3341	1079
3342	1079
3343	1079
3344	1079
3345	1080
3346	1080
3347	1080
3348	1080
3349	1080
3350	1080
3351	1080
3352	1080
3353	1080
3354	1080
3355	1080
3356	1080
3357	1080
3358	1080
3359	1080
3360	1081
3361	1081
3362	1081
3363	1081
3364	1081
3365	1081
3366	1081
3367	1081
3368	1081
3369	1081
3370	1081
3371	1081
3372	1081
3373	1081
3374	1081
3375	1081
3376	1081
3377	1081
3378	1081
3379	1081
3380	1081
3381	1081
3382	1081
3383	1081
3384	1081
3385	1081
3386	1081
3387	1081
3388	1081
3389	1081
3390	1081
3391	1081
3392	1081
3393	1081
3394	1081
3395	1081
3396	1081
3397	1081
3398	1081
3399	1081
3400	1081
3401	1081
3402	1081
3403	1081
3404	1081
3405	1081
3406	1081
3407	1081
3408	1081
3409	1081
3410	1081
3411	1081
3412	1081
3413	1081
3414	1081
3415	1081
3416	1081
3417	1081
3418	1081
3419	1081
3420	1081
3421	1081
3422	1081
3423	1081
3424	1081
3425	1081
3426	1081
3427	1081
3428	1082
3429	1082
3430	1082
3431	1083
3432	1083
3433	1083
3434	1083
3435	1083
3436	1083
3437	1083
3438	1083
3439	1083
3440	1083
3441	1083
3442	1083
3443	1083
3444	1083
3445	1083
3446	1083
3447	1083
3448	1083
3449	1084
3450	1084
3451	1084
3452	1084
3453	1084
3454	1084
3455	1084
3456	1084
3457	1084
3458	1084
3459	1084
3460	1084
3461	1084
3462	1084
3463	1084
3464	1084
3465	1084
3466	1084
3467	1084
3468	1084
3469	1084
3470	1084
3471	1084
3472	1084
3473	1084
3474	1084
3475	1084
3476	1084
3477	1084
3478	1084
3479	1084
3480	1084
3481	1084
3482	1084
3483	1084
3484	1085
3485	1085
3486	1085
3487	1085
3488	1085
3489	1085
3490	1085
3491	1085
3492	1085
3493	1085
3494	1085
3495	1085
3496	1086
3497	1086
3498	1086
3499	1086
3500	1086
3501	1086
3502	1086
3503	1086
3504	1086
3505	1087
3506	1087
3507	1087
3508	1088
3509	1089
3510	1089
3511	1089
3512	1089
3513	1089
3514	1089
3515	1089
3516	1089
3517	1089
3518	1089
3519	1089
3520	1089
3521	1089
3522	1089
3523	1089
3524	1089
3525	1089
3526	1089
3527	1089
3528	1089
3529	1089
3530	1089
3531	1089
3532	1089
3533	1089
3534	1089
3535	1089
3536	1089
3537	1089
3538	1089
3539	1089
3540	1089
3541	1089
3542	1089
3543	1089
3544	1089
3545	1089
3546	1089
3547	1089
3548	1089
3549	1089
3550	1089
3551	1089
3552	1089
3553	1089
3554	1089
3555	1089
3556	1089
3557	1089
3558	1089
3559	1089
3560	1089
3561	1089
3562	1089
3563	1089
3564	1089
3565	1089
3566	1089
3567	1089
3568	1089
3569	1089
3570	1089
3571	1089
3572	1089
3573	1089
3574	1089
3575	1089
3576	1089
3577	1089
3578	1089
3579	1089
3580	1089
3581	1089
3582	1089
3583	1089
3584	1089
3585	1089
3586	1089
3587	1089
3588	1089
3589	1089
3590	1089
3591	1089
3592	1089
3593	1089
3594	1089
3595	1089
3596	1089
3597	1089
3598	1089
3599	1089
3600	1089
3601	1089
3602	1089
3603	1089
3604	1089
3605	1089
3606	1089
3607	1089
3608	1089
3609	1089
3610	1089
3611	1089
3612	1089
3613	1089
3614	1089
3615	1089
3616	1089
3617	1089
3618	1089
3619	1089
3620	1089
3621	1089
3622	1089
3623	1089
3624	1089
3625	1089
3626	1089
3627	1089
3628	1089
3629	1089
3630	1089
3631	1090
3632	1090
3633	1090
3634	1090
3635	1090
3636	1090
3637	1090
3638	1090
3639	1090
3640	1090
3641	1090
3642	1090
3643	1090
3644	1090
3645	1090
3646	1090
3647	1090
3648	1090
3649	1090
3650	1090
3651	1090
3652	1090
3653	1090
3654	1090
3655	1090
3656	1090
3657	1090
3658	1090
3659	1090
3660	1090
3661	1090
3662	1090
3663	1090
3664	1090
3665	1090
3666	1090
3667	1090
3668	1090
3669	1090
3670	1091
3671	1091
3672	1091
3673	1091
3674	1091
3675	1091
3676	1091
3677	1091
3678	1091
3679	1091
3680	1091
3681	1091
3682	1091
3683	1091
3684	1091
3685	1091
3686	1092
3687	1093
3688	1093
3689	1093
3690	1093
3691	1093
3692	1093
3693	1093
3694	1093
3695	1093
3696	1093
3697	1093
3698	1093
3699	1093
3700	1093
3701	1093
3702	1093
3703	1093
3704	1094
3705	1094
3706	1094
3707	1094
3708	1094
3709	1094
3710	1094
3711	1094
3712	1094
3713	1094
3714	1094
3715	1094
3716	1094
3717	1094
3718	1094
3719	1094
3720	1094
3721	1094
3722	1094
3723	1094
3724	1094
3725	1094
3726	1094
3727	1094
3728	1094
3729	1094
3730	1094
3731	1094
3732	1094
3733	1094
3734	1094
3735	1094
3736	1094
3737	1094
3738	1094
3739	1094
3740	1094
3741	1094
3742	1094
3743	1094
3744	1094
3745	1094
3746	1094
3747	1094
3748	1094
3749	1094
3750	1094
3751	1094
3752	1094
3753	1094
3754	1094
3755	1094
3756	1094
3757	1094
3758	1094
3759	1094
3760	1094
3761	1094
3762	1094
3763	1094
3764	1094
3765	1094
3766	1094
3767	1094
3768	1095
3769	1095
3770	1095
3771	1095
3772	1095
3773	1095
3774	1095
3775	1095
3776	1095
3777	1095
3778	1095
3779	1095
3780	1095
3781	1095
3782	1095
3783	1095
3784	1095
3785	1095
3786	1095
3787	1095
3788	1095
3789	1095
3790	1095
3791	1095
3792	1095
3793	1095
3794	1095
3795	1095
3796	1095
3797	1096
3798	1096
3799	1096
3800	1097
3801	1098
3802	1098
3803	1098
3804	1098
3805	1098
3806	1098
3807	1098
3808	1098
3809	1099
3810	1099
3811	1099
3812	1099
3813	1100
3814	1100
3815	1100
3816	1100
3817	1100
3818	1100
3819	1100
3820	1100
3821	1100
3822	1100
3823	1101
3824	1101
3825	1101
3826	1101
3827	1101
3828	1101
3829	1101
3830	1101
3831	1101
3832	1101
3833	1101
3834	1101
3835	1101
3836	1101
3837	1101
3838	1101
3839	1101
3840	1101
3841	1101
3842	1102
3843	1102
3844	1103
3845	1103
3846	1103
3847	1103
3848	1103
3849	1103
3850	1103
3851	1103
3852	1103
3853	1103
3854	1103
3855	1103
3856	1103
3857	1103
3858	1103
3859	1103
3860	1103
3861	1103
3862	1103
3863	1103
3864	1103
3865	1103
3866	1103
3867	1103
3868	1103
3869	1103
3870	1103
3871	1103
3872	1103
3873	1103
3874	1103
3875	1104
3876	1104
3877	1104
3878	1104
3879	1104
3880	1104
3881	1104
3882	1104
3883	1104
3884	1104
3885	1104
3886	1104
3887	1104
3888	1104
3889	1104
3890	1104
3891	1104
3892	1104
3893	1104
3894	1104
3895	1104
3896	1104
3897	1105
3898	1105
3899	1105
3900	1105
3901	1105
3902	1105
3903	1105
3904	1105
3905	1105
3906	1105
3907	1105
3908	1105
3909	1105
3910	1105
3911	1105
3912	1105
3913	1105
3914	1105
3915	1105
3916	1105
3917	1105
3918	1105
3919	1105
3920	1105
3921	1105
3922	1105
3923	1105
3924	1105
3925	1105
3926	1105
3927	1105
3928	1105
3929	1105
3930	1105
3931	1105
3932	1105
3933	1105
3934	1105
3935	1105
3936	1106
3937	1106
3938	1106
3939	1106
3940	1106
3941	1106
3942	1106
3943	1106
3944	1106
3945	1106
3946	1106
3947	1106
3948	1106
3949	1106
3950	1106
3951	1106
3952	1107
3953	1107
3954	1107
3955	1107
3956	1107
3957	1107
3958	1107
3959	1107
3960	1107
3961	1107
3962	1107
3963	1107
3964	1107
3965	1107
3966	1107
3967	1107
3968	1107
3969	1107
3970	1107
3971	1107
3972	1107
3973	1107
3974	1107
3975	1107
3976	1107
3977	1107
3978	1107
3979	1107
3980	1107
3981	1108
3982	1108
3983	1108
3984	1108
3985	1108
3986	1108
3987	1108
3988	1108
3989	1108
3990	1108
3991	1108
3992	1108
3993	1108
3994	1108
3995	1108
3996	1108
3997	1108
3998	1108
3999	1108
4000	1108
4001	1108
4002	1108
4003	1108
4004	1108
4005	1108
4006	1108
4007	1108
4008	1108
4009	1108
4010	1108
4011	1108
4012	1108
4013	1108
4014	1108
4015	1108
4016	1108
4017	1108
4018	1108
4019	1108
4020	1108
4021	1108
4022	1108
4023	1108
4024	1108
4025	1108
4026	1108
4027	1108
4028	1108
4029	1108
4030	1108
4031	1108
4032	1108
4033	1108
4034	1108
4035	1108
4036	1108
4037	1108
4038	1108
4039	1108
4040	1108
4041	1108
4042	1108
4043	1108
4044	1108
4045	1108
4046	1108
4047	1108
4048	1108
4049	1108
4050	1108
4051	1108
4052	1108
4053	1108
4054	1108
4055	1108
4056	1109
4057	1109
4058	1109
4059	1109
4060	1109
4061	1109
4062	1109
4063	1109
4064	1109
4065	1109
4066	1109
4067	1109
4068	1109
4069	1109
4070	1109
4071	1109
4072	1109
4073	1109
4074	1109
4075	1109
4076	1109
4077	1109
4078	1109
4079	1109
4080	1109
4081	1109
4082	1109
4083	1109
4084	1109
4085	1109
4086	1109
4087	1109
4088	1109
4089	1109
4090	1109
4091	1109
4092	1109
4093	1109
4094	1109
4095	1109
4096	1109
4097	1109
4098	1109
4099	1109
4100	1109
4101	1109
4102	1109
4103	1109
4104	1110
4105	1110
4106	1110
4107	1110
4108	1110
4109	1110
4110	1110
4111	1110
4112	1110
4113	1110
4114	1110
4115	1110
4116	1110
4117	1110
4118	1110
4119	1110
4120	1110
4121	1110
4122	1110
4123	1110
4124	1110
4125	1110
4126	1110
4127	1110
4128	1110
4129	1110
4130	1110
4131	1110
4132	1110
4133	1110
4134	1110
4135	1110
4136	1110
4137	1110
4138	1111
4139	1112
4140	1112
4141	1112
4142	1112
4143	1112
4144	1112
4145	1112
4146	1112
4147	1112
4148	1112
4149	1112
4150	1112
4151	1112
4152	1112
4153	1112
4154	1112
4155	1112
4156	1112
4157	1112
4158	1112
4159	1112
4160	1112
4161	1112
4162	1112
4163	1112
4164	1112
4165	1112
4166	1112
4167	1112
4168	1112
4169	1112
4170	1112
4171	1112
4172	1112
4173	1112
4174	1112
4175	1112
4176	1112
4177	1112
4178	1112
4179	1112
4180	1112
4181	1112
4182	1112
4183	1112
4184	1112
4185	1112
4186	1112
4187	1112
4188	1112
4189	1112
4190	1112
4191	1113
4192	1113
4193	1113
4194	1113
4195	1113
4196	1113
4197	1113
4198	1113
4199	1113
4200	1113
4201	1114
4202	1114
4203	1114
4204	1114
4205	1114
4206	1114
4207	1114
4208	1114
4209	1114
4210	1114
4211	1114
4212	1114
4213	1114
4214	1114
4215	1114
4216	1114
4217	1114
4218	1114
4219	1114
4220	1114
4221	1114
4222	1114
4223	1114
4224	1114
4225	1114
4226	1114
4227	1114
4228	1114
4229	1114
4230	1114
4231	1115
4232	1115
4233	1115
4234	1115
4235	1115
4236	1115
4237	1116
4238	1116
4239	1116
4240	1116
4241	1116
4242	1116
4243	1116
4244	1116
4245	1116
4246	1116
4247	1116
4248	1116
4249	1116
4250	1117
4251	1117
4252	1117
4253	1117
4254	1117
4255	1117
4256	1117
4257	1117
4258	1117
4259	1117
4260	1117
4261	1117
4262	1117
4263	1117
4264	1117
4265	1117
4266	1117
4267	1117
4268	1117
4269	1117
4270	1117
4271	1117
4272	1117
4273	1117
4274	1117
4275	1117
4276	1117
4277	1117
4278	1117
4279	1117
4280	1117
4281	1117
4282	1117
4283	1117
4284	1117
4285	1117
4286	1117
4287	1117
4288	1117
4289	1117
4290	1117
4291	1117
4292	1117
4293	1117
4294	1117
4295	1118
4296	1118
4297	1118
4298	1118
4299	1118
4300	1118
4301	1118
4302	1118
4303	1118
4304	1118
4305	1118
4306	1118
4307	1118
4308	1118
4309	1118
4310	1118
4311	1119
4312	1119
4313	1119
4314	1119
4315	1119
4316	1119
4317	1119
4318	1120
4319	1120
4320	1120
4321	1120
4322	1120
4323	1120
4324	1120
4325	1120
4326	1120
4327	1120
4328	1120
4329	1120
4330	1120
4331	1120
4332	1120
4333	1120
4334	1120
4335	1120
4336	1120
4337	1120
4338	1120
4339	1120
4340	1120
4341	1120
4342	1120
4343	1120
4344	1120
4345	1120
4346	1120
4347	1120
4348	1120
4349	1120
4350	1120
4351	1120
4352	1120
4353	1120
4354	1120
4355	1120
4356	1121
4357	1121
4358	1121
4359	1121
4360	1121
4361	1121
4362	1121
4363	1121
4364	1121
4365	1121
4366	1121
4367	1121
4368	1121
4369	1121
4370	1121
4371	1121
4372	1121
4373	1121
4374	1121
4375	1121
4376	1121
4377	1121
4378	1121
4379	1121
4380	1121
4381	1121
4382	1121
4383	1121
4384	1121
4385	1121
4386	1121
4387	1121
4388	1121
4389	1121
4390	1121
4391	1121
4392	1121
4393	1121
4394	1121
4395	1121
4396	1121
4397	1121
4398	1121
4399	1121
4400	1121
4401	1121
4402	1121
4403	1121
4404	1121
4405	1121
4406	1121
4407	1121
4408	1121
4409	1121
4410	1121
4411	1121
4412	1121
4413	1121
4414	1121
4415	1121
4416	1121
4417	1121
4418	1121
4419	1121
4420	1121
4421	1122
4422	1122
4423	1122
4424	1122
4425	1122
4426	1122
4427	1123
4428	1123
4429	1123
4430	1123
4431	1123
4432	1123
4433	1123
4434	1123
4435	1124
4436	1124
4437	1124
4438	1124
4439	1124
4440	1124
4441	1124
4442	1124
4443	1124
4444	1124
4445	1124
4446	1124
4447	1124
4448	1124
4449	1124
4450	1124
4451	1124
4452	1124
4453	1124
4454	1124
4455	1124
4456	1124
4457	1124
4458	1124
4459	1124
4460	1124
4461	1124
4462	1124
4463	1124
4464	1124
4465	1124
4466	1124
4467	1124
4468	1124
4469	1124
4470	1124
4471	1124
4472	1124
4473	1124
4474	1124
4475	1124
4476	1124
4477	1124
4478	1124
4479	1124
4480	1124
4481	1124
4482	1125
4483	1125
4484	1125
4485	1125
4486	1125
4487	1125
4488	1125
4489	1125
4490	1126
4491	1126
4492	1126
4493	1126
4494	1126
4495	1126
4496	1126
4497	1126
4498	1126
4499	1126
4500	1126
4501	1126
4502	1126
4503	1126
4504	1126
4505	1126
4506	1126
4507	1126
4508	1126
4509	1126
4510	1126
4511	1126
4512	1126
4513	1126
4514	1126
4515	1126
4516	1126
4517	1126
4518	1126
4519	1126
4520	1126
4521	1126
4522	1126
4523	1126
4524	1126
4525	1126
4526	1126
4527	1126
4528	1126
4529	1126
4530	1126
4531	1126
4532	1126
4533	1126
4534	1126
4535	1126
4536	1126
4537	1126
4538	1126
4539	1126
4540	1126
4541	1126
4542	1126
4543	1126
4544	1126
4545	1126
4546	1126
4547	1126
4548	1126
4549	1126
4550	1126
4551	1126
4552	1126
4553	1126
4554	1126
4555	1126
4556	1126
4557	1126
4558	1126
4559	1126
4560	1126
4561	1126
4562	1126
4563	1126
4564	1127
4565	1127
4566	1127
4567	1127
4568	1127
4569	1127
4570	1127
4571	1127
4572	1127
4573	1127
4574	1127
4575	1127
4576	1127
4577	1127
4578	1127
4579	1127
4580	1127
4581	1127
4582	1127
4583	1127
4584	1128
4585	1128
4586	1128
4587	1128
4588	1128
4589	1128
4590	1128
4591	1128
4592	1128
4593	1128
4594	1128
4595	1128
4596	1128
4597	1128
4598	1129
4599	1129
4600	1129
4601	1129
4602	1129
4603	1129
4604	1129
4605	1129
4606	1129
4607	1129
4608	1129
4609	1129
4610	1129
4611	1129
4612	1129
4613	1129
4614	1129
4615	1129
4616	1129
4617	1129
4618	1129
4619	1129
4620	1129
4621	1129
4622	1129
4623	1129
4624	1129
4625	1129
4626	1129
4627	1129
4628	1129
4629	1129
4630	1129
4631	1129
4632	1129
4633	1129
4634	1129
4635	1129
4636	1129
4637	1129
4638	1129
4639	1129
4640	1130
4641	1130
4642	1130
4643	1130
4644	1130
4645	1131
4646	1131
4647	1131
4648	1131
4649	1131
4650	1131
4651	1131
4652	1131
4653	1131
4654	1131
4655	1131
4656	1131
4657	1131
4658	1131
4659	1131
4660	1131
4661	1131
4662	1131
4663	1131
4664	1131
4665	1131
4666	1131
4667	1131
4668	1131
4669	1131
4670	1131
4671	1131
4672	1131
4673	1131
4674	1131
4675	1131
4676	1131
4677	1131
4678	1131
4679	1131
4680	1131
4681	1131
4682	1131
4683	1131
4684	1131
4685	1131
4686	1131
4687	1131
4688	1131
4689	1131
4690	1131
4691	1131
4692	1131
4693	1131
4694	1131
4695	1131
4696	1131
4697	1131
4698	1131
4699	1131
4700	1131
4701	1131
4702	1132
4703	1132
4704	1132
4705	1132
4706	1132
4707	1132
4708	1132
4709	1132
4710	1132
4711	1133
4712	1133
4713	1133
4714	1133
4715	1133
4716	1133
4717	1133
4718	1133
4719	1133
4720	1133
4721	1133
4722	1133
4723	1133
4724	1133
4725	1133
4726	1133
4727	1133
4728	1133
4729	1133
4730	1133
4731	1133
4732	1133
4733	1133
4734	1133
4735	1133
4736	1133
4737	1133
4738	1133
4739	1133
4740	1133
4741	1133
4742	1133
4743	1133
4744	1133
4745	1133
4746	1133
4747	1133
4748	1133
4749	1133
4750	1133
4751	1133
4752	1133
4753	1133
4754	1133
4755	1133
4756	1133
4757	1133
4758	1133
4759	1133
4760	1133
4761	1133
4762	1133
4763	1133
4764	1133
4765	1133
4766	1133
4767	1133
4768	1133
4769	1133
4770	1133
4771	1133
4772	1133
4773	1133
4774	1133
4775	1133
4776	1134
4777	1134
4778	1134
4779	1134
4780	1134
4781	1134
4782	1134
4783	1134
4784	1134
4785	1134
4786	1134
4787	1134
4788	1134
4789	1134
4790	1134
4791	1134
4792	1134
4793	1134
4794	1134
4795	1134
4796	1134
4797	1134
4798	1134
4799	1134
4800	1134
4801	1134
4802	1134
4803	1134
4804	1134
4805	1134
4806	1134
4807	1134
4808	1134
4809	1134
4810	1134
4811	1134
4812	1134
4813	1134
4814	1134
4815	1134
4816	1134
4817	1134
4818	1134
4819	1134
4820	1134
4821	1135
4822	1135
4823	1135
4824	1135
4825	1135
4826	1135
4827	1135
4828	1135
4829	1135
4830	1135
4831	1135
4832	1135
4833	1135
4834	1135
4835	1135
4836	1135
4837	1135
4838	1135
4839	1135
4840	1135
4841	1135
4842	1135
4843	1135
4844	1135
4845	1135
4846	1135
4847	1135
4848	1135
4849	1135
4850	1135
4851	1135
4852	1135
4853	1135
4854	1135
4855	1135
4856	1135
4857	1135
4858	1135
4859	1135
4860	1135
4861	1135
4862	1135
4863	1135
4864	1135
4865	1135
4866	1135
4867	1135
4868	1135
4869	1135
4870	1135
4871	1135
4872	1135
4873	1135
4874	1135
4875	1135
4876	1135
4877	1135
4878	1135
4879	1135
4880	1135
4881	1135
4882	1135
4883	1135
4884	1135
4885	1135
4886	1135
4887	1135
4888	1135
4889	1135
4890	1135
4891	1135
4892	1135
4893	1135
4894	1135
4895	1135
4896	1135
4897	1135
4898	1135
4899	1135
4900	1135
4901	1135
4902	1135
4903	1135
4904	1135
4905	1135
4906	1135
4907	1135
4908	1135
4909	1135
4910	1135
4911	1135
4912	1135
4913	1135
4914	1135
4915	1135
4916	1135
4917	1135
4918	1135
4919	1135
4920	1135
4921	1135
4922	1135
4923	1135
4924	1135
4925	1135
4926	1135
4927	1135
4928	1135
4929	1135
4930	1135
4931	1135
4932	1135
4933	1135
4934	1135
4935	1135
4936	1135
4937	1135
4938	1135
4939	1135
4940	1135
4941	1135
4942	1135
4943	1135
4944	1135
4945	1135
4946	1135
4947	1135
4948	1135
4949	1135
4950	1135
4951	1135
4952	1136
4953	1136
4954	1136
4955	1136
4956	1136
4957	1136
4958	1136
4959	1136
4960	1136
4961	1136
4962	1136
4963	1136
4964	1136
4965	1136
4966	1136
4967	1136
4968	1136
4969	1136
4970	1136
4971	1136
4972	1136
4973	1136
4974	1136
4975	1136
4976	1136
4977	1136
4978	1136
4979	1136
4980	1136
4981	1136
4982	1136
4983	1136
4984	1136
4985	1136
4986	1136
4987	1136
4988	1136
4989	1136
4990	1136
4991	1136
4992	1136
4993	1137
4994	1137
4995	1137
4996	1137
4997	1137
4998	1138
4999	1138

