0	0
1	0
2	0
3	0
4	0
5	0
6	0
7	0
8	0
9	0
10	0
11	0
12	0
13	0
14	0
15	0
16	0
17	0
18	0
19	0
20	0
21	0
22	0
23	0
24	0
25	0
26	0
27	0
28	0
29	0
30	0
31	0
32	0
33	0
34	0
35	0
36	0
37	0
38	0
39	0
40	0
41	0
42	0
43	0
44	0
45	0
46	0
47	0
48	0
49	0
50	0
51	0
52	0
53	0
54	0
55	0
56	0
57	0
58	0
59	0
60	0
61	0
62	0
63	0
64	0
65	0
66	0
67	0
68	0
69	0
70	0
71	0
72	0
73	0
74	0
75	0
76	0
77	0
78	0
79	0
80	0
81	0
82	0
83	0
84	0
85	0
86	1
87	1
88	1
89	1
90	1
91	1
92	1
93	1
94	1
95	1
96	1
97	1
98	1
99	2
100	2
101	3
102	4
103	5
104	5
105	5
106	5
107	5
108	6
109	6
110	6
111	7
112	9
113	9
114	9
115	10
116	11
117	11
118	13
119	13
120	13
121	14
122	15
123	16
124	17
125	20
126	20
127	20
128	21
129	23
130	24
131	25
132	27
133	27
134	27
135	27
136	29
137	30
138	30
139	31
140	31
141	32
142	33
143	33
144	35
145	38
146	39
147	41
148	42
149	42
150	43
151	44
152	46
153	47
154	48
155	51
156	53
157	53
158	54
159	54
160	54
161	55
162	55
163	55
164	56
165	57
166	59
167	62
168	66
169	67
170	71
171	73
172	74
173	77
174	79
175	80
176	81
177	82
178	82
179	86
180	87
181	90
182	90
183	93
184	95
185	99
186	101
187	103
188	106
189	109
190	109
191	109
192	109
193	109
194	114
195	115
196	117
197	118
198	118
199	121
200	122
201	123
202	124
203	126
204	128
205	130
206	130
207	134
208	135
209	138
210	140
211	144
212	144
213	146
214	146
215	148
216	149
217	150
218	152
219	155
220	156
221	156
222	157
223	161
224	162
225	162
226	166
227	168
228	169
229	170
230	172
231	176
232	176
233	178
234	180
235	181
236	182
237	182
238	184
239	185
240	186
241	187
242	187
243	188
244	189
245	193
246	195
247	198
248	198
249	199
250	201
251	202
252	205
253	207
254	207
255	207
256	209
257	210
258	213
259	213
260	214
261	217
262	220
263	220
264	222
265	222
266	222
267	223
268	227
269	228
270	229
271	232
272	233
273	236
274	238
275	238
276	239
277	243
278	244
279	248
280	251
281	253
282	253
283	255
284	255
285	255
286	255
287	255
288	255
289	255
290	256
291	257
292	257
293	261
294	261
295	264
296	265
297	266
298	267
299	269
300	269
301	271
302	271
303	272
304	275
305	277
306	280
307	280
308	280
309	281
310	284
311	287
312	291
313	293
314	293
315	296
316	298
317	299
318	300
319	300
320	302
321	302
322	302
323	302
324	304
325	306
326	306
327	308
328	308
329	309
330	310
331	313
332	316
333	317
334	317
335	318
336	318
337	318
338	320
339	320
340	322
341	322
342	323
343	323
344	325
345	326
346	326
347	328
348	329
349	330
350	332
351	333
352	335
353	335
354	335
355	336
356	339
357	341
358	341
359	344
360	345
361	349
362	349
363	350
364	350
365	350
366	351
367	351
368	352
369	352
370	352
371	352
372	353
373	353
374	354
375	355
376	356
377	356
378	358
379	358
380	358
381	359
382	359
383	359
384	360
385	361
386	362
387	363
388	365
389	366
390	367
391	368
392	368
393	369
394	369
395	371
396	373
397	373
398	374
399	374
400	374
401	375
402	376
403	377
404	378
405	380
406	380
407	380
408	381
409	382
410	384
411	385
412	389
413	392
414	392
415	392
416	395
417	396
418	396
419	397
420	398
421	398
422	400
423	402
424	403
425	404
426	404
427	405
428	405
429	405
430	405
431	405
432	407
433	407
434	407
435	407
436	408
437	409
438	410
439	412
440	414
441	414
442	414
443	416
444	416
445	418
446	418
447	418
448	419
449	420
450	420
451	420
452	422
453	423
454	424
455	425
456	426
457	427
458	427
459	428
460	428
461	429
462	430
463	431
464	431
465	431
466	431
467	431
468	433
469	433
470	433
471	434
472	435
473	436
474	436
475	439
476	439
477	440
478	441
479	442
480	442
481	445
482	445
483	448
484	449
485	449
486	449
487	451
488	452
489	454
490	454
491	455
492	457
493	458
494	458
495	458
496	459
497	460
498	463
499	463
500	465
501	465
502	465
503	467
504	467
505	467
506	468
507	469
508	469
509	470
510	470
511	471
512	472
513	472
514	473
515	475
516	476
517	476
518	478
519	479
520	479
521	481
522	482
523	482
524	484
525	484
526	484
527	485
528	485
529	485
530	485
531	486
532	486
533	486
534	486
535	486
536	486
537	487
538	489
539	490
540	491
541	492
542	493
543	493
544	493
545	495
546	497
547	501
548	502
549	502
550	502
551	503
552	503
553	503
554	504
555	504
556	505
557	506
558	506
559	507
560	508
561	508
562	508
563	509
564	510
565	510
566	510
567	512
568	513
569	514
570	514
571	514
572	514
573	515
574	516
575	516
576	517
577	518
578	518
579	518
580	518
581	518
582	518
583	519
584	519
585	519
586	521
587	522
588	524
589	524
590	525
591	526
592	527
593	527
594	527
595	527
596	528
597	528
598	529
599	530
600	531
601	531
602	534
603	535
604	535
605	535
606	536
607	537
608	538
609	538
610	538
611	539
612	539
613	540
614	540
615	540
616	542
617	543
618	544
619	546
620	547
621	548
622	550
623	550
624	550
625	550
626	552
627	552
628	554
629	555
630	556
631	559
632	560
633	560
634	562
635	562
636	564
637	564
638	565
639	565
640	565
641	566
642	566
643	566
644	567
645	567
646	567
647	567
648	567
649	568
650	569
651	570
652	571
653	571
654	571
655	572
656	573
657	574
658	574
659	574
660	574
661	574
662	575
663	575
664	577
665	579
666	579
667	579
668	579
669	579
670	579
671	581
672	581
673	582
674	582
675	582
676	582
677	583
678	583
679	583
680	583
681	583
682	583
683	584
684	586
685	586
686	587
687	588
688	588
689	589
690	589
691	590
692	591
693	592
694	592
695	592
696	592
697	592
698	593
699	593
700	593
701	594
702	594
703	595
704	595
705	596
706	596
707	596
708	596
709	596
710	597
711	597
712	598
713	599
714	600
715	600
716	600
717	600
718	601
719	602
720	602
721	604
722	606
723	606
724	606
725	606
726	607
727	607
728	607
729	608
730	609
731	610
732	612
733	612
734	613
735	614
736	614
737	615
738	615
739	617
740	617
741	617
742	618
743	618
744	618
745	619
746	620
747	621
748	623
749	623
750	625
751	626
752	627
753	628
754	629
755	630
756	630
757	630
758	631
759	631
760	631
761	631
762	633
763	634
764	635
765	636
766	636
767	638
768	638
769	639
770	642
771	642
772	642
773	642
774	643
775	644
776	645
777	647
778	647
779	647
780	647
781	647
782	648
783	648
784	648
785	649
786	649
787	649
788	649
789	650
790	651
791	651
792	652
793	654
794	654
795	654
796	654
797	654
798	655
799	655
800	655
801	657
802	658
803	658
804	659
805	659
806	660
807	661
808	661
809	661
810	662
811	662
812	662
813	664
814	665
815	665
816	665
817	665
818	666
819	666
820	667
821	667
822	669
823	670
824	671
825	671
826	671
827	671
828	672
829	673
830	673
831	674
832	674
833	674
834	675
835	675
836	675
837	675
838	675
839	675
840	676
841	676
842	676
843	676
844	676
845	676
846	676
847	678
848	678
849	678
850	678
851	680
852	680
853	680
854	680
855	680
856	680
857	680
858	680
859	680
860	680
861	681
862	683
863	685
864	686
865	686
866	687
867	687
868	688
869	688
870	689
871	689
872	690
873	691
874	692
875	692
876	692
877	693
878	693
879	693
880	694
881	696
882	696
883	696
884	696
885	696
886	696
887	697
888	697
889	698
890	698
891	698
892	698
893	698
894	698
895	700
896	700
897	700
898	700
899	700
900	701
901	701
902	701
903	701
904	701
905	701
906	702
907	704
908	704
909	704
910	704
911	705
912	708
913	708
914	710
915	710
916	712
917	712
918	712
919	714
920	714
921	714
922	716
923	717
924	717
925	718
926	718
927	718
928	718
929	718
930	718
931	719
932	719
933	720
934	721
935	721
936	721
937	721
938	721
939	722
940	722
941	723
942	725
943	725
944	727
945	727
946	727
947	727
948	727
949	727
950	727
951	728
952	728
953	728
954	728
955	729
956	729
957	729
958	730
959	730
960	731
961	732
962	732
963	733
964	733
965	733
966	733
967	733
968	733
969	734
970	735
971	735
972	735
973	735
974	735
975	735
976	735
977	735
978	735
979	736
980	737
981	737
982	737
983	739
984	739
985	739
986	739
987	740
988	741
989	742
990	742
991	743
992	743
993	744
994	745
995	745
996	745
997	745
998	745
999	745
1000	745
1001	746
1002	746
1003	746
1004	746
1005	746
1006	747
1007	747
1008	747
1009	749
1010	749
1011	750
1012	750
1013	751
1014	751
1015	751
1016	752
1017	752
1018	752
1019	752
1020	753
1021	754
1022	756
1023	756
1024	756
1025	756
1026	756
1027	756
1028	756
1029	757
1030	758
1031	758
1032	759
1033	759
1034	759
1035	759
1036	759
1037	759
1038	759
1039	760
1040	761
1041	761
1042	761
1043	761
1044	762
1045	762
1046	762
1047	762
1048	762
1049	762
1050	762
1051	762
1052	763
1053	763
1054	763
1055	763
1056	763
1057	764
1058	764
1059	765
1060	765
1061	765
1062	765
1063	766
1064	767
1065	768
1066	768
1067	768
1068	769
1069	770
1070	770
1071	770
1072	771
1073	771
1074	772
1075	772
1076	772
1077	772
1078	773
1079	773
1080	773
1081	774
1082	774
1083	775
1084	775
1085	775
1086	775
1087	775
1088	775
1089	775
1090	775
1091	775
1092	776
1093	777
1094	777
1095	778
1096	779
1097	779
1098	780
1099	780
1100	780
1101	780
1102	780
1103	781
1104	781
1105	781
1106	781
1107	782
1108	782
1109	782
1110	782
1111	782
1112	784
1113	784
1114	784
1115	784
1116	784
1117	785
1118	786
1119	787
1120	787
1121	787
1122	787
1123	788
1124	788
1125	789
1126	790
1127	790
1128	791
1129	791
1130	791
1131	791
1132	791
1133	791
1134	792
1135	793
1136	793
1137	793
1138	793
1139	793
1140	793
1141	794
1142	794
1143	794
1144	796
1145	796
1146	796
1147	797
1148	798
1149	798
1150	799
1151	800
1152	800
1153	801
1154	802
1155	803
1156	803
1157	803
1158	804
1159	805
1160	805
1161	806
1162	806
1163	807
1164	807
1165	807
1166	807
1167	807
1168	808
1169	809
1170	809
1171	809
1172	809
1173	809
1174	810
1175	810
1176	811
1177	812
1178	813
1179	813
1180	813
1181	813
1182	813
1183	813
1184	814
1185	814
1186	814
1187	814
1188	814
1189	815
1190	815
1191	816
1192	816
1193	818
1194	819
1195	819
1196	819
1197	819
1198	819
1199	819
1200	819
1201	819
1202	819
1203	819
1204	819
1205	819
1206	819
1207	819
1208	820
1209	820
1210	820
1211	821
1212	821
1213	821
1214	822
1215	822
1216	822
1217	823
1218	823
1219	824
1220	824
1221	824
1222	824
1223	824
1224	824
1225	825
1226	825
1227	825
1228	825
1229	825
1230	825
1231	827
1232	827
1233	827
1234	828
1235	828
1236	828
1237	828
1238	828
1239	829
1240	829
1241	829
1242	830
1243	831
1244	831
1245	831
1246	831
1247	831
1248	831
1249	831
1250	831
1251	831
1252	831
1253	832
1254	833
1255	833
1256	833
1257	834
1258	834
1259	835
1260	835
1261	835
1262	836
1263	836
1264	836
1265	836
1266	837
1267	838
1268	838
1269	838
1270	839
1271	839
1272	839
1273	840
1274	840
1275	840
1276	840
1277	840
1278	841
1279	843
1280	843
1281	843
1282	843
1283	843
1284	843
1285	843
1286	844
1287	845
1288	845
1289	845
1290	845
1291	846
1292	847
1293	848
1294	848
1295	849
1296	850
1297	850
1298	850
1299	850
1300	851
1301	851
1302	851
1303	851
1304	851
1305	853
1306	853
1307	853
1308	853
1309	853
1310	853
1311	853
1312	853
1313	853
1314	853
1315	853
1316	853
1317	853
1318	853
1319	854
1320	854
1321	855
1322	855
1323	855
1324	855
1325	855
1326	856
1327	856
1328	856
1329	856
1330	856
1331	857
1332	857
1333	857
1334	857
1335	857
1336	858
1337	858
1338	858
1339	859
1340	859
1341	859
1342	859
1343	859
1344	859
1345	859
1346	860
1347	861
1348	862
1349	862
1350	862
1351	862
1352	862
1353	863
1354	864
1355	864
1356	864
1357	864
1358	864
1359	864
1360	864
1361	864
1362	864
1363	864
1364	865
1365	865
1366	865
1367	865
1368	866
1369	866
1370	866
1371	866
1372	866
1373	867
1374	868
1375	868
1376	868
1377	868
1378	869
1379	869
1380	869
1381	869
1382	869
1383	872
1384	872
1385	872
1386	872
1387	873
1388	873
1389	873
1390	874
1391	876
1392	876
1393	876
1394	876
1395	876
1396	876
1397	876
1398	877
1399	877
1400	877
1401	877
1402	877
1403	878
1404	878
1405	878
1406	879
1407	879
1408	879
1409	879
1410	879
1411	879
1412	879
1413	879
1414	879
1415	879
1416	879
1417	879
1418	879
1419	879
1420	881
1421	882
1422	883
1423	883
1424	883
1425	883
1426	884
1427	884
1428	884
1429	884
1430	884
1431	885
1432	886
1433	886
1434	886
1435	887
1436	887
1437	887
1438	887
1439	887
1440	887
1441	888
1442	888
1443	888
1444	888
1445	888
1446	888
1447	888
1448	888
1449	888
1450	890
1451	890
1452	890
1453	890
1454	890
1455	891
1456	891
1457	891
1458	891
1459	891
1460	892
1461	893
1462	893
1463	893
1464	893
1465	893
1466	893
1467	893
1468	893
1469	893
1470	894
1471	894
1472	894
1473	895
1474	895
1475	895
1476	895
1477	896
1478	896
1479	896
1480	896
1481	896
1482	897
1483	897
1484	897
1485	897
1486	897
1487	897
1488	897
1489	897
1490	897
1491	897
1492	899
1493	899
1494	899
1495	899
1496	899
1497	899
1498	899
1499	899
1500	899
1501	899
1502	899
1503	899
1504	899
1505	899
1506	899
1507	899
1508	899
1509	899
1510	899
1511	899
1512	899
1513	900
1514	900
1515	900
1516	901
1517	901
1518	901
1519	901
1520	902
1521	902
1522	902
1523	902
1524	902
1525	902
1526	902
1527	903
1528	905
1529	907
1530	908
1531	908
1532	908
1533	908
1534	909
1535	909
1536	909
1537	909
1538	909
1539	909
1540	909
1541	910
1542	910
1543	910
1544	910
1545	910
1546	910
1547	910
1548	911
1549	911
1550	911
1551	911
1552	911
1553	911
1554	912
1555	912
1556	912
1557	912
1558	912
1559	912
1560	912
1561	912
1562	912
1563	912
1564	912
1565	912
1566	914
1567	914
1568	915
1569	915
1570	915
1571	915
1572	915
1573	917
1574	917
1575	917
1576	917
1577	917
1578	917
1579	917
1580	918
1581	919
1582	919
1583	919
1584	919
1585	919
1586	919
1587	919
1588	919
1589	919
1590	919
1591	919
1592	919
1593	919
1594	919
1595	919
1596	919
1597	919
1598	919
1599	919
1600	919
1601	919
1602	920
1603	920
1604	920
1605	920
1606	920
1607	920
1608	920
1609	920
1610	920
1611	920
1612	920
1613	920
1614	920
1615	920
1616	921
1617	922
1618	922
1619	922
1620	922
1621	922
1622	922
1623	922
1624	922
1625	922
1626	922
1627	922
1628	924
1629	924
1630	924
1631	924
1632	924
1633	925
1634	925
1635	925
1636	927
1637	927
1638	928
1639	928
1640	928
1641	928
1642	928
1643	928
1644	928
1645	928
1646	928
1647	929
1648	930
1649	930
1650	930
1651	930
1652	930
1653	930
1654	930
1655	930
1656	930
1657	930
1658	931
1659	931
1660	931
1661	932
1662	932
1663	932
1664	932
1665	932
1666	932
1667	932
1668	932
1669	933
1670	933
1671	933
1672	933
1673	933
1674	933
1675	934
1676	934
1677	934
1678	934
1679	934
1680	934
1681	934
1682	934
1683	934
1684	934
1685	934
1686	934
1687	934
1688	934
1689	934
1690	935
1691	936
1692	936
1693	936
1694	936
1695	937
1696	937
1697	937
1698	937
1699	938
1700	938
1701	938
1702	938
1703	938
1704	939
1705	939
1706	939
1707	939
1708	939
1709	939
1710	939
1711	939
1712	940
1713	940
1714	940
1715	940
1716	940
1717	940
1718	941
1719	941
1720	941
1721	941
1722	941
1723	942
1724	942
1725	942
1726	942
1727	942
1728	942
1729	942
1730	942
1731	942
1732	945
1733	945
1734	945
1735	945
1736	945
1737	945
1738	946
1739	946
1740	947
1741	949
1742	949
1743	949
1744	949
1745	949
1746	949
1747	949
1748	949
1749	949
1750	949
1751	949
1752	949
1753	949
1754	949
1755	949
1756	950
1757	950
1758	950
1759	950
1760	950
1761	951
1762	951
1763	952
1764	952
1765	952
1766	952
1767	952
1768	952
1769	952
1770	952
1771	952
1772	952
1773	952
1774	952
1775	952
1776	953
1777	953
1778	953
1779	953
1780	953
1781	953
1782	953
1783	953
1784	953
1785	953
1786	953
1787	953
1788	953
1789	954
1790	954
1791	954
1792	954
1793	954
1794	954
1795	954
1796	954
1797	954
1798	954
1799	954
1800	954
1801	954
1802	954
1803	954
1804	954
1805	954
1806	954
1807	954
1808	954
1809	954
1810	954
1811	954
1812	954
1813	954
1814	954
1815	956
1816	956
1817	956
1818	956
1819	956
1820	956
1821	956
1822	956
1823	956
1824	956
1825	957
1826	957
1827	957
1828	957
1829	958
1830	958
1831	958
1832	959
1833	960
1834	960
1835	960
1836	960
1837	960
1838	960
1839	960
1840	960
1841	960
1842	960
1843	960
1844	960
1845	960
1846	960
1847	960
1848	960
1849	961
1850	961
1851	961
1852	961
1853	961
1854	961
1855	961
1856	961
1857	961
1858	961
1859	961
1860	961
1861	961
1862	961
1863	962
1864	962
1865	962
1866	962
1867	962
1868	962
1869	963
1870	963
1871	963
1872	963
1873	963
1874	964
1875	964
1876	965
1877	965
1878	965
1879	965
1880	965
1881	965
1882	965
1883	966
1884	966
1885	967
1886	967
1887	967
1888	967
1889	967
1890	967
1891	967
1892	967
1893	967
1894	967
1895	967
1896	967
1897	967
1898	968
1899	968
1900	968
1901	968
1902	968
1903	968
1904	968
1905	968
1906	968
1907	969
1908	969
1909	969
1910	969
1911	969
1912	969
1913	969
1914	969
1915	969
1916	969
1917	969
1918	970
1919	970
1920	970
1921	970
1922	970
1923	970
1924	971
1925	971
1926	971
1927	971
1928	971
1929	972
1930	973
1931	973
1932	973
1933	973
1934	974
1935	974
1936	974
1937	974
1938	974
1939	974
1940	974
1941	974
1942	974
1943	975
1944	975
1945	975
1946	975
1947	975
1948	975
1949	975
1950	975
1951	975
1952	976
1953	976
1954	976
1955	976
1956	976
1957	976
1958	976
1959	976
1960	977
1961	978
1962	978
1963	978
1964	978
1965	978
1966	978
1967	978
1968	978
1969	978
1970	978
1971	978
1972	978
1973	978
1974	978
1975	978
1976	978
1977	978
1978	978
1979	978
1980	979
1981	979
1982	979
1983	981
1984	981
1985	981
1986	981
1987	981
1988	981
1989	981
1990	981
1991	981
1992	981
1993	981
1994	981
1995	981
1996	981
1997	981
1998	981
1999	981
2000	981
2001	981
2002	981
2003	981
2004	981
2005	981
2006	981
2007	982
2008	982
2009	982
2010	983
2011	983
2012	984
2013	984
2014	984
2015	984
2016	984
2017	985
2018	985
2019	986
2020	986
2021	986
2022	987
2023	987
2024	987
2025	988
2026	989
2027	989
2028	989
2029	989
2030	989
2031	989
2032	989
2033	989
2034	989
2035	989
2036	989
2037	989
2038	989
2039	989
2040	989
2041	989
2042	989
2043	989
2044	989
2045	990
2046	991
2047	991
2048	991
2049	991
2050	991
2051	991
2052	991
2053	991
2054	991
2055	991
2056	991
2057	992
2058	992
2059	992
2060	992
2061	992
2062	992
2063	992
2064	992
2065	992
2066	992
2067	992
2068	992
2069	993
2070	993
2071	993
2072	993
2073	993
2074	994
2075	994
2076	994
2077	994
2078	994
2079	994
2080	994
2081	994
2082	994
2083	994
2084	994
2085	994
2086	994
2087	994
2088	994
2089	994
2090	994
2091	994
2092	996
2093	996
2094	996
2095	996
2096	996
2097	996
2098	996
2099	996
2100	996
2101	996
2102	996
2103	996
2104	997
2105	997
2106	997
2107	997
2108	997
2109	997
2110	997
2111	997
2112	997
2113	997
2114	997
2115	999
2116	999
2117	999
2118	999
2119	999
2120	999
2121	999
2122	999
2123	999
2124	999
2125	1000
2126	1000
2127	1000
2128	1000
2129	1001
2130	1001
2131	1002
2132	1002
2133	1002
2134	1002
2135	1002
2136	1002
2137	1002
2138	1002
2139	1002
2140	1003
2141	1003
2142	1003
2143	1003
2144	1003
2145	1004
2146	1004
2147	1004
2148	1004
2149	1004
2150	1004
2151	1004
2152	1004
2153	1004
2154	1004
2155	1004
2156	1004
2157	1005
2158	1005
2159	1005
2160	1005
2161	1005
2162	1005
2163	1005
2164	1005
2165	1005
2166	1005
2167	1005
2168	1005
2169	1005
2170	1005
2171	1005
2172	1005
2173	1005
2174	1005
2175	1005
2176	1005
2177	1005
2178	1005
2179	1005
2180	1005
2181	1005
2182	1005
2183	1006
2184	1006
2185	1006
2186	1006
2187	1006
2188	1006
2189	1006
2190	1006
2191	1006
2192	1006
2193	1006
2194	1006
2195	1006
2196	1006
2197	1006
2198	1006
2199	1006
2200	1006
2201	1006
2202	1006
2203	1006
2204	1006
2205	1006
2206	1006
2207	1006
2208	1007
2209	1007
2210	1007
2211	1007
2212	1007
2213	1007
2214	1007
2215	1007
2216	1007
2217	1008
2218	1008
2219	1008
2220	1008
2221	1008
2222	1008
2223	1008
2224	1009
2225	1009
2226	1009
2227	1009
2228	1009
2229	1009
2230	1009
2231	1010
2232	1010
2233	1010
2234	1010
2235	1011
2236	1011
2237	1013
2238	1013
2239	1013
2240	1013
2241	1013
2242	1013
2243	1013
2244	1013
2245	1013
2246	1013
2247	1013
2248	1013
2249	1013
2250	1013
2251	1013
2252	1013
2253	1013
2254	1013
2255	1013
2256	1013
2257	1013
2258	1013
2259	1013
2260	1013
2261	1013
2262	1013
2263	1014
2264	1014
2265	1015
2266	1015
2267	1015
2268	1015
2269	1015
2270	1015
2271	1015
2272	1015
2273	1015
2274	1015
2275	1015
2276	1015
2277	1015
2278	1015
2279	1016
2280	1016
2281	1016
2282	1016
2283	1016
2284	1016
2285	1016
2286	1016
2287	1016
2288	1016
2289	1016
2290	1016
2291	1016
2292	1017
2293	1017
2294	1017
2295	1017
2296	1018
2297	1018
2298	1018
2299	1018
2300	1018
2301	1018
2302	1018
2303	1018
2304	1018
2305	1018
2306	1018
2307	1019
2308	1019
2309	1019
2310	1019
2311	1019
2312	1019
2313	1019
2314	1019
2315	1019
2316	1019
2317	1020
2318	1020
2319	1020
2320	1020
2321	1020
2322	1020
2323	1020
2324	1020
2325	1021
2326	1021
2327	1021
2328	1021
2329	1021
2330	1021
2331	1021
2332	1021
2333	1021
2334	1021
2335	1021
2336	1021
2337	1021
2338	1021
2339	1021
2340	1021
2341	1021
2342	1021
2343	1021
2344	1021
2345	1021
2346	1021
2347	1021
2348	1021
2349	1021
2350	1022
2351	1022
2352	1022
2353	1022
2354	1022
2355	1022
2356	1022
2357	1022
2358	1022
2359	1022
2360	1022
2361	1022
2362	1022
2363	1022
2364	1022
2365	1022
2366	1022
2367	1022
2368	1022
2369	1022
2370	1022
2371	1022
2372	1022
2373	1023
2374	1023
2375	1023
2376	1023
2377	1023
2378	1023
2379	1023
2380	1023
2381	1023
2382	1023
2383	1023
2384	1023
2385	1024
2386	1024
2387	1024
2388	1024
2389	1024
2390	1024
2391	1024
2392	1025
2393	1025
2394	1025
2395	1025
2396	1025
2397	1025
2398	1025
2399	1025
2400	1025
2401	1025
2402	1025
2403	1025
2404	1025
2405	1025
2406	1025
2407	1025
2408	1025
2409	1025
2410	1025
2411	1025
2412	1025
2413	1025
2414	1025
2415	1025
2416	1025
2417	1025
2418	1025
2419	1025
2420	1025
2421	1025
2422	1025
2423	1026
2424	1026
2425	1026
2426	1026
2427	1026
2428	1026
2429	1026
2430	1026
2431	1026
2432	1026
2433	1027
2434	1027
2435	1027
2436	1027
2437	1027
2438	1027
2439	1027
2440	1027
2441	1027
2442	1028
2443	1028
2444	1028
2445	1028
2446	1028
2447	1028
2448	1028
2449	1029
2450	1029
2451	1029
2452	1029
2453	1029
2454	1029
2455	1029
2456	1029
2457	1030
2458	1030
2459	1030
2460	1030
2461	1030
2462	1030
2463	1030
2464	1030
2465	1030
2466	1031
2467	1031
2468	1031
2469	1031
2470	1031
2471	1031
2472	1031
2473	1031
2474	1032
2475	1032
2476	1032
2477	1033
2478	1033
2479	1033
2480	1033
2481	1033
2482	1033
2483	1033
2484	1034
2485	1034
2486	1034
2487	1034
2488	1034
2489	1034
2490	1034
2491	1034
2492	1034
2493	1034
2494	1034
2495	1034
2496	1034
2497	1034
2498	1034
2499	1035
2500	1035
2501	1035
2502	1035
2503	1035
2504	1035
2505	1035
2506	1035
2507	1035
2508	1035
2509	1036
2510	1036
2511	1036
2512	1036
2513	1036
2514	1036
2515	1036
2516	1036
2517	1036
2518	1036
2519	1036
2520	1036
2521	1036
2522	1036
2523	1036
2524	1036
2525	1036
2526	1036
2527	1036
2528	1036
2529	1036
2530	1036
2531	1036
2532	1036
2533	1036
2534	1036
2535	1036
2536	1036
2537	1036
2538	1037
2539	1037
2540	1037
2541	1037
2542	1037
2543	1037
2544	1037
2545	1037
2546	1038
2547	1038
2548	1038
2549	1038
2550	1038
2551	1038
2552	1038
2553	1038
2554	1038
2555	1038
2556	1038
2557	1038
2558	1038
2559	1038
2560	1038
2561	1038
2562	1038
2563	1038
2564	1038
2565	1038
2566	1038
2567	1038
2568	1038
2569	1038
2570	1038
2571	1038
2572	1038
2573	1038
2574	1038
2575	1038
2576	1038
2577	1038
2578	1038
2579	1038
2580	1038
2581	1038
2582	1038
2583	1038
2584	1038
2585	1038
2586	1039
2587	1039
2588	1039
2589	1039
2590	1039
2591	1039
2592	1039
2593	1039
2594	1039
2595	1039
2596	1039
2597	1039
2598	1039
2599	1039
2600	1039
2601	1039
2602	1039
2603	1039
2604	1039
2605	1039
2606	1039
2607	1040
2608	1040
2609	1040
2610	1040
2611	1040
2612	1041
2613	1041
2614	1041
2615	1042
2616	1043
2617	1043
2618	1043
2619	1043
2620	1044
2621	1044
2622	1044
2623	1044
2624	1044
2625	1044
2626	1045
2627	1046
2628	1046
2629	1047
2630	1047
2631	1047
2632	1047
2633	1047
2634	1047
2635	1048
2636	1048
2637	1048
2638	1048
2639	1048
2640	1048
2641	1048
2642	1048
2643	1048
2644	1048
2645	1048
2646	1048
2647	1048
2648	1048
2649	1048
2650	1048
2651	1049
2652	1049
2653	1049
2654	1049
2655	1049
2656	1049
2657	1049
2658	1049
2659	1049
2660	1049
2661	1049
2662	1049
2663	1049
2664	1049
2665	1049
2666	1049
2667	1049
2668	1049
2669	1049
2670	1049
2671	1049
2672	1049
2673	1049
2674	1049
2675	1049
2676	1050
2677	1050
2678	1050
2679	1050
2680	1050
2681	1050
2682	1050
2683	1051
2684	1051
2685	1052
2686	1052
2687	1052
2688	1052
2689	1052
2690	1052
2691	1052
2692	1052
2693	1052
2694	1052
2695	1052
2696	1053
2697	1053
2698	1053
2699	1053
2700	1053
2701	1053
2702	1053
2703	1053
2704	1053
2705	1053
2706	1053
2707	1053
2708	1053
2709	1053
2710	1053
2711	1053
2712	1053
2713	1053
2714	1053
2715	1053
2716	1053
2717	1053
2718	1053
2719	1053
2720	1053
2721	1053
2722	1053
2723	1053
2724	1053
2725	1053
2726	1054
2727	1054
2728	1054
2729	1054
2730	1054
2731	1054
2732	1055
2733	1055
2734	1055
2735	1055
2736	1055
2737	1055
2738	1055
2739	1056
2740	1056
2741	1056
2742	1056
2743	1056
2744	1057
2745	1057
2746	1057
2747	1057
2748	1057
2749	1057
2750	1058
2751	1058
2752	1058
2753	1058
2754	1058
2755	1058
2756	1058
2757	1058
2758	1058
2759	1058
2760	1058
2761	1058
2762	1058
2763	1058
2764	1058
2765	1058
2766	1058
2767	1058
2768	1058
2769	1058
2770	1058
2771	1058
2772	1058
2773	1058
2774	1058
2775	1058
2776	1058
2777	1058
2778	1058
2779	1058
2780	1058
2781	1058
2782	1058
2783	1058
2784	1058
2785	1058
2786	1058
2787	1058
2788	1058
2789	1058
2790	1058
2791	1058
2792	1058
2793	1058
2794	1058
2795	1058
2796	1058
2797	1058
2798	1058
2799	1058
2800	1058
2801	1058
2802	1058
2803	1058
2804	1058
2805	1059
2806	1059
2807	1059
2808	1059
2809	1059
2810	1059
2811	1059
2812	1059
2813	1059
2814	1059
2815	1059
2816	1059
2817	1059
2818	1059
2819	1060
2820	1060
2821	1060
2822	1060
2823	1060
2824	1060
2825	1060
2826	1060
2827	1060
2828	1060
2829	1060
2830	1060
2831	1060
2832	1060
2833	1060
2834	1061
2835	1061
2836	1061
2837	1061
2838	1061
2839	1061
2840	1061
2841	1061
2842	1061
2843	1061
2844	1061
2845	1061
2846	1061
2847	1062
2848	1062
2849	1062
2850	1062
2851	1062
2852	1062
2853	1063
2854	1063
2855	1063
2856	1063
2857	1063
2858	1063
2859	1063
2860	1063
2861	1063
2862	1063
2863	1063
2864	1063
2865	1063
2866	1063
2867	1063
2868	1064
2869	1064
2870	1064
2871	1064
2872	1064
2873	1064
2874	1064
2875	1064
2876	1064
2877	1065
2878	1065
2879	1065
2880	1065
2881	1065
2882	1065
2883	1065
2884	1065
2885	1065
2886	1065
2887	1065
2888	1065
2889	1065
2890	1065
2891	1065
2892	1065
2893	1065
2894	1065
2895	1065
2896	1065
2897	1065
2898	1065
2899	1065
2900	1065
2901	1065
2902	1065
2903	1065
2904	1065
2905	1065
2906	1065
2907	1065
2908	1065
2909	1065
2910	1065
2911	1065
2912	1065
2913	1065
2914	1065
2915	1065
2916	1065
2917	1065
2918	1065
2919	1065
2920	1065
2921	1066
2922	1066
2923	1066
2924	1066
2925	1066
2926	1066
2927	1066
2928	1066
2929	1066
2930	1066
2931	1066
2932	1066
2933	1066
2934	1066
2935	1066
2936	1066
2937	1066
2938	1066
2939	1066
2940	1066
2941	1066
2942	1066
2943	1066
2944	1066
2945	1067
2946	1067
2947	1067
2948	1069
2949	1069
2950	1069
2951	1069
2952	1069
2953	1069
2954	1069
2955	1069
2956	1070
2957	1070
2958	1070
2959	1070
2960	1070
2961	1070
2962	1070
2963	1070
2964	1070
2965	1070
2966	1070
2967	1070
2968	1070
2969	1070
2970	1071
2971	1071
2972	1071
2973	1071
2974	1071
2975	1072
2976	1072
2977	1072
2978	1072
2979	1073
2980	1073
2981	1073
2982	1073
2983	1073
2984	1073
2985	1073
2986	1073
2987	1073
2988	1073
2989	1073
2990	1073
2991	1074
2992	1074
2993	1074
2994	1074
2995	1074
2996	1074
2997	1074
2998	1075
2999	1075
3000	1075
3001	1075
3002	1076
3003	1076
3004	1076
3005	1076
3006	1076
3007	1076
3008	1076
3009	1076
3010	1076
3011	1076
3012	1076
3013	1076
3014	1076
3015	1076
3016	1076
3017	1076
3018	1076
3019	1076
3020	1076
3021	1076
3022	1076
3023	1076
3024	1076
3025	1076
3026	1076
3027	1076
3028	1076
3029	1076
3030	1076
3031	1076
3032	1076
3033	1076
3034	1076
3035	1076
3036	1076
3037	1076
3038	1076
3039	1076
3040	1076
3041	1076
3042	1076
3043	1076
3044	1076
3045	1076
3046	1076
3047	1076
3048	1076
3049	1076
3050	1076
3051	1076
3052	1076
3053	1076
3054	1077
3055	1077
3056	1077
3057	1077
3058	1077
3059	1077
3060	1077
3061	1077
3062	1077
3063	1077
3064	1077
3065	1077
3066	1077
3067	1077
3068	1077
3069	1077
3070	1077
3071	1077
3072	1077
3073	1077
3074	1077
3075	1077
3076	1077
3077	1078
3078	1078
3079	1078
3080	1080
3081	1080
3082	1080
3083	1080
3084	1080
3085	1080
3086	1080
3087	1080
3088	1080
3089	1080
3090	1080
3091	1080
3092	1080
3093	1080
3094	1080
3095	1081
3096	1081
3097	1081
3098	1081
3099	1081
3100	1081
3101	1081
3102	1081
3103	1081
3104	1081
3105	1081
3106	1081
3107	1081
3108	1081
3109	1081
3110	1081
3111	1081
3112	1081
3113	1082
3114	1082
3115	1082
3116	1082
3117	1082
3118	1082
3119	1082
3120	1082
3121	1082
3122	1082
3123	1082
3124	1082
3125	1082
3126	1082
3127	1082
3128	1082
3129	1082
3130	1082
3131	1082
3132	1082
3133	1082
3134	1082
3135	1082
3136	1082
3137	1082
3138	1082
3139	1082
3140	1082
3141	1082
3142	1082
3143	1083
3144	1083
3145	1083
3146	1083
3147	1083
3148	1083
3149	1083
3150	1083
3151	1083
3152	1083
3153	1083
3154	1083
3155	1083
3156	1083
3157	1083
3158	1083
3159	1083
3160	1083
3161	1083
3162	1083
3163	1083
3164	1083
3165	1083
3166	1083
3167	1083
3168	1083
3169	1083
3170	1083
3171	1083
3172	1083
3173	1083
3174	1083
3175	1083
3176	1083
3177	1083
3178	1083
3179	1083
3180	1083
3181	1083
3182	1083
3183	1083
3184	1083
3185	1083
3186	1083
3187	1083
3188	1083
3189	1083
3190	1083
3191	1083
3192	1083
3193	1083
3194	1083
3195	1083
3196	1083
3197	1083
3198	1083
3199	1083
3200	1083
3201	1083
3202	1083
3203	1083
3204	1083
3205	1083
3206	1083
3207	1083
3208	1083
3209	1083
3210	1083
3211	1083
3212	1083
3213	1083
3214	1083
3215	1083
3216	1084
3217	1084
3218	1084
3219	1084
3220	1084
3221	1084
3222	1085
3223	1085
3224	1085
3225	1085
3226	1085
3227	1085
3228	1085
3229	1085
3230	1085
3231	1085
3232	1085
3233	1085
3234	1085
3235	1085
3236	1085
3237	1085
3238	1085
3239	1085
3240	1085
3241	1085
3242	1085
3243	1085
3244	1085
3245	1085
3246	1085
3247	1085
3248	1085
3249	1085
3250	1085
3251	1085
3252	1085
3253	1085
3254	1085
3255	1085
3256	1085
3257	1085
3258	1085
3259	1085
3260	1085
3261	1085
3262	1085
3263	1085
3264	1085
3265	1085
3266	1085
3267	1085
3268	1085
3269	1085
3270	1085
3271	1085
3272	1085
3273	1085
3274	1085
3275	1085
3276	1086
3277	1086
3278	1086
3279	1086
3280	1086
3281	1086
3282	1086
3283	1086
3284	1086
3285	1086
3286	1086
3287	1086
3288	1086
3289	1086
3290	1086
3291	1086
3292	1086
3293	1086
3294	1086
3295	1086
3296	1086
3297	1086
3298	1086
3299	1086
3300	1086
3301	1086
3302	1086
3303	1086
3304	1086
3305	1086
3306	1086
3307	1086
3308	1086
3309	1086
3310	1086
3311	1086
3312	1086
3313	1086
3314	1086
3315	1086
3316	1086
3317	1086
3318	1086
3319	1086
3320	1086
3321	1086
3322	1086
3323	1086
3324	1086
3325	1086
3326	1087
3327	1087
3328	1087
3329	1087
3330	1087
3331	1087
3332	1087
3333	1087
3334	1087
3335	1087
3336	1087
3337	1087
3338	1087
3339	1087
3340	1087
3341	1087
3342	1087
3343	1087
3344	1088
3345	1088
3346	1088
3347	1088
3348	1088
3349	1088
3350	1088
3351	1088
3352	1088
3353	1088
3354	1088
3355	1088
3356	1088
3357	1088
3358	1088
3359	1088
3360	1088
3361	1088
3362	1088
3363	1088
3364	1088
3365	1088
3366	1088
3367	1088
3368	1088
3369	1088
3370	1088
3371	1088
3372	1088
3373	1088
3374	1088
3375	1088
3376	1088
3377	1088
3378	1088
3379	1088
3380	1088
3381	1088
3382	1088
3383	1088
3384	1088
3385	1088
3386	1088
3387	1088
3388	1088
3389	1088
3390	1088
3391	1088
3392	1088
3393	1088
3394	1088
3395	1088
3396	1088
3397	1088
3398	1088
3399	1088
3400	1088
3401	1088
3402	1088
3403	1088
3404	1088
3405	1088
3406	1088
3407	1088
3408	1088
3409	1088
3410	1088
3411	1088
3412	1088
3413	1088
3414	1088
3415	1088
3416	1088
3417	1088
3418	1088
3419	1088
3420	1088
3421	1088
3422	1088
3423	1088
3424	1088
3425	1088
3426	1088
3427	1089
3428	1089
3429	1089
3430	1089
3431	1089
3432	1089
3433	1089
3434	1089
3435	1089
3436	1089
3437	1089
3438	1089
3439	1089
3440	1089
3441	1089
3442	1090
3443	1090
3444	1090
3445	1090
3446	1090
3447	1090
3448	1090
3449	1090
3450	1090
3451	1090
3452	1090
3453	1090
3454	1090
3455	1090
3456	1090
3457	1090
3458	1090
3459	1090
3460	1090
3461	1090
3462	1090
3463	1090
3464	1090
3465	1090
3466	1090
3467	1090
3468	1090
3469	1090
3470	1090
3471	1090
3472	1090
3473	1090
3474	1090
3475	1090
3476	1090
3477	1090
3478	1090
3479	1090
3480	1090
3481	1090
3482	1090
3483	1090
3484	1090
3485	1090
3486	1090
3487	1090
3488	1090
3489	1090
3490	1090
3491	1090
3492	1090
3493	1090
3494	1090
3495	1090
3496	1090
3497	1090
3498	1090
3499	1090
3500	1090
3501	1090
3502	1090
3503	1090
3504	1090
3505	1090
3506	1090
3507	1090
3508	1090
3509	1090
3510	1090
3511	1090
3512	1090
3513	1090
3514	1090
3515	1090
3516	1090
3517	1090
3518	1090
3519	1090
3520	1090
3521	1090
3522	1091
3523	1091
3524	1091
3525	1091
3526	1092
3527	1092
3528	1092
3529	1092
3530	1092
3531	1092
3532	1092
3533	1092
3534	1092
3535	1092
3536	1092
3537	1093
3538	1093
3539	1093
3540	1093
3541	1093
3542	1093
3543	1093
3544	1093
3545	1093
3546	1093
3547	1093
3548	1093
3549	1093
3550	1093
3551	1093
3552	1093
3553	1093
3554	1093
3555	1093
3556	1093
3557	1093
3558	1093
3559	1093
3560	1093
3561	1093
3562	1093
3563	1093
3564	1093
3565	1093
3566	1093
3567	1093
3568	1093
3569	1093
3570	1093
3571	1093
3572	1093
3573	1093
3574	1093
3575	1093
3576	1093
3577	1093
3578	1093
3579	1093
3580	1094
3581	1094
3582	1094
3583	1094
3584	1094
3585	1094
3586	1095
3587	1095
3588	1095
3589	1095
3590	1095
3591	1095
3592	1095
3593	1095
3594	1095
3595	1095
3596	1095
3597	1095
3598	1095
3599	1095
3600	1095
3601	1095
3602	1095
3603	1095
3604	1095
3605	1095
3606	1095
3607	1095
3608	1095
3609	1095
3610	1095
3611	1096
3612	1096
3613	1096
3614	1097
3615	1097
3616	1097
3617	1097
3618	1098
3619	1098
3620	1098
3621	1098
3622	1098
3623	1098
3624	1098
3625	1098
3626	1098
3627	1098
3628	1098
3629	1098
3630	1098
3631	1098
3632	1098
3633	1098
3634	1098
3635	1098
3636	1098
3637	1098
3638	1098
3639	1098
3640	1098
3641	1099
3642	1099
3643	1099
3644	1099
3645	1099
3646	1099
3647	1099
3648	1099
3649	1099
3650	1099
3651	1099
3652	1099
3653	1099
3654	1099
3655	1099
3656	1099
3657	1099
3658	1099
3659	1099
3660	1099
3661	1099
3662	1099
3663	1099
3664	1099
3665	1099
3666	1099
3667	1099
3668	1099
3669	1099
3670	1099
3671	1099
3672	1099
3673	1099
3674	1099
3675	1099
3676	1099
3677	1099
3678	1099
3679	1099
3680	1099
3681	1099
3682	1099
3683	1099
3684	1099
3685	1099
3686	1099
3687	1099
3688	1099
3689	1099
3690	1099
3691	1099
3692	1099
3693	1099
3694	1099
3695	1099
3696	1099
3697	1099
3698	1099
3699	1099
3700	1099
3701	1099
3702	1099
3703	1099
3704	1099
3705	1100
3706	1100
3707	1100
3708	1100
3709	1100
3710	1100
3711	1100
3712	1100
3713	1101
3714	1101
3715	1101
3716	1101
3717	1101
3718	1101
3719	1101
3720	1101
3721	1101
3722	1101
3723	1101
3724	1101
3725	1101
3726	1101
3727	1101
3728	1101
3729	1101
3730	1101
3731	1101
3732	1101
3733	1101
3734	1101
3735	1101
3736	1101
3737	1101
3738	1101
3739	1101
3740	1101
3741	1102
3742	1102
3743	1102
3744	1102
3745	1102
3746	1102
3747	1102
3748	1103
3749	1103
3750	1103
3751	1103
3752	1103
3753	1103
3754	1103
3755	1103
3756	1103
3757	1103
3758	1103
3759	1103
3760	1104
3761	1104
3762	1104
3763	1104
3764	1104
3765	1104
3766	1104
3767	1104
3768	1104
3769	1104
3770	1104
3771	1104
3772	1104
3773	1105
3774	1105
3775	1105
3776	1105
3777	1105
3778	1105
3779	1105
3780	1105
3781	1105
3782	1105
3783	1105
3784	1105
3785	1105
3786	1105
3787	1105
3788	1105
3789	1105
3790	1105
3791	1105
3792	1105
3793	1105
3794	1105
3795	1105
3796	1105
3797	1105
3798	1105
3799	1105
3800	1105
3801	1105
3802	1105
3803	1105
3804	1105
3805	1105
3806	1105
3807	1105
3808	1105
3809	1105
3810	1105
3811	1105
3812	1105
3813	1105
3814	1105
3815	1105
3816	1105
3817	1105
3818	1105
3819	1105
3820	1105
3821	1105
3822	1105
3823	1106
3824	1106
3825	1106
3826	1106
3827	1107
3828	1107
3829	1107
3830	1107
3831	1107
3832	1107
3833	1107
3834	1107
3835	1107
3836	1107
3837	1107
3838	1107
3839	1107
3840	1107
3841	1107
3842	1107
3843	1107
3844	1107
3845	1107
3846	1107
3847	1107
3848	1107
3849	1107
3850	1107
3851	1107
3852	1107
3853	1107
3854	1107
3855	1107
3856	1107
3857	1107
3858	1107
3859	1107
3860	1107
3861	1107
3862	1107
3863	1107
3864	1107
3865	1107
3866	1107
3867	1107
3868	1107
3869	1107
3870	1107
3871	1107
3872	1107
3873	1107
3874	1107
3875	1107
3876	1107
3877	1107
3878	1107
3879	1107
3880	1107
3881	1107
3882	1107
3883	1107
3884	1107
3885	1107
3886	1107
3887	1107
3888	1107
3889	1107
3890	1107
3891	1107
3892	1107
3893	1107
3894	1107
3895	1107
3896	1107
3897	1107
3898	1107
3899	1107
3900	1107
3901	1107
3902	1107
3903	1107
3904	1107
3905	1107
3906	1107
3907	1107
3908	1107
3909	1107
3910	1107
3911	1107
3912	1107
3913	1107
3914	1107
3915	1107
3916	1107
3917	1107
3918	1107
3919	1107
3920	1107
3921	1108
3922	1109
3923	1109
3924	1109
3925	1109
3926	1109
3927	1109
3928	1109
3929	1109
3930	1109
3931	1109
3932	1109
3933	1109
3934	1109
3935	1109
3936	1109
3937	1109
3938	1109
3939	1109
3940	1109
3941	1109
3942	1109
3943	1109
3944	1109
3945	1109
3946	1109
3947	1109
3948	1109
3949	1109
3950	1109
3951	1109
3952	1109
3953	1109
3954	1109
3955	1109
3956	1109
3957	1109
3958	1109
3959	1109
3960	1109
3961	1109
3962	1109
3963	1109
3964	1109
3965	1109
3966	1109
3967	1109
3968	1109
3969	1109
3970	1109
3971	1109
3972	1109
3973	1109
3974	1109
3975	1109
3976	1109
3977	1109
3978	1109
3979	1109
3980	1109
3981	1110
3982	1110
3983	1110
3984	1111
3985	1111
3986	1111
3987	1111
3988	1111
3989	1111
3990	1111
3991	1111
3992	1111
3993	1111
3994	1111
3995	1111
3996	1111
3997	1111
3998	1111
3999	1111
4000	1111
4001	1111
4002	1111
4003	1111
4004	1111
4005	1111
4006	1111
4007	1111
4008	1111
4009	1111
4010	1111
4011	1111
4012	1111
4013	1111
4014	1111
4015	1111
4016	1111
4017	1111
4018	1111
4019	1112
4020	1112
4021	1112
4022	1112
4023	1112
4024	1112
4025	1112
4026	1112
4027	1112
4028	1112
4029	1112
4030	1112
4031	1112
4032	1112
4033	1112
4034	1112
4035	1112
4036	1112
4037	1112
4038	1112
4039	1112
4040	1112
4041	1112
4042	1112
4043	1112
4044	1112
4045	1112
4046	1112
4047	1112
4048	1112
4049	1112
4050	1112
4051	1112
4052	1112
4053	1112
4054	1112
4055	1112
4056	1112
4057	1112
4058	1112
4059	1112
4060	1112
4061	1112
4062	1112
4063	1112
4064	1112
4065	1112
4066	1112
4067	1112
4068	1112
4069	1112
4070	1112
4071	1112
4072	1112
4073	1112
4074	1112
4075	1112
4076	1112
4077	1112
4078	1112
4079	1112
4080	1112
4081	1112
4082	1112
4083	1112
4084	1112
4085	1112
4086	1112
4087	1112
4088	1112
4089	1112
4090	1112
4091	1112
4092	1112
4093	1112
4094	1112
4095	1112
4096	1112
4097	1112
4098	1112
4099	1112
4100	1112
4101	1112
4102	1112
4103	1112
4104	1112
4105	1112
4106	1112
4107	1112
4108	1112
4109	1112
4110	1112
4111	1112
4112	1113
4113	1113
4114	1113
4115	1113
4116	1113
4117	1113
4118	1113
4119	1113
4120	1113
4121	1113
4122	1113
4123	1113
4124	1113
4125	1113
4126	1113
4127	1113
4128	1113
4129	1113
4130	1113
4131	1113
4132	1113
4133	1113
4134	1113
4135	1113
4136	1113
4137	1113
4138	1113
4139	1113
4140	1113
4141	1113
4142	1113
4143	1113
4144	1113
4145	1113
4146	1113
4147	1113
4148	1113
4149	1113
4150	1113
4151	1113
4152	1113
4153	1113
4154	1113
4155	1113
4156	1113
4157	1113
4158	1113
4159	1113
4160	1113
4161	1113
4162	1113
4163	1113
4164	1113
4165	1113
4166	1113
4167	1113
4168	1113
4169	1113
4170	1113
4171	1113
4172	1113
4173	1113
4174	1113
4175	1113
4176	1113
4177	1113
4178	1114
4179	1114
4180	1114
4181	1114
4182	1114
4183	1114
4184	1114
4185	1114
4186	1114
4187	1114
4188	1114
4189	1114
4190	1114
4191	1114
4192	1114
4193	1114
4194	1114
4195	1114
4196	1114
4197	1114
4198	1114
4199	1114
4200	1114
4201	1114
4202	1114
4203	1114
4204	1114
4205	1114
4206	1114
4207	1114
4208	1114
4209	1114
4210	1114
4211	1114
4212	1115
4213	1115
4214	1115
4215	1115
4216	1115
4217	1115
4218	1115
4219	1115
4220	1115
4221	1115
4222	1115
4223	1115
4224	1115
4225	1115
4226	1115
4227	1115
4228	1115
4229	1115
4230	1115
4231	1115
4232	1115
4233	1115
4234	1115
4235	1115
4236	1115
4237	1115
4238	1115
4239	1115
4240	1115
4241	1115
4242	1115
4243	1116
4244	1116
4245	1116
4246	1116
4247	1116
4248	1116
4249	1116
4250	1116
4251	1116
4252	1116
4253	1116
4254	1116
4255	1116
4256	1116
4257	1116
4258	1116
4259	1116
4260	1116
4261	1116
4262	1116
4263	1116
4264	1116
4265	1116
4266	1116
4267	1116
4268	1117
4269	1117
4270	1117
4271	1117
4272	1117
4273	1117
4274	1117
4275	1117
4276	1117
4277	1118
4278	1118
4279	1118
4280	1118
4281	1118
4282	1118
4283	1118
4284	1118
4285	1118
4286	1118
4287	1118
4288	1118
4289	1118
4290	1118
4291	1118
4292	1118
4293	1118
4294	1118
4295	1118
4296	1118
4297	1118
4298	1118
4299	1118
4300	1118
4301	1118
4302	1118
4303	1118
4304	1118
4305	1118
4306	1118
4307	1119
4308	1119
4309	1119
4310	1119
4311	1119
4312	1119
4313	1119
4314	1119
4315	1119
4316	1119
4317	1119
4318	1119
4319	1119
4320	1119
4321	1119
4322	1119
4323	1119
4324	1119
4325	1119
4326	1119
4327	1119
4328	1119
4329	1119
4330	1119
4331	1119
4332	1119
4333	1119
4334	1119
4335	1120
4336	1120
4337	1120
4338	1120
4339	1120
4340	1120
4341	1120
4342	1120
4343	1120
4344	1120
4345	1120
4346	1120
4347	1120
4348	1120
4349	1120
4350	1120
4351	1121
4352	1121
4353	1121
4354	1121
4355	1121
4356	1121
4357	1121
4358	1121
4359	1121
4360	1121
4361	1121
4362	1121
4363	1121
4364	1121
4365	1121
4366	1121
4367	1121
4368	1121
4369	1121
4370	1121
4371	1121
4372	1121
4373	1121
4374	1121
4375	1121
4376	1121
4377	1121
4378	1121
4379	1121
4380	1121
4381	1121
4382	1121
4383	1121
4384	1121
4385	1121
4386	1121
4387	1121
4388	1121
4389	1121
4390	1121
4391	1121
4392	1121
4393	1121
4394	1121
4395	1121
4396	1121
4397	1121
4398	1121
4399	1121
4400	1121
4401	1121
4402	1121
4403	1121
4404	1121
4405	1121
4406	1121
4407	1121
4408	1121
4409	1121
4410	1121
4411	1121
4412	1121
4413	1121
4414	1121
4415	1121
4416	1121
4417	1121
4418	1121
4419	1121
4420	1121
4421	1121
4422	1121
4423	1122
4424	1122
4425	1122
4426	1122
4427	1122
4428	1122
4429	1122
4430	1122
4431	1122
4432	1122
4433	1122
4434	1122
4435	1122
4436	1122
4437	1122
4438	1122
4439	1122
4440	1122
4441	1122
4442	1122
4443	1122
4444	1122
4445	1122
4446	1122
4447	1122
4448	1122
4449	1122
4450	1122
4451	1122
4452	1122
4453	1122
4454	1122
4455	1123
4456	1123
4457	1123
4458	1123
4459	1123
4460	1123
4461	1123
4462	1123
4463	1123
4464	1123
4465	1123
4466	1123
4467	1123
4468	1123
4469	1123
4470	1123
4471	1123
4472	1123
4473	1123
4474	1123
4475	1123
4476	1123
4477	1123
4478	1123
4479	1123
4480	1123
4481	1123
4482	1123
4483	1123
4484	1123
4485	1123
4486	1123
4487	1123
4488	1123
4489	1123
4490	1123
4491	1123
4492	1123
4493	1123
4494	1123
4495	1123
4496	1123
4497	1123
4498	1123
4499	1123
4500	1123
4501	1123
4502	1123
4503	1123
4504	1123
4505	1123
4506	1123
4507	1123
4508	1123
4509	1123
4510	1123
4511	1123
4512	1123
4513	1123
4514	1123
4515	1123
4516	1123
4517	1123
4518	1123
4519	1123
4520	1123
4521	1123
4522	1123
4523	1123
4524	1123
4525	1123
4526	1123
4527	1123
4528	1123
4529	1123
4530	1123
4531	1123
4532	1123
4533	1123
4534	1123
4535	1123
4536	1123
4537	1123
4538	1123
4539	1123
4540	1123
4541	1123
4542	1123
4543	1123
4544	1123
4545	1123
4546	1123
4547	1123
4548	1123
4549	1123
4550	1123
4551	1123
4552	1123
4553	1123
4554	1123
4555	1123
4556	1123
4557	1123
4558	1123
4559	1123
4560	1123
4561	1123
4562	1123
4563	1123
4564	1123
4565	1123
4566	1123
4567	1123
4568	1123
4569	1123
4570	1123
4571	1123
4572	1123
4573	1123
4574	1123
4575	1123
4576	1123
4577	1123
4578	1123
4579	1123
4580	1123
4581	1123
4582	1123
4583	1123
4584	1123
4585	1123
4586	1123
4587	1123
4588	1123
4589	1123
4590	1123
4591	1123
4592	1124
4593	1124
4594	1124
4595	1124
4596	1124
4597	1124
4598	1124
4599	1124
4600	1124
4601	1124
4602	1124
4603	1124
4604	1124
4605	1124
4606	1124
4607	1124
4608	1124
4609	1124
4610	1124
4611	1124
4612	1124
4613	1124
4614	1124
4615	1124
4616	1124
4617	1124
4618	1124
4619	1124
4620	1124
4621	1124
4622	1124
4623	1124
4624	1124
4625	1124
4626	1124
4627	1124
4628	1124
4629	1124
4630	1124
4631	1124
4632	1124
4633	1124
4634	1124
4635	1124
4636	1124
4637	1124
4638	1124
4639	1124
4640	1124
4641	1124
4642	1124
4643	1124
4644	1124
4645	1124
4646	1124
4647	1124
4648	1124
4649	1124
4650	1124
4651	1124
4652	1124
4653	1124
4654	1124
4655	1124
4656	1124
4657	1124
4658	1124
4659	1124
4660	1124
4661	1124
4662	1124
4663	1124
4664	1124
4665	1124
4666	1124
4667	1124
4668	1124
4669	1124
4670	1124
4671	1124
4672	1124
4673	1124
4674	1124
4675	1124
4676	1124
4677	1124
4678	1124
4679	1124
4680	1124
4681	1124
4682	1124
4683	1124
4684	1124
4685	1124
4686	1124
4687	1124
4688	1124
4689	1124
4690	1124
4691	1124
4692	1124
4693	1124
4694	1124
4695	1124
4696	1124
4697	1124
4698	1124
4699	1124
4700	1124
4701	1124
4702	1124
4703	1124
4704	1124
4705	1124
4706	1124
4707	1124
4708	1124
4709	1124
4710	1124
4711	1124
4712	1124
4713	1124
4714	1124
4715	1124
4716	1124
4717	1124
4718	1124
4719	1124
4720	1124
4721	1124
4722	1124
4723	1124
4724	1124
4725	1124
4726	1124
4727	1124
4728	1124
4729	1124
4730	1124
4731	1124
4732	1124
4733	1124
4734	1124
4735	1124
4736	1124
4737	1124
4738	1124
4739	1124
4740	1124
4741	1124
4742	1124
4743	1124
4744	1124
4745	1124
4746	1124
4747	1124
4748	1124
4749	1124
4750	1124
4751	1124
4752	1124
4753	1124
4754	1124
4755	1124
4756	1124
4757	1124
4758	1124
4759	1124
4760	1124
4761	1124
4762	1125
4763	1125
4764	1125
4765	1125
4766	1125
4767	1125
4768	1125
4769	1125
4770	1125
4771	1125
4772	1125
4773	1125
4774	1125
4775	1125
4776	1125
4777	1125
4778	1125
4779	1125
4780	1125
4781	1125
4782	1125
4783	1125
4784	1125
4785	1125
4786	1125
4787	1125
4788	1125
4789	1125
4790	1125
4791	1125
4792	1125
4793	1126
4794	1126
4795	1126
4796	1126
4797	1126
4798	1126
4799	1126
4800	1126
4801	1126
4802	1126
4803	1126
4804	1126
4805	1126
4806	1126
4807	1126
4808	1126
4809	1126
4810	1126
4811	1126
4812	1126
4813	1126
4814	1126
4815	1126
4816	1126
4817	1126
4818	1126
4819	1126
4820	1126
4821	1126
4822	1126
4823	1126
4824	1126
4825	1126
4826	1127
4827	1127
4828	1127
4829	1127
4830	1127
4831	1127
4832	1127
4833	1127
4834	1127
4835	1127
4836	1127
4837	1127
4838	1127
4839	1127
4840	1127
4841	1127
4842	1127
4843	1127
4844	1127
4845	1127
4846	1127
4847	1127
4848	1127
4849	1127
4850	1127
4851	1127
4852	1127
4853	1127
4854	1127
4855	1127
4856	1127
4857	1127
4858	1127
4859	1127
4860	1127
4861	1127
4862	1127
4863	1127
4864	1127
4865	1127
4866	1127
4867	1127
4868	1127
4869	1127
4870	1127
4871	1127
4872	1127
4873	1127
4874	1127
4875	1127
4876	1127
4877	1127
4878	1128
4879	1128
4880	1128
4881	1128
4882	1128
4883	1128
4884	1128
4885	1128
4886	1128
4887	1128
4888	1128
4889	1128
4890	1128
4891	1128
4892	1128
4893	1128
4894	1128
4895	1128
4896	1128
4897	1128
4898	1128
4899	1128
4900	1128
4901	1128
4902	1128
4903	1128
4904	1128
4905	1128
4906	1128
4907	1128
4908	1128
4909	1129
4910	1129
4911	1129
4912	1129
4913	1129
4914	1129
4915	1129
4916	1129
4917	1129
4918	1129
4919	1129
4920	1129
4921	1129
4922	1129
4923	1129
4924	1129
4925	1129
4926	1129
4927	1129
4928	1129
4929	1129
4930	1129
4931	1129
4932	1129
4933	1130
4934	1130
4935	1130
4936	1130
4937	1130
4938	1130
4939	1130
4940	1130
4941	1130
4942	1130
4943	1130
4944	1130
4945	1130
4946	1130
4947	1130
4948	1130
4949	1130
4950	1130
4951	1130
4952	1130
4953	1130
4954	1130
4955	1130
4956	1130
4957	1130
4958	1130
4959	1130
4960	1130
4961	1130
4962	1130
4963	1130
4964	1130
4965	1130
4966	1130
4967	1130
4968	1131
4969	1131
4970	1131
4971	1132
4972	1132
4973	1132
4974	1132
4975	1132
4976	1132
4977	1132
4978	1132
4979	1132
4980	1132
4981	1132
4982	1132
4983	1132
4984	1133
4985	1133
4986	1133
4987	1133
4988	1133
4989	1133
4990	1133
4991	1133
4992	1133
4993	1133
4994	1133
4995	1133
4996	1133
4997	1133
4998	1133
4999	1133

