0	0
1	0
2	0
3	0
4	0
5	0
6	0
7	0
8	0
9	0
10	0
11	0
12	0
13	0
14	0
15	0
16	0
17	0
18	0
19	0
20	0
21	0
22	0
23	0
24	0
25	0
26	0
27	0
28	0
29	0
30	0
31	0
32	0
33	0
34	0
35	0
36	0
37	0
38	0
39	0
40	0
41	0
42	0
43	0
44	0
45	0
46	0
47	0
48	0
49	0
50	0
51	0
52	0
53	0
54	0
55	0
56	0
57	0
58	0
59	0
60	0
61	0
62	0
63	0
64	0
65	0
66	0
67	0
68	0
69	0
70	0
71	0
72	0
73	0
74	0
75	0
76	0
77	0
78	0
79	0
80	0
81	0
82	0
83	0
84	0
85	0
86	0
87	0
88	0
89	0
90	0
91	0
92	0
93	0
94	0
95	0
96	0
97	1
98	1
99	1
100	1
101	2
102	2
103	3
104	4
105	5
106	6
107	6
108	6
109	6
110	6
111	6
112	8
113	8
114	11
115	11
116	11
117	11
118	13
119	13
120	13
121	14
122	15
123	16
124	17
125	20
126	22
127	23
128	23
129	24
130	26
131	26
132	27
133	28
134	29
135	29
136	30
137	31
138	32
139	32
140	33
141	33
142	34
143	35
144	35
145	35
146	37
147	40
148	42
149	42
150	43
151	45
152	47
153	47
154	51
155	53
156	55
157	58
158	59
159	60
160	61
161	61
162	62
163	64
164	64
165	64
166	65
167	66
168	69
169	73
170	74
171	74
172	74
173	77
174	77
175	78
176	80
177	82
178	82
179	82
180	84
181	85
182	85
183	90
184	92
185	93
186	95
187	97
188	98
189	99
190	101
191	104
192	105
193	105
194	105
195	105
196	106
197	108
198	111
199	115
200	117
201	118
202	119
203	120
204	123
205	126
206	130
207	132
208	134
209	135
210	137
211	137
212	140
213	143
214	145
215	148
216	149
217	150
218	151
219	156
220	156
221	156
222	157
223	159
224	162
225	163
226	164
227	167
228	169
229	170
230	171
231	175
232	175
233	175
234	179
235	181
236	182
237	184
238	185
239	187
240	189
241	190
242	190
243	193
244	197
245	198
246	199
247	201
248	203
249	205
250	208
251	210
252	213
253	213
254	215
255	218
256	220
257	222
258	223
259	225
260	228
261	229
262	229
263	230
264	232
265	233
266	234
267	236
268	239
269	241
270	242
271	242
272	244
273	244
274	245
275	248
276	248
277	249
278	251
279	252
280	254
281	258
282	259
283	259
284	260
285	263
286	263
287	264
288	265
289	267
290	270
291	270
292	272
293	273
294	274
295	277
296	278
297	279
298	279
299	280
300	283
301	284
302	286
303	289
304	290
305	290
306	291
307	294
308	294
309	297
310	298
311	298
312	298
313	299
314	300
315	301
316	301
317	301
318	301
319	304
320	304
321	306
322	309
323	311
324	312
325	312
326	313
327	314
328	314
329	315
330	316
331	317
332	320
333	320
334	320
335	322
336	324
337	324
338	325
339	325
340	325
341	325
342	327
343	331
344	332
345	332
346	333
347	333
348	335
349	335
350	336
351	338
352	338
353	341
354	341
355	343
356	348
357	349
358	351
359	352
360	353
361	354
362	354
363	354
364	354
365	354
366	356
367	361
368	362
369	362
370	362
371	364
372	366
373	367
374	368
375	368
376	369
377	371
378	371
379	371
380	371
381	372
382	374
383	374
384	375
385	375
386	375
387	377
388	377
389	377
390	378
391	378
392	378
393	379
394	380
395	381
396	382
397	382
398	384
399	385
400	386
401	386
402	388
403	389
404	391
405	394
406	395
407	397
408	398
409	399
410	401
411	401
412	401
413	402
414	403
415	403
416	406
417	407
418	407
419	407
420	411
421	412
422	412
423	412
424	413
425	413
426	416
427	416
428	416
429	417
430	417
431	418
432	418
433	419
434	419
435	419
436	420
437	422
438	424
439	425
440	425
441	426
442	426
443	427
444	428
445	429
446	429
447	431
448	431
449	431
450	431
451	433
452	434
453	436
454	436
455	436
456	438
457	439
458	440
459	440
460	441
461	442
462	444
463	445
464	445
465	446
466	447
467	448
468	449
469	449
470	453
471	455
472	455
473	455
474	455
475	456
476	460
477	461
478	462
479	463
480	464
481	464
482	465
483	466
484	467
485	468
486	469
487	470
488	471
489	474
490	475
491	477
492	478
493	478
494	478
495	478
496	478
497	478
498	479
499	481
500	482
501	482
502	482
503	482
504	482
505	483
506	484
507	484
508	484
509	485
510	486
511	486
512	486
513	490
514	490
515	491
516	491
517	493
518	493
519	494
520	494
521	495
522	495
523	495
524	495
525	496
526	496
527	499
528	500
529	500
530	501
531	501
532	501
533	501
534	502
535	503
536	503
537	504
538	505
539	506
540	506
541	506
542	506
543	506
544	506
545	507
546	508
547	508
548	508
549	512
550	512
551	513
552	513
553	514
554	514
555	515
556	517
557	517
558	517
559	517
560	518
561	520
562	521
563	521
564	522
565	524
566	525
567	526
568	526
569	526
570	527
571	528
572	528
573	528
574	528
575	530
576	531
577	531
578	531
579	531
580	533
581	533
582	533
583	533
584	533
585	535
586	535
587	535
588	536
589	537
590	539
591	540
592	540
593	540
594	541
595	542
596	544
597	547
598	547
599	549
600	549
601	550
602	550
603	551
604	551
605	551
606	551
607	552
608	552
609	553
610	553
611	553
612	555
613	555
614	555
615	555
616	556
617	556
618	556
619	559
620	560
621	560
622	560
623	561
624	561
625	562
626	563
627	564
628	564
629	564
630	565
631	565
632	566
633	566
634	566
635	567
636	568
637	571
638	575
639	576
640	576
641	577
642	577
643	577
644	577
645	579
646	580
647	580
648	582
649	582
650	583
651	583
652	583
653	585
654	586
655	586
656	587
657	589
658	592
659	592
660	592
661	592
662	592
663	592
664	593
665	593
666	594
667	595
668	596
669	596
670	596
671	596
672	596
673	596
674	598
675	598
676	598
677	601
678	602
679	602
680	603
681	606
682	607
683	607
684	607
685	607
686	607
687	608
688	608
689	608
690	609
691	609
692	609
693	610
694	610
695	610
696	611
697	611
698	613
699	615
700	616
701	616
702	618
703	618
704	619
705	620
706	620
707	620
708	620
709	621
710	623
711	623
712	623
713	623
714	624
715	624
716	624
717	624
718	626
719	627
720	627
721	628
722	628
723	628
724	628
725	630
726	630
727	631
728	631
729	632
730	632
731	632
732	632
733	632
734	632
735	632
736	632
737	633
738	633
739	633
740	633
741	635
742	635
743	636
744	636
745	636
746	637
747	637
748	638
749	640
750	641
751	641
752	641
753	641
754	641
755	642
756	643
757	643
758	643
759	643
760	643
761	643
762	643
763	643
764	643
765	643
766	643
767	643
768	643
769	643
770	644
771	644
772	645
773	646
774	647
775	647
776	647
777	648
778	650
779	650
780	650
781	650
782	650
783	650
784	650
785	651
786	651
787	651
788	652
789	652
790	652
791	652
792	653
793	653
794	653
795	653
796	653
797	654
798	655
799	655
800	656
801	657
802	657
803	657
804	658
805	658
806	658
807	658
808	659
809	659
810	659
811	659
812	660
813	660
814	661
815	661
816	662
817	663
818	663
819	664
820	664
821	665
822	665
823	665
824	665
825	665
826	665
827	666
828	667
829	668
830	668
831	668
832	669
833	670
834	670
835	671
836	672
837	672
838	673
839	673
840	674
841	675
842	675
843	675
844	675
845	676
846	678
847	678
848	678
849	678
850	678
851	678
852	679
853	679
854	680
855	680
856	680
857	682
858	682
859	682
860	682
861	682
862	683
863	684
864	684
865	685
866	685
867	685
868	685
869	685
870	687
871	687
872	687
873	687
874	687
875	687
876	687
877	687
878	688
879	690
880	691
881	691
882	693
883	693
884	695
885	695
886	695
887	696
888	696
889	696
890	696
891	696
892	696
893	696
894	696
895	696
896	696
897	696
898	696
899	696
900	696
901	696
902	696
903	696
904	696
905	697
906	698
907	701
908	701
909	701
910	702
911	705
912	706
913	708
914	710
915	711
916	712
917	713
918	713
919	713
920	713
921	713
922	713
923	714
924	715
925	715
926	715
927	716
928	716
929	716
930	716
931	716
932	716
933	716
934	716
935	717
936	717
937	717
938	719
939	719
940	722
941	722
942	722
943	723
944	723
945	723
946	725
947	725
948	725
949	726
950	727
951	727
952	727
953	727
954	728
955	728
956	728
957	728
958	728
959	728
960	728
961	729
962	729
963	731
964	732
965	732
966	733
967	733
968	734
969	734
970	734
971	735
972	735
973	735
974	736
975	736
976	736
977	737
978	737
979	737
980	738
981	738
982	738
983	738
984	738
985	739
986	739
987	739
988	740
989	740
990	741
991	743
992	743
993	743
994	743
995	744
996	745
997	745
998	745
999	746
1000	747
1001	747
1002	747
1003	748
1004	748
1005	748
1006	748
1007	749
1008	749
1009	750
1010	751
1011	751
1012	751
1013	752
1014	752
1015	752
1016	753
1017	755
1018	755
1019	755
1020	755
1021	755
1022	755
1023	756
1024	756
1025	756
1026	756
1027	757
1028	757
1029	758
1030	758
1031	758
1032	758
1033	759
1034	759
1035	759
1036	760
1037	761
1038	761
1039	763
1040	765
1041	765
1042	765
1043	765
1044	766
1045	767
1046	769
1047	770
1048	770
1049	771
1050	773
1051	773
1052	773
1053	773
1054	773
1055	774
1056	774
1057	774
1058	774
1059	774
1060	774
1061	774
1062	774
1063	774
1064	774
1065	775
1066	776
1067	776
1068	777
1069	777
1070	778
1071	779
1072	779
1073	779
1074	780
1075	780
1076	781
1077	781
1078	782
1079	782
1080	782
1081	782
1082	782
1083	782
1084	782
1085	783
1086	783
1087	784
1088	784
1089	784
1090	784
1091	784
1092	784
1093	784
1094	785
1095	785
1096	785
1097	785
1098	785
1099	786
1100	786
1101	786
1102	786
1103	786
1104	786
1105	786
1106	787
1107	787
1108	787
1109	788
1110	788
1111	790
1112	791
1113	791
1114	792
1115	792
1116	792
1117	792
1118	792
1119	792
1120	792
1121	792
1122	792
1123	792
1124	792
1125	792
1126	792
1127	792
1128	793
1129	795
1130	795
1131	795
1132	795
1133	796
1134	796
1135	796
1136	796
1137	796
1138	796
1139	796
1140	796
1141	797
1142	798
1143	798
1144	798
1145	798
1146	799
1147	799
1148	799
1149	800
1150	800
1151	800
1152	800
1153	800
1154	800
1155	800
1156	800
1157	800
1158	800
1159	800
1160	800
1161	800
1162	800
1163	801
1164	801
1165	801
1166	802
1167	802
1168	802
1169	802
1170	803
1171	803
1172	803
1173	803
1174	804
1175	804
1176	804
1177	806
1178	806
1179	806
1180	806
1181	806
1182	807
1183	807
1184	807
1185	807
1186	807
1187	808
1188	808
1189	808
1190	809
1191	809
1192	809
1193	810
1194	812
1195	813
1196	813
1197	814
1198	814
1199	814
1200	814
1201	814
1202	815
1203	817
1204	817
1205	817
1206	817
1207	817
1208	817
1209	817
1210	817
1211	817
1212	819
1213	819
1214	819
1215	819
1216	819
1217	819
1218	819
1219	821
1220	821
1221	821
1222	821
1223	821
1224	821
1225	822
1226	822
1227	822
1228	822
1229	824
1230	824
1231	824
1232	824
1233	824
1234	824
1235	824
1236	824
1237	824
1238	825
1239	825
1240	825
1241	825
1242	825
1243	825
1244	825
1245	826
1246	826
1247	829
1248	829
1249	829
1250	829
1251	829
1252	829
1253	829
1254	831
1255	831
1256	831
1257	831
1258	831
1259	831
1260	832
1261	833
1262	833
1263	833
1264	833
1265	834
1266	834
1267	836
1268	836
1269	836
1270	837
1271	837
1272	837
1273	837
1274	837
1275	837
1276	838
1277	840
1278	840
1279	840
1280	840
1281	840
1282	840
1283	840
1284	842
1285	842
1286	842
1287	842
1288	844
1289	844
1290	845
1291	845
1292	845
1293	845
1294	845
1295	845
1296	845
1297	846
1298	846
1299	846
1300	847
1301	847
1302	847
1303	847
1304	847
1305	847
1306	847
1307	849
1308	849
1309	849
1310	849
1311	849
1312	850
1313	850
1314	850
1315	850
1316	851
1317	851
1318	851
1319	851
1320	854
1321	855
1322	855
1323	855
1324	855
1325	855
1326	855
1327	855
1328	856
1329	856
1330	856
1331	857
1332	857
1333	857
1334	857
1335	857
1336	857
1337	857
1338	857
1339	857
1340	857
1341	857
1342	857
1343	858
1344	858
1345	858
1346	859
1347	859
1348	859
1349	859
1350	859
1351	859
1352	859
1353	859
1354	859
1355	859
1356	860
1357	860
1358	860
1359	861
1360	861
1361	862
1362	862
1363	862
1364	862
1365	863
1366	863
1367	863
1368	863
1369	863
1370	863
1371	863
1372	863
1373	863
1374	863
1375	863
1376	863
1377	863
1378	863
1379	864
1380	864
1381	864
1382	864
1383	864
1384	864
1385	865
1386	866
1387	866
1388	866
1389	866
1390	866
1391	867
1392	868
1393	868
1394	868
1395	868
1396	868
1397	869
1398	870
1399	870
1400	870
1401	870
1402	870
1403	870
1404	870
1405	870
1406	870
1407	870
1408	871
1409	872
1410	872
1411	873
1412	873
1413	873
1414	873
1415	873
1416	874
1417	874
1418	874
1419	875
1420	876
1421	876
1422	877
1423	878
1424	879
1425	879
1426	879
1427	879
1428	879
1429	879
1430	879
1431	880
1432	880
1433	880
1434	880
1435	881
1436	881
1437	881
1438	881
1439	881
1440	881
1441	881
1442	881
1443	881
1444	881
1445	882
1446	882
1447	882
1448	882
1449	882
1450	882
1451	883
1452	884
1453	885
1454	886
1455	886
1456	886
1457	886
1458	886
1459	886
1460	886
1461	886
1462	886
1463	886
1464	886
1465	887
1466	887
1467	887
1468	887
1469	887
1470	887
1471	888
1472	888
1473	888
1474	888
1475	889
1476	889
1477	889
1478	889
1479	889
1480	889
1481	891
1482	891
1483	891
1484	891
1485	891
1486	891
1487	891
1488	891
1489	891
1490	891
1491	892
1492	892
1493	892
1494	892
1495	892
1496	892
1497	892
1498	892
1499	892
1500	892
1501	892
1502	892
1503	892
1504	892
1505	892
1506	892
1507	893
1508	893
1509	894
1510	894
1511	895
1512	895
1513	895
1514	895
1515	896
1516	896
1517	896
1518	896
1519	896
1520	897
1521	897
1522	898
1523	898
1524	898
1525	898
1526	899
1527	899
1528	899
1529	899
1530	899
1531	900
1532	900
1533	900
1534	902
1535	902
1536	902
1537	902
1538	902
1539	902
1540	902
1541	902
1542	902
1543	902
1544	902
1545	902
1546	902
1547	903
1548	904
1549	904
1550	904
1551	904
1552	904
1553	904
1554	905
1555	905
1556	906
1557	906
1558	906
1559	906
1560	906
1561	907
1562	908
1563	908
1564	909
1565	909
1566	911
1567	911
1568	911
1569	911
1570	911
1571	911
1572	912
1573	912
1574	912
1575	913
1576	914
1577	915
1578	916
1579	916
1580	916
1581	916
1582	916
1583	916
1584	916
1585	916
1586	916
1587	916
1588	916
1589	916
1590	916
1591	916
1592	916
1593	916
1594	916
1595	916
1596	916
1597	917
1598	917
1599	917
1600	917
1601	917
1602	918
1603	918
1604	918
1605	919
1606	919
1607	919
1608	919
1609	920
1610	921
1611	921
1612	921
1613	921
1614	921
1615	921
1616	921
1617	921
1618	921
1619	921
1620	921
1621	922
1622	922
1623	922
1624	922
1625	922
1626	922
1627	922
1628	922
1629	922
1630	922
1631	922
1632	922
1633	922
1634	922
1635	922
1636	922
1637	922
1638	923
1639	923
1640	923
1641	923
1642	923
1643	923
1644	924
1645	924
1646	924
1647	924
1648	925
1649	925
1650	925
1651	925
1652	925
1653	925
1654	926
1655	926
1656	926
1657	926
1658	926
1659	926
1660	926
1661	926
1662	926
1663	926
1664	926
1665	926
1666	926
1667	926
1668	926
1669	926
1670	926
1671	926
1672	926
1673	926
1674	927
1675	927
1676	927
1677	927
1678	927
1679	927
1680	928
1681	928
1682	928
1683	928
1684	928
1685	928
1686	928
1687	928
1688	928
1689	928
1690	928
1691	928
1692	928
1693	928
1694	928
1695	928
1696	928
1697	929
1698	929
1699	929
1700	930
1701	930
1702	930
1703	930
1704	930
1705	931
1706	931
1707	931
1708	931
1709	931
1710	931
1711	931
1712	932
1713	934
1714	934
1715	934
1716	934
1717	934
1718	934
1719	934
1720	934
1721	934
1722	934
1723	934
1724	934
1725	935
1726	936
1727	936
1728	936
1729	936
1730	937
1731	937
1732	938
1733	939
1734	939
1735	939
1736	939
1737	939
1738	939
1739	939
1740	940
1741	940
1742	940
1743	940
1744	940
1745	941
1746	941
1747	941
1748	943
1749	943
1750	943
1751	943
1752	943
1753	943
1754	943
1755	943
1756	943
1757	943
1758	943
1759	943
1760	944
1761	944
1762	945
1763	945
1764	945
1765	945
1766	945
1767	945
1768	945
1769	945
1770	945
1771	945
1772	945
1773	945
1774	945
1775	945
1776	945
1777	945
1778	945
1779	945
1780	945
1781	945
1782	945
1783	945
1784	945
1785	945
1786	945
1787	945
1788	945
1789	945
1790	945
1791	945
1792	946
1793	947
1794	947
1795	947
1796	947
1797	948
1798	948
1799	948
1800	949
1801	949
1802	949
1803	949
1804	949
1805	949
1806	950
1807	950
1808	950
1809	950
1810	950
1811	953
1812	953
1813	953
1814	953
1815	953
1816	953
1817	953
1818	953
1819	953
1820	953
1821	953
1822	953
1823	953
1824	953
1825	953
1826	953
1827	953
1828	953
1829	953
1830	953
1831	953
1832	953
1833	953
1834	953
1835	953
1836	953
1837	953
1838	953
1839	953
1840	953
1841	954
1842	954
1843	954
1844	954
1845	955
1846	955
1847	956
1848	956
1849	956
1850	956
1851	956
1852	956
1853	956
1854	956
1855	956
1856	956
1857	956
1858	956
1859	956
1860	956
1861	956
1862	956
1863	957
1864	957
1865	957
1866	957
1867	957
1868	957
1869	957
1870	957
1871	957
1872	958
1873	958
1874	958
1875	958
1876	959
1877	959
1878	959
1879	959
1880	959
1881	959
1882	959
1883	959
1884	960
1885	960
1886	960
1887	960
1888	960
1889	960
1890	960
1891	961
1892	961
1893	961
1894	962
1895	962
1896	962
1897	962
1898	962
1899	962
1900	962
1901	964
1902	964
1903	964
1904	964
1905	964
1906	964
1907	964
1908	964
1909	964
1910	964
1911	964
1912	964
1913	964
1914	964
1915	964
1916	964
1917	964
1918	964
1919	964
1920	965
1921	965
1922	965
1923	965
1924	965
1925	965
1926	965
1927	965
1928	965
1929	966
1930	967
1931	967
1932	967
1933	967
1934	967
1935	967
1936	967
1937	967
1938	967
1939	967
1940	967
1941	967
1942	967
1943	967
1944	967
1945	968
1946	968
1947	969
1948	969
1949	969
1950	969
1951	969
1952	969
1953	969
1954	969
1955	969
1956	969
1957	970
1958	970
1959	970
1960	970
1961	970
1962	970
1963	970
1964	970
1965	970
1966	970
1967	970
1968	970
1969	970
1970	970
1971	970
1972	970
1973	970
1974	970
1975	970
1976	970
1977	971
1978	971
1979	971
1980	971
1981	973
1982	973
1983	973
1984	973
1985	973
1986	973
1987	973
1988	973
1989	973
1990	973
1991	973
1992	973
1993	973
1994	973
1995	973
1996	973
1997	973
1998	974
1999	974
2000	974
2001	974
2002	974
2003	974
2004	974
2005	974
2006	975
2007	975
2008	975
2009	975
2010	975
2011	976
2012	976
2013	976
2014	977
2015	977
2016	977
2017	977
2018	977
2019	977
2020	978
2021	978
2022	978
2023	978
2024	978
2025	978
2026	978
2027	978
2028	978
2029	978
2030	978
2031	978
2032	979
2033	979
2034	980
2035	980
2036	980
2037	980
2038	980
2039	980
2040	980
2041	980
2042	980
2043	980
2044	980
2045	980
2046	980
2047	980
2048	980
2049	980
2050	980
2051	981
2052	981
2053	981
2054	982
2055	982
2056	982
2057	982
2058	982
2059	982
2060	982
2061	982
2062	982
2063	982
2064	983
2065	983
2066	983
2067	983
2068	983
2069	983
2070	983
2071	983
2072	983
2073	985
2074	985
2075	985
2076	985
2077	985
2078	985
2079	985
2080	985
2081	986
2082	986
2083	986
2084	986
2085	986
2086	986
2087	986
2088	986
2089	987
2090	987
2091	987
2092	987
2093	987
2094	987
2095	987
2096	987
2097	987
2098	987
2099	987
2100	987
2101	987
2102	987
2103	987
2104	987
2105	987
2106	987
2107	987
2108	987
2109	987
2110	987
2111	987
2112	987
2113	987
2114	988
2115	988
2116	988
2117	988
2118	988
2119	989
2120	989
2121	989
2122	989
2123	989
2124	989
2125	989
2126	989
2127	989
2128	989
2129	989
2130	989
2131	989
2132	989
2133	989
2134	989
2135	989
2136	989
2137	989
2138	989
2139	989
2140	989
2141	989
2142	990
2143	990
2144	990
2145	990
2146	990
2147	990
2148	991
2149	991
2150	992
2151	992
2152	992
2153	992
2154	992
2155	992
2156	992
2157	993
2158	993
2159	993
2160	993
2161	993
2162	994
2163	994
2164	994
2165	995
2166	995
2167	995
2168	995
2169	995
2170	995
2171	995
2172	995
2173	995
2174	996
2175	996
2176	996
2177	996
2178	996
2179	996
2180	996
2181	996
2182	996
2183	996
2184	996
2185	996
2186	996
2187	996
2188	996
2189	996
2190	996
2191	996
2192	996
2193	996
2194	996
2195	996
2196	996
2197	996
2198	996
2199	996
2200	996
2201	996
2202	996
2203	996
2204	996
2205	996
2206	996
2207	996
2208	997
2209	998
2210	998
2211	999
2212	999
2213	999
2214	999
2215	999
2216	999
2217	999
2218	999
2219	999
2220	999
2221	999
2222	999
2223	999
2224	999
2225	999
2226	999
2227	999
2228	999
2229	999
2230	999
2231	999
2232	999
2233	999
2234	999
2235	999
2236	999
2237	999
2238	999
2239	999
2240	999
2241	999
2242	1000
2243	1000
2244	1000
2245	1001
2246	1001
2247	1001
2248	1001
2249	1001
2250	1001
2251	1001
2252	1001
2253	1001
2254	1002
2255	1002
2256	1002
2257	1002
2258	1002
2259	1002
2260	1002
2261	1002
2262	1003
2263	1003
2264	1003
2265	1003
2266	1004
2267	1004
2268	1005
2269	1005
2270	1005
2271	1005
2272	1005
2273	1005
2274	1005
2275	1005
2276	1005
2277	1006
2278	1006
2279	1006
2280	1006
2281	1006
2282	1006
2283	1006
2284	1006
2285	1006
2286	1006
2287	1006
2288	1006
2289	1006
2290	1006
2291	1006
2292	1006
2293	1006
2294	1006
2295	1006
2296	1006
2297	1006
2298	1006
2299	1006
2300	1007
2301	1007
2302	1007
2303	1007
2304	1008
2305	1008
2306	1009
2307	1010
2308	1010
2309	1010
2310	1010
2311	1010
2312	1010
2313	1010
2314	1011
2315	1011
2316	1011
2317	1011
2318	1011
2319	1011
2320	1011
2321	1011
2322	1011
2323	1011
2324	1011
2325	1011
2326	1011
2327	1011
2328	1011
2329	1011
2330	1011
2331	1011
2332	1011
2333	1011
2334	1011
2335	1011
2336	1011
2337	1011
2338	1011
2339	1011
2340	1011
2341	1011
2342	1011
2343	1012
2344	1012
2345	1012
2346	1012
2347	1012
2348	1012
2349	1013
2350	1014
2351	1014
2352	1014
2353	1014
2354	1014
2355	1014
2356	1015
2357	1015
2358	1015
2359	1016
2360	1016
2361	1016
2362	1016
2363	1016
2364	1017
2365	1017
2366	1017
2367	1017
2368	1017
2369	1017
2370	1017
2371	1017
2372	1017
2373	1017
2374	1017
2375	1017
2376	1017
2377	1017
2378	1017
2379	1017
2380	1017
2381	1017
2382	1017
2383	1017
2384	1017
2385	1017
2386	1017
2387	1017
2388	1017
2389	1018
2390	1018
2391	1018
2392	1018
2393	1018
2394	1018
2395	1018
2396	1018
2397	1018
2398	1018
2399	1018
2400	1018
2401	1018
2402	1018
2403	1018
2404	1018
2405	1018
2406	1018
2407	1018
2408	1018
2409	1018
2410	1018
2411	1018
2412	1018
2413	1018
2414	1018
2415	1018
2416	1018
2417	1018
2418	1018
2419	1018
2420	1018
2421	1018
2422	1018
2423	1018
2424	1018
2425	1018
2426	1018
2427	1018
2428	1018
2429	1018
2430	1018
2431	1018
2432	1018
2433	1018
2434	1018
2435	1019
2436	1019
2437	1019
2438	1019
2439	1019
2440	1019
2441	1019
2442	1019
2443	1019
2444	1019
2445	1019
2446	1019
2447	1019
2448	1019
2449	1019
2450	1019
2451	1019
2452	1019
2453	1019
2454	1020
2455	1020
2456	1020
2457	1020
2458	1020
2459	1020
2460	1020
2461	1020
2462	1020
2463	1020
2464	1020
2465	1020
2466	1020
2467	1020
2468	1020
2469	1020
2470	1020
2471	1020
2472	1020
2473	1021
2474	1022
2475	1022
2476	1022
2477	1022
2478	1022
2479	1022
2480	1023
2481	1023
2482	1023
2483	1023
2484	1024
2485	1024
2486	1024
2487	1024
2488	1024
2489	1024
2490	1024
2491	1024
2492	1024
2493	1024
2494	1024
2495	1024
2496	1024
2497	1024
2498	1024
2499	1024
2500	1024
2501	1024
2502	1024
2503	1024
2504	1024
2505	1024
2506	1024
2507	1024
2508	1024
2509	1024
2510	1024
2511	1024
2512	1024
2513	1024
2514	1024
2515	1024
2516	1024
2517	1024
2518	1024
2519	1024
2520	1024
2521	1024
2522	1024
2523	1024
2524	1025
2525	1025
2526	1025
2527	1025
2528	1025
2529	1025
2530	1025
2531	1025
2532	1025
2533	1025
2534	1025
2535	1025
2536	1025
2537	1025
2538	1025
2539	1025
2540	1025
2541	1025
2542	1025
2543	1025
2544	1025
2545	1025
2546	1025
2547	1026
2548	1026
2549	1026
2550	1026
2551	1026
2552	1026
2553	1026
2554	1026
2555	1026
2556	1026
2557	1026
2558	1026
2559	1026
2560	1026
2561	1026
2562	1026
2563	1026
2564	1026
2565	1027
2566	1027
2567	1027
2568	1027
2569	1027
2570	1027
2571	1027
2572	1027
2573	1027
2574	1027
2575	1027
2576	1027
2577	1027
2578	1027
2579	1027
2580	1027
2581	1027
2582	1028
2583	1029
2584	1029
2585	1029
2586	1030
2587	1030
2588	1031
2589	1031
2590	1031
2591	1031
2592	1031
2593	1031
2594	1031
2595	1031
2596	1031
2597	1031
2598	1031
2599	1031
2600	1031
2601	1031
2602	1031
2603	1031
2604	1031
2605	1031
2606	1031
2607	1032
2608	1033
2609	1033
2610	1033
2611	1033
2612	1033
2613	1033
2614	1033
2615	1033
2616	1033
2617	1033
2618	1033
2619	1033
2620	1033
2621	1033
2622	1034
2623	1034
2624	1034
2625	1034
2626	1034
2627	1034
2628	1034
2629	1034
2630	1034
2631	1034
2632	1034
2633	1034
2634	1034
2635	1034
2636	1034
2637	1034
2638	1034
2639	1034
2640	1034
2641	1034
2642	1034
2643	1034
2644	1034
2645	1034
2646	1034
2647	1035
2648	1035
2649	1036
2650	1036
2651	1036
2652	1036
2653	1036
2654	1037
2655	1037
2656	1037
2657	1037
2658	1037
2659	1037
2660	1037
2661	1037
2662	1037
2663	1037
2664	1037
2665	1037
2666	1037
2667	1037
2668	1037
2669	1037
2670	1037
2671	1037
2672	1037
2673	1037
2674	1037
2675	1038
2676	1038
2677	1038
2678	1038
2679	1038
2680	1038
2681	1038
2682	1038
2683	1038
2684	1039
2685	1039
2686	1039
2687	1039
2688	1039
2689	1039
2690	1039
2691	1040
2692	1040
2693	1040
2694	1040
2695	1040
2696	1040
2697	1040
2698	1040
2699	1040
2700	1040
2701	1040
2702	1040
2703	1040
2704	1040
2705	1040
2706	1040
2707	1040
2708	1040
2709	1040
2710	1040
2711	1040
2712	1040
2713	1040
2714	1040
2715	1040
2716	1040
2717	1040
2718	1040
2719	1040
2720	1040
2721	1040
2722	1040
2723	1040
2724	1040
2725	1040
2726	1040
2727	1040
2728	1041
2729	1041
2730	1041
2731	1041
2732	1043
2733	1043
2734	1043
2735	1044
2736	1044
2737	1044
2738	1044
2739	1044
2740	1044
2741	1044
2742	1044
2743	1044
2744	1044
2745	1044
2746	1044
2747	1044
2748	1044
2749	1044
2750	1044
2751	1044
2752	1044
2753	1044
2754	1044
2755	1044
2756	1044
2757	1044
2758	1044
2759	1044
2760	1044
2761	1045
2762	1045
2763	1045
2764	1045
2765	1045
2766	1045
2767	1045
2768	1045
2769	1045
2770	1045
2771	1045
2772	1045
2773	1045
2774	1045
2775	1045
2776	1045
2777	1045
2778	1045
2779	1045
2780	1045
2781	1045
2782	1045
2783	1045
2784	1045
2785	1045
2786	1045
2787	1045
2788	1045
2789	1045
2790	1045
2791	1045
2792	1045
2793	1045
2794	1045
2795	1045
2796	1045
2797	1045
2798	1045
2799	1045
2800	1045
2801	1045
2802	1045
2803	1045
2804	1045
2805	1045
2806	1045
2807	1045
2808	1045
2809	1045
2810	1045
2811	1045
2812	1045
2813	1045
2814	1045
2815	1045
2816	1045
2817	1045
2818	1045
2819	1045
2820	1045
2821	1045
2822	1045
2823	1045
2824	1045
2825	1045
2826	1045
2827	1045
2828	1045
2829	1045
2830	1045
2831	1045
2832	1045
2833	1045
2834	1045
2835	1045
2836	1045
2837	1045
2838	1045
2839	1045
2840	1045
2841	1045
2842	1045
2843	1045
2844	1045
2845	1045
2846	1045
2847	1045
2848	1045
2849	1045
2850	1045
2851	1045
2852	1045
2853	1045
2854	1045
2855	1045
2856	1045
2857	1045
2858	1045
2859	1045
2860	1045
2861	1045
2862	1045
2863	1045
2864	1045
2865	1045
2866	1045
2867	1046
2868	1046
2869	1046
2870	1046
2871	1046
2872	1046
2873	1046
2874	1046
2875	1047
2876	1047
2877	1047
2878	1047
2879	1047
2880	1047
2881	1047
2882	1047
2883	1048
2884	1048
2885	1048
2886	1048
2887	1048
2888	1048
2889	1049
2890	1049
2891	1049
2892	1049
2893	1049
2894	1049
2895	1049
2896	1049
2897	1049
2898	1049
2899	1049
2900	1049
2901	1049
2902	1049
2903	1049
2904	1049
2905	1049
2906	1049
2907	1049
2908	1049
2909	1049
2910	1049
2911	1050
2912	1050
2913	1050
2914	1050
2915	1050
2916	1050
2917	1050
2918	1050
2919	1050
2920	1050
2921	1050
2922	1050
2923	1050
2924	1050
2925	1050
2926	1050
2927	1050
2928	1050
2929	1051
2930	1051
2931	1051
2932	1051
2933	1051
2934	1051
2935	1051
2936	1051
2937	1051
2938	1051
2939	1051
2940	1051
2941	1051
2942	1051
2943	1052
2944	1053
2945	1053
2946	1053
2947	1053
2948	1053
2949	1053
2950	1053
2951	1053
2952	1053
2953	1053
2954	1053
2955	1053
2956	1053
2957	1053
2958	1053
2959	1053
2960	1053
2961	1054
2962	1054
2963	1054
2964	1054
2965	1054
2966	1054
2967	1054
2968	1055
2969	1055
2970	1056
2971	1056
2972	1056
2973	1056
2974	1056
2975	1056
2976	1056
2977	1056
2978	1056
2979	1056
2980	1056
2981	1056
2982	1056
2983	1056
2984	1056
2985	1056
2986	1057
2987	1057
2988	1057
2989	1057
2990	1057
2991	1057
2992	1057
2993	1057
2994	1057
2995	1057
2996	1057
2997	1057
2998	1057
2999	1057
3000	1058
3001	1058
3002	1058
3003	1058
3004	1058
3005	1058
3006	1060
3007	1060
3008	1060
3009	1060
3010	1060
3011	1060
3012	1060
3013	1060
3014	1060
3015	1060
3016	1060
3017	1060
3018	1060
3019	1060
3020	1060
3021	1061
3022	1061
3023	1061
3024	1061
3025	1061
3026	1061
3027	1061
3028	1061
3029	1061
3030	1061
3031	1061
3032	1061
3033	1061
3034	1061
3035	1061
3036	1061
3037	1061
3038	1061
3039	1061
3040	1061
3041	1061
3042	1061
3043	1061
3044	1061
3045	1061
3046	1061
3047	1061
3048	1061
3049	1061
3050	1061
3051	1061
3052	1061
3053	1061
3054	1061
3055	1061
3056	1061
3057	1061
3058	1061
3059	1061
3060	1061
3061	1061
3062	1061
3063	1061
3064	1061
3065	1061
3066	1062
3067	1062
3068	1062
3069	1062
3070	1062
3071	1062
3072	1062
3073	1062
3074	1062
3075	1062
3076	1062
3077	1062
3078	1062
3079	1062
3080	1062
3081	1062
3082	1063
3083	1063
3084	1063
3085	1063
3086	1063
3087	1063
3088	1063
3089	1063
3090	1063
3091	1063
3092	1063
3093	1063
3094	1063
3095	1063
3096	1063
3097	1063
3098	1063
3099	1063
3100	1063
3101	1063
3102	1063
3103	1063
3104	1063
3105	1063
3106	1063
3107	1063
3108	1063
3109	1063
3110	1063
3111	1063
3112	1064
3113	1064
3114	1064
3115	1064
3116	1064
3117	1064
3118	1064
3119	1064
3120	1064
3121	1064
3122	1064
3123	1065
3124	1065
3125	1065
3126	1065
3127	1065
3128	1065
3129	1065
3130	1065
3131	1065
3132	1065
3133	1065
3134	1065
3135	1066
3136	1066
3137	1066
3138	1066
3139	1066
3140	1066
3141	1066
3142	1066
3143	1066
3144	1066
3145	1066
3146	1066
3147	1066
3148	1066
3149	1066
3150	1066
3151	1066
3152	1066
3153	1066
3154	1066
3155	1066
3156	1066
3157	1066
3158	1066
3159	1066
3160	1066
3161	1066
3162	1066
3163	1066
3164	1066
3165	1066
3166	1066
3167	1066
3168	1066
3169	1066
3170	1066
3171	1066
3172	1066
3173	1066
3174	1066
3175	1066
3176	1066
3177	1066
3178	1066
3179	1066
3180	1066
3181	1066
3182	1066
3183	1067
3184	1067
3185	1067
3186	1067
3187	1067
3188	1067
3189	1067
3190	1067
3191	1067
3192	1067
3193	1067
3194	1067
3195	1067
3196	1067
3197	1068
3198	1068
3199	1068
3200	1068
3201	1068
3202	1068
3203	1068
3204	1068
3205	1068
3206	1068
3207	1068
3208	1068
3209	1068
3210	1068
3211	1068
3212	1068
3213	1068
3214	1068
3215	1068
3216	1068
3217	1068
3218	1068
3219	1068
3220	1068
3221	1068
3222	1068
3223	1068
3224	1068
3225	1069
3226	1069
3227	1069
3228	1069
3229	1069
3230	1069
3231	1069
3232	1069
3233	1070
3234	1070
3235	1070
3236	1070
3237	1070
3238	1070
3239	1070
3240	1070
3241	1070
3242	1070
3243	1070
3244	1070
3245	1070
3246	1070
3247	1071
3248	1071
3249	1071
3250	1071
3251	1071
3252	1071
3253	1071
3254	1071
3255	1071
3256	1071
3257	1071
3258	1071
3259	1071
3260	1071
3261	1071
3262	1071
3263	1071
3264	1071
3265	1071
3266	1071
3267	1071
3268	1071
3269	1071
3270	1071
3271	1071
3272	1071
3273	1071
3274	1071
3275	1071
3276	1071
3277	1071
3278	1071
3279	1071
3280	1071
3281	1071
3282	1071
3283	1071
3284	1071
3285	1071
3286	1071
3287	1071
3288	1071
3289	1072
3290	1072
3291	1072
3292	1073
3293	1073
3294	1073
3295	1073
3296	1073
3297	1073
3298	1073
3299	1073
3300	1074
3301	1074
3302	1074
3303	1074
3304	1074
3305	1074
3306	1074
3307	1074
3308	1074
3309	1074
3310	1074
3311	1074
3312	1074
3313	1074
3314	1075
3315	1075
3316	1075
3317	1075
3318	1075
3319	1075
3320	1075
3321	1075
3322	1075
3323	1075
3324	1075
3325	1075
3326	1075
3327	1075
3328	1075
3329	1075
3330	1075
3331	1075
3332	1075
3333	1075
3334	1075
3335	1075
3336	1075
3337	1075
3338	1075
3339	1075
3340	1075
3341	1075
3342	1075
3343	1075
3344	1076
3345	1076
3346	1076
3347	1076
3348	1076
3349	1077
3350	1077
3351	1077
3352	1077
3353	1077
3354	1077
3355	1077
3356	1077
3357	1077
3358	1077
3359	1077
3360	1077
3361	1077
3362	1077
3363	1077
3364	1077
3365	1077
3366	1077
3367	1077
3368	1077
3369	1077
3370	1077
3371	1077
3372	1077
3373	1077
3374	1077
3375	1077
3376	1077
3377	1077
3378	1077
3379	1077
3380	1077
3381	1077
3382	1077
3383	1077
3384	1077
3385	1077
3386	1077
3387	1077
3388	1077
3389	1077
3390	1077
3391	1077
3392	1077
3393	1077
3394	1077
3395	1077
3396	1077
3397	1077
3398	1077
3399	1077
3400	1077
3401	1077
3402	1077
3403	1077
3404	1077
3405	1077
3406	1077
3407	1077
3408	1077
3409	1077
3410	1077
3411	1077
3412	1077
3413	1077
3414	1077
3415	1077
3416	1077
3417	1078
3418	1078
3419	1078
3420	1078
3421	1078
3422	1078
3423	1078
3424	1078
3425	1078
3426	1078
3427	1078
3428	1078
3429	1078
3430	1078
3431	1078
3432	1078
3433	1078
3434	1079
3435	1079
3436	1079
3437	1079
3438	1079
3439	1079
3440	1079
3441	1079
3442	1079
3443	1079
3444	1079
3445	1079
3446	1079
3447	1079
3448	1079
3449	1079
3450	1079
3451	1079
3452	1079
3453	1079
3454	1079
3455	1079
3456	1079
3457	1079
3458	1079
3459	1079
3460	1079
3461	1080
3462	1080
3463	1080
3464	1080
3465	1080
3466	1080
3467	1080
3468	1080
3469	1080
3470	1080
3471	1080
3472	1080
3473	1080
3474	1081
3475	1081
3476	1081
3477	1081
3478	1081
3479	1081
3480	1081
3481	1081
3482	1081
3483	1081
3484	1081
3485	1081
3486	1081
3487	1081
3488	1081
3489	1081
3490	1081
3491	1081
3492	1081
3493	1081
3494	1081
3495	1081
3496	1081
3497	1081
3498	1081
3499	1081
3500	1081
3501	1081
3502	1081
3503	1081
3504	1081
3505	1081
3506	1081
3507	1081
3508	1082
3509	1082
3510	1082
3511	1082
3512	1082
3513	1083
3514	1083
3515	1083
3516	1083
3517	1083
3518	1083
3519	1083
3520	1083
3521	1083
3522	1083
3523	1083
3524	1083
3525	1083
3526	1083
3527	1083
3528	1083
3529	1083
3530	1083
3531	1083
3532	1083
3533	1083
3534	1083
3535	1083
3536	1083
3537	1084
3538	1084
3539	1084
3540	1084
3541	1084
3542	1084
3543	1084
3544	1084
3545	1084
3546	1084
3547	1084
3548	1085
3549	1085
3550	1085
3551	1085
3552	1085
3553	1085
3554	1085
3555	1085
3556	1085
3557	1085
3558	1085
3559	1085
3560	1085
3561	1085
3562	1085
3563	1085
3564	1085
3565	1085
3566	1085
3567	1085
3568	1085
3569	1085
3570	1085
3571	1085
3572	1085
3573	1085
3574	1085
3575	1085
3576	1086
3577	1086
3578	1086
3579	1086
3580	1086
3581	1086
3582	1086
3583	1086
3584	1086
3585	1086
3586	1086
3587	1086
3588	1086
3589	1086
3590	1086
3591	1086
3592	1086
3593	1086
3594	1086
3595	1086
3596	1086
3597	1086
3598	1086
3599	1086
3600	1086
3601	1086
3602	1086
3603	1086
3604	1086
3605	1087
3606	1087
3607	1087
3608	1087
3609	1087
3610	1087
3611	1087
3612	1087
3613	1087
3614	1087
3615	1087
3616	1087
3617	1087
3618	1087
3619	1087
3620	1087
3621	1087
3622	1087
3623	1087
3624	1087
3625	1087
3626	1087
3627	1087
3628	1087
3629	1087
3630	1087
3631	1087
3632	1087
3633	1087
3634	1087
3635	1087
3636	1087
3637	1087
3638	1087
3639	1087
3640	1087
3641	1088
3642	1088
3643	1088
3644	1088
3645	1089
3646	1089
3647	1089
3648	1089
3649	1089
3650	1089
3651	1089
3652	1089
3653	1089
3654	1089
3655	1089
3656	1089
3657	1089
3658	1089
3659	1089
3660	1089
3661	1089
3662	1089
3663	1089
3664	1089
3665	1089
3666	1089
3667	1089
3668	1089
3669	1089
3670	1089
3671	1089
3672	1089
3673	1089
3674	1089
3675	1089
3676	1089
3677	1089
3678	1089
3679	1089
3680	1089
3681	1089
3682	1089
3683	1089
3684	1089
3685	1089
3686	1089
3687	1089
3688	1089
3689	1089
3690	1089
3691	1089
3692	1089
3693	1089
3694	1089
3695	1089
3696	1089
3697	1089
3698	1089
3699	1089
3700	1089
3701	1089
3702	1089
3703	1089
3704	1089
3705	1089
3706	1089
3707	1089
3708	1089
3709	1089
3710	1089
3711	1090
3712	1090
3713	1090
3714	1090
3715	1090
3716	1090
3717	1090
3718	1090
3719	1091
3720	1091
3721	1091
3722	1091
3723	1091
3724	1091
3725	1091
3726	1091
3727	1091
3728	1091
3729	1091
3730	1091
3731	1091
3732	1091
3733	1091
3734	1091
3735	1091
3736	1091
3737	1091
3738	1091
3739	1091
3740	1092
3741	1092
3742	1092
3743	1092
3744	1092
3745	1092
3746	1092
3747	1092
3748	1092
3749	1092
3750	1092
3751	1092
3752	1092
3753	1092
3754	1092
3755	1093
3756	1093
3757	1093
3758	1093
3759	1093
3760	1093
3761	1093
3762	1093
3763	1093
3764	1093
3765	1094
3766	1094
3767	1094
3768	1094
3769	1094
3770	1094
3771	1094
3772	1094
3773	1094
3774	1094
3775	1094
3776	1095
3777	1095
3778	1095
3779	1095
3780	1095
3781	1095
3782	1095
3783	1095
3784	1095
3785	1096
3786	1096
3787	1096
3788	1096
3789	1096
3790	1096
3791	1096
3792	1096
3793	1096
3794	1096
3795	1096
3796	1096
3797	1096
3798	1096
3799	1096
3800	1096
3801	1096
3802	1096
3803	1096
3804	1096
3805	1096
3806	1096
3807	1096
3808	1096
3809	1096
3810	1096
3811	1096
3812	1096
3813	1096
3814	1096
3815	1096
3816	1096
3817	1096
3818	1096
3819	1096
3820	1096
3821	1096
3822	1096
3823	1096
3824	1096
3825	1096
3826	1096
3827	1096
3828	1096
3829	1096
3830	1096
3831	1096
3832	1096
3833	1096
3834	1096
3835	1096
3836	1096
3837	1096
3838	1096
3839	1096
3840	1096
3841	1096
3842	1096
3843	1096
3844	1096
3845	1096
3846	1096
3847	1096
3848	1096
3849	1097
3850	1097
3851	1097
3852	1097
3853	1097
3854	1097
3855	1097
3856	1097
3857	1097
3858	1097
3859	1098
3860	1098
3861	1098
3862	1098
3863	1098
3864	1098
3865	1098
3866	1098
3867	1098
3868	1098
3869	1098
3870	1098
3871	1098
3872	1098
3873	1098
3874	1098
3875	1098
3876	1098
3877	1099
3878	1099
3879	1100
3880	1100
3881	1100
3882	1100
3883	1100
3884	1100
3885	1100
3886	1100
3887	1100
3888	1100
3889	1100
3890	1100
3891	1100
3892	1100
3893	1100
3894	1100
3895	1100
3896	1100
3897	1100
3898	1100
3899	1100
3900	1100
3901	1100
3902	1100
3903	1100
3904	1100
3905	1100
3906	1100
3907	1100
3908	1100
3909	1100
3910	1100
3911	1100
3912	1100
3913	1100
3914	1100
3915	1100
3916	1100
3917	1100
3918	1100
3919	1100
3920	1100
3921	1100
3922	1100
3923	1100
3924	1100
3925	1100
3926	1100
3927	1100
3928	1100
3929	1100
3930	1100
3931	1100
3932	1100
3933	1100
3934	1100
3935	1100
3936	1101
3937	1101
3938	1101
3939	1101
3940	1101
3941	1101
3942	1101
3943	1101
3944	1101
3945	1101
3946	1101
3947	1101
3948	1101
3949	1101
3950	1101
3951	1101
3952	1101
3953	1101
3954	1101
3955	1101
3956	1101
3957	1101
3958	1101
3959	1101
3960	1101
3961	1101
3962	1101
3963	1101
3964	1101
3965	1101
3966	1101
3967	1101
3968	1101
3969	1101
3970	1101
3971	1101
3972	1101
3973	1101
3974	1101
3975	1101
3976	1101
3977	1101
3978	1101
3979	1101
3980	1101
3981	1101
3982	1101
3983	1101
3984	1101
3985	1101
3986	1101
3987	1101
3988	1101
3989	1101
3990	1101
3991	1101
3992	1101
3993	1101
3994	1101
3995	1101
3996	1101
3997	1101
3998	1101
3999	1101
4000	1101
4001	1101
4002	1101
4003	1101
4004	1101
4005	1101
4006	1101
4007	1101
4008	1101
4009	1101
4010	1101
4011	1101
4012	1101
4013	1101
4014	1101
4015	1101
4016	1101
4017	1101
4018	1102
4019	1102
4020	1102
4021	1102
4022	1102
4023	1102
4024	1102
4025	1102
4026	1102
4027	1103
4028	1103
4029	1103
4030	1103
4031	1103
4032	1103
4033	1103
4034	1103
4035	1103
4036	1103
4037	1103
4038	1103
4039	1103
4040	1103
4041	1103
4042	1103
4043	1103
4044	1103
4045	1103
4046	1103
4047	1103
4048	1103
4049	1103
4050	1103
4051	1104
4052	1104
4053	1104
4054	1104
4055	1104
4056	1104
4057	1104
4058	1104
4059	1104
4060	1104
4061	1105
4062	1105
4063	1105
4064	1105
4065	1105
4066	1105
4067	1105
4068	1105
4069	1105
4070	1105
4071	1105
4072	1105
4073	1105
4074	1105
4075	1105
4076	1105
4077	1105
4078	1105
4079	1105
4080	1105
4081	1105
4082	1105
4083	1105
4084	1105
4085	1105
4086	1106
4087	1106
4088	1106
4089	1106
4090	1106
4091	1106
4092	1106
4093	1106
4094	1106
4095	1106
4096	1106
4097	1106
4098	1106
4099	1106
4100	1106
4101	1106
4102	1106
4103	1106
4104	1106
4105	1106
4106	1106
4107	1106
4108	1106
4109	1106
4110	1106
4111	1106
4112	1106
4113	1106
4114	1106
4115	1106
4116	1107
4117	1107
4118	1107
4119	1107
4120	1107
4121	1107
4122	1107
4123	1107
4124	1107
4125	1107
4126	1107
4127	1107
4128	1107
4129	1107
4130	1107
4131	1107
4132	1107
4133	1107
4134	1107
4135	1107
4136	1107
4137	1107
4138	1107
4139	1107
4140	1107
4141	1107
4142	1107
4143	1107
4144	1107
4145	1107
4146	1107
4147	1107
4148	1107
4149	1107
4150	1107
4151	1107
4152	1107
4153	1107
4154	1107
4155	1107
4156	1108
4157	1108
4158	1108
4159	1108
4160	1108
4161	1108
4162	1108
4163	1108
4164	1108
4165	1108
4166	1108
4167	1108
4168	1108
4169	1108
4170	1108
4171	1108
4172	1108
4173	1108
4174	1108
4175	1108
4176	1108
4177	1108
4178	1108
4179	1108
4180	1108
4181	1108
4182	1108
4183	1108
4184	1108
4185	1108
4186	1108
4187	1108
4188	1108
4189	1108
4190	1108
4191	1108
4192	1108
4193	1108
4194	1108
4195	1108
4196	1108
4197	1108
4198	1108
4199	1108
4200	1108
4201	1108
4202	1108
4203	1108
4204	1108
4205	1108
4206	1108
4207	1108
4208	1108
4209	1108
4210	1108
4211	1108
4212	1108
4213	1108
4214	1108
4215	1108
4216	1108
4217	1108
4218	1108
4219	1108
4220	1108
4221	1108
4222	1108
4223	1108
4224	1108
4225	1108
4226	1108
4227	1108
4228	1108
4229	1108
4230	1108
4231	1108
4232	1108
4233	1108
4234	1108
4235	1108
4236	1108
4237	1108
4238	1108
4239	1108
4240	1108
4241	1108
4242	1108
4243	1108
4244	1108
4245	1108
4246	1108
4247	1108
4248	1108
4249	1108
4250	1108
4251	1108
4252	1108
4253	1108
4254	1108
4255	1108
4256	1108
4257	1108
4258	1108
4259	1108
4260	1108
4261	1108
4262	1108
4263	1108
4264	1108
4265	1108
4266	1108
4267	1108
4268	1108
4269	1108
4270	1108
4271	1108
4272	1108
4273	1108
4274	1108
4275	1108
4276	1108
4277	1108
4278	1108
4279	1108
4280	1108
4281	1108
4282	1108
4283	1108
4284	1108
4285	1108
4286	1108
4287	1108
4288	1108
4289	1108
4290	1108
4291	1108
4292	1109
4293	1109
4294	1109
4295	1109
4296	1109
4297	1109
4298	1109
4299	1109
4300	1109
4301	1109
4302	1109
4303	1109
4304	1109
4305	1109
4306	1110
4307	1110
4308	1110
4309	1111
4310	1111
4311	1111
4312	1111
4313	1111
4314	1111
4315	1111
4316	1111
4317	1111
4318	1111
4319	1111
4320	1112
4321	1112
4322	1112
4323	1112
4324	1112
4325	1112
4326	1112
4327	1112
4328	1112
4329	1112
4330	1112
4331	1112
4332	1112
4333	1112
4334	1112
4335	1112
4336	1112
4337	1112
4338	1112
4339	1112
4340	1112
4341	1112
4342	1112
4343	1112
4344	1112
4345	1112
4346	1112
4347	1112
4348	1112
4349	1112
4350	1112
4351	1112
4352	1112
4353	1112
4354	1112
4355	1112
4356	1112
4357	1112
4358	1112
4359	1112
4360	1112
4361	1112
4362	1112
4363	1112
4364	1112
4365	1112
4366	1112
4367	1112
4368	1112
4369	1112
4370	1112
4371	1112
4372	1112
4373	1112
4374	1112
4375	1112
4376	1112
4377	1112
4378	1112
4379	1112
4380	1112
4381	1112
4382	1112
4383	1112
4384	1112
4385	1112
4386	1112
4387	1112
4388	1112
4389	1112
4390	1112
4391	1112
4392	1112
4393	1112
4394	1112
4395	1112
4396	1112
4397	1112
4398	1112
4399	1112
4400	1112
4401	1112
4402	1112
4403	1112
4404	1112
4405	1112
4406	1112
4407	1112
4408	1112
4409	1112
4410	1112
4411	1113
4412	1114
4413	1114
4414	1114
4415	1114
4416	1114
4417	1114
4418	1114
4419	1114
4420	1114
4421	1114
4422	1114
4423	1115
4424	1115
4425	1115
4426	1115
4427	1115
4428	1115
4429	1115
4430	1115
4431	1115
4432	1115
4433	1115
4434	1115
4435	1115
4436	1115
4437	1115
4438	1115
4439	1115
4440	1115
4441	1115
4442	1115
4443	1115
4444	1115
4445	1115
4446	1115
4447	1115
4448	1115
4449	1115
4450	1115
4451	1115
4452	1115
4453	1115
4454	1115
4455	1115
4456	1115
4457	1115
4458	1115
4459	1115
4460	1115
4461	1115
4462	1115
4463	1115
4464	1115
4465	1115
4466	1115
4467	1115
4468	1115
4469	1115
4470	1115
4471	1115
4472	1115
4473	1115
4474	1115
4475	1115
4476	1115
4477	1115
4478	1115
4479	1115
4480	1115
4481	1115
4482	1115
4483	1115
4484	1115
4485	1115
4486	1115
4487	1115
4488	1115
4489	1115
4490	1116
4491	1116
4492	1116
4493	1116
4494	1116
4495	1116
4496	1116
4497	1116
4498	1116
4499	1116
4500	1116
4501	1116
4502	1116
4503	1116
4504	1116
4505	1116
4506	1116
4507	1116
4508	1116
4509	1116
4510	1116
4511	1116
4512	1116
4513	1116
4514	1116
4515	1116
4516	1116
4517	1116
4518	1116
4519	1116
4520	1116
4521	1116
4522	1116
4523	1116
4524	1116
4525	1116
4526	1116
4527	1116
4528	1116
4529	1116
4530	1116
4531	1116
4532	1117
4533	1117
4534	1117
4535	1117
4536	1117
4537	1117
4538	1117
4539	1117
4540	1117
4541	1117
4542	1117
4543	1117
4544	1117
4545	1117
4546	1117
4547	1117
4548	1117
4549	1117
4550	1117
4551	1117
4552	1117
4553	1117
4554	1117
4555	1117
4556	1117
4557	1117
4558	1117
4559	1117
4560	1117
4561	1117
4562	1117
4563	1117
4564	1117
4565	1117
4566	1117
4567	1117
4568	1117
4569	1117
4570	1117
4571	1117
4572	1117
4573	1117
4574	1117
4575	1117
4576	1117
4577	1117
4578	1117
4579	1117
4580	1117
4581	1117
4582	1117
4583	1117
4584	1117
4585	1117
4586	1117
4587	1117
4588	1117
4589	1117
4590	1117
4591	1117
4592	1117
4593	1117
4594	1117
4595	1117
4596	1117
4597	1117
4598	1117
4599	1117
4600	1117
4601	1117
4602	1117
4603	1117
4604	1117
4605	1117
4606	1117
4607	1118
4608	1118
4609	1118
4610	1118
4611	1118
4612	1118
4613	1118
4614	1118
4615	1118
4616	1118
4617	1118
4618	1118
4619	1118
4620	1118
4621	1118
4622	1118
4623	1118
4624	1118
4625	1118
4626	1118
4627	1118
4628	1118
4629	1118
4630	1118
4631	1119
4632	1119
4633	1119
4634	1119
4635	1119
4636	1119
4637	1119
4638	1119
4639	1119
4640	1119
4641	1119
4642	1119
4643	1119
4644	1119
4645	1119
4646	1119
4647	1119
4648	1119
4649	1119
4650	1119
4651	1119
4652	1119
4653	1119
4654	1119
4655	1119
4656	1119
4657	1119
4658	1119
4659	1119
4660	1119
4661	1119
4662	1119
4663	1119
4664	1119
4665	1119
4666	1119
4667	1119
4668	1119
4669	1119
4670	1119
4671	1119
4672	1119
4673	1119
4674	1119
4675	1119
4676	1119
4677	1119
4678	1119
4679	1119
4680	1119
4681	1119
4682	1119
4683	1119
4684	1119
4685	1119
4686	1119
4687	1119
4688	1119
4689	1119
4690	1119
4691	1119
4692	1119
4693	1119
4694	1119
4695	1119
4696	1119
4697	1119
4698	1119
4699	1119
4700	1119
4701	1119
4702	1119
4703	1119
4704	1119
4705	1119
4706	1119
4707	1119
4708	1119
4709	1119
4710	1119
4711	1119
4712	1119
4713	1119
4714	1119
4715	1119
4716	1119
4717	1119
4718	1119
4719	1119
4720	1119
4721	1119
4722	1119
4723	1119
4724	1119
4725	1119
4726	1119
4727	1119
4728	1119
4729	1119
4730	1119
4731	1120
4732	1120
4733	1120
4734	1120
4735	1120
4736	1120
4737	1120
4738	1120
4739	1120
4740	1120
4741	1120
4742	1120
4743	1120
4744	1120
4745	1120
4746	1120
4747	1120
4748	1120
4749	1120
4750	1120
4751	1121
4752	1121
4753	1121
4754	1121
4755	1121
4756	1121
4757	1121
4758	1121
4759	1121
4760	1121
4761	1121
4762	1121
4763	1121
4764	1121
4765	1121
4766	1121
4767	1121
4768	1121
4769	1121
4770	1121
4771	1121
4772	1121
4773	1121
4774	1121
4775	1121
4776	1121
4777	1121
4778	1121
4779	1121
4780	1122
4781	1122
4782	1122
4783	1122
4784	1122
4785	1122
4786	1122
4787	1122
4788	1122
4789	1122
4790	1122
4791	1122
4792	1122
4793	1122
4794	1122
4795	1122
4796	1122
4797	1122
4798	1122
4799	1122
4800	1122
4801	1122
4802	1122
4803	1122
4804	1122
4805	1122
4806	1122
4807	1122
4808	1122
4809	1122
4810	1122
4811	1122
4812	1122
4813	1122
4814	1122
4815	1122
4816	1122
4817	1122
4818	1122
4819	1122
4820	1122
4821	1122
4822	1122
4823	1122
4824	1122
4825	1122
4826	1122
4827	1122
4828	1122
4829	1122
4830	1122
4831	1122
4832	1122
4833	1122
4834	1122
4835	1122
4836	1122
4837	1122
4838	1122
4839	1122
4840	1122
4841	1123
4842	1123
4843	1123
4844	1123
4845	1123
4846	1123
4847	1123
4848	1123
4849	1123
4850	1123
4851	1123
4852	1123
4853	1123
4854	1123
4855	1123
4856	1123
4857	1123
4858	1123
4859	1123
4860	1123
4861	1123
4862	1123
4863	1123
4864	1123
4865	1123
4866	1123
4867	1123
4868	1123
4869	1123
4870	1124
4871	1124
4872	1124
4873	1124
4874	1124
4875	1124
4876	1124
4877	1124
4878	1124
4879	1124
4880	1124
4881	1124
4882	1124
4883	1124
4884	1124
4885	1124
4886	1124
4887	1124
4888	1124
4889	1124
4890	1124
4891	1124
4892	1125
4893	1125
4894	1125
4895	1125
4896	1125
4897	1125
4898	1125
4899	1125
4900	1125
4901	1125
4902	1125
4903	1125
4904	1125
4905	1125
4906	1125
4907	1126
4908	1126
4909	1126
4910	1126
4911	1126
4912	1126
4913	1126
4914	1126
4915	1127
4916	1127
4917	1127
4918	1127
4919	1127
4920	1127
4921	1127
4922	1127
4923	1128
4924	1128
4925	1128
4926	1128
4927	1128
4928	1128
4929	1128
4930	1128
4931	1128
4932	1128
4933	1128
4934	1128
4935	1128
4936	1128
4937	1128
4938	1128
4939	1128
4940	1128
4941	1128
4942	1128
4943	1128
4944	1128
4945	1128
4946	1128
4947	1128
4948	1128
4949	1128
4950	1128
4951	1128
4952	1128
4953	1128
4954	1128
4955	1128
4956	1128
4957	1128
4958	1128
4959	1128
4960	1128
4961	1128
4962	1128
4963	1128
4964	1128
4965	1128
4966	1128
4967	1128
4968	1128
4969	1128
4970	1128
4971	1128
4972	1128
4973	1128
4974	1128
4975	1128
4976	1128
4977	1128
4978	1128
4979	1128
4980	1128
4981	1129
4982	1129
4983	1129
4984	1129
4985	1129
4986	1129
4987	1129
4988	1129
4989	1129
4990	1129
4991	1129
4992	1129
4993	1129
4994	1129
4995	1129
4996	1129
4997	1129
4998	1129
4999	1129

