0	0
1	0
2	0
3	0
4	0
5	0
6	0
7	0
8	0
9	0
10	0
11	0
12	0
13	0
14	0
15	0
16	0
17	0
18	0
19	0
20	0
21	0
22	0
23	0
24	0
25	0
26	0
27	0
28	0
29	0
30	0
31	0
32	0
33	0
34	0
35	0
36	0
37	0
38	0
39	0
40	0
41	0
42	0
43	0
44	0
45	0
46	0
47	0
48	0
49	0
50	0
51	0
52	0
53	0
54	0
55	0
56	0
57	0
58	0
59	0
60	0
61	0
62	0
63	0
64	0
65	0
66	0
67	0
68	0
69	0
70	0
71	0
72	0
73	0
74	0
75	0
76	0
77	0
78	0
79	0
80	0
81	0
82	1
83	1
84	1
85	1
86	1
87	1
88	1
89	1
90	1
91	1
92	1
93	1
94	1
95	2
96	2
97	2
98	3
99	3
100	3
101	4
102	4
103	6
104	7
105	7
106	9
107	9
108	9
109	9
110	10
111	11
112	11
113	11
114	11
115	11
116	12
117	13
118	14
119	14
120	14
121	14
122	15
123	16
124	16
125	17
126	17
127	17
128	18
129	19
130	19
131	20
132	20
133	22
134	22
135	23
136	23
137	24
138	27
139	27
140	27
141	27
142	27
143	27
144	28
145	29
146	31
147	33
148	37
149	39
150	39
151	42
152	45
153	45
154	46
155	47
156	47
157	47
158	48
159	49
160	53
161	54
162	56
163	58
164	59
165	60
166	61
167	61
168	62
169	63
170	65
171	65
172	65
173	66
174	68
175	71
176	71
177	71
178	72
179	72
180	75
181	76
182	76
183	80
184	83
185	86
186	87
187	88
188	89
189	91
190	94
191	97
192	99
193	101
194	105
195	106
196	107
197	109
198	109
199	110
200	110
201	112
202	112
203	114
204	116
205	118
206	120
207	120
208	126
209	127
210	130
211	131
212	136
213	138
214	142
215	144
216	145
217	146
218	147
219	148
220	151
221	153
222	155
223	156
224	159
225	159
226	162
227	163
228	164
229	167
230	168
231	169
232	171
233	172
234	173
235	176
236	177
237	180
238	184
239	189
240	190
241	194
242	194
243	195
244	197
245	198
246	200
247	202
248	203
249	207
250	209
251	209
252	209
253	210
254	210
255	215
256	217
257	219
258	220
259	220
260	223
261	226
262	228
263	229
264	230
265	231
266	233
267	234
268	236
269	238
270	238
271	239
272	240
273	242
274	246
275	249
276	251
277	252
278	252
279	252
280	254
281	257
282	258
283	259
284	259
285	259
286	260
287	261
288	261
289	263
290	265
291	266
292	268
293	268
294	270
295	271
296	271
297	272
298	273
299	276
300	277
301	281
302	282
303	284
304	285
305	286
306	288
307	288
308	289
309	289
310	290
311	291
312	293
313	294
314	296
315	297
316	299
317	300
318	303
319	303
320	303
321	305
322	310
323	311
324	312
325	313
326	314
327	314
328	316
329	317
330	317
331	317
332	318
333	322
334	322
335	324
336	324
337	325
338	326
339	329
340	330
341	330
342	332
343	334
344	335
345	336
346	337
347	339
348	339
349	341
350	342
351	343
352	345
353	347
354	349
355	350
356	351
357	351
358	351
359	354
360	354
361	354
362	354
363	356
364	357
365	357
366	357
367	358
368	358
369	359
370	360
371	360
372	360
373	363
374	364
375	366
376	368
377	368
378	368
379	368
380	368
381	369
382	371
383	372
384	373
385	373
386	374
387	375
388	375
389	376
390	378
391	378
392	378
393	378
394	378
395	382
396	384
397	386
398	386
399	388
400	391
401	395
402	396
403	397
404	397
405	397
406	398
407	398
408	398
409	398
410	398
411	399
412	399
413	400
414	401
415	402
416	404
417	404
418	405
419	405
420	405
421	406
422	406
423	406
424	407
425	409
426	410
427	411
428	411
429	411
430	412
431	414
432	415
433	416
434	417
435	417
436	417
437	417
438	418
439	418
440	418
441	419
442	421
443	422
444	423
445	424
446	425
447	426
448	426
449	428
450	428
451	428
452	428
453	430
454	431
455	431
456	432
457	433
458	435
459	435
460	435
461	435
462	435
463	435
464	437
465	438
466	439
467	441
468	442
469	443
470	444
471	446
472	447
473	448
474	448
475	449
476	450
477	451
478	452
479	453
480	453
481	454
482	454
483	455
484	456
485	456
486	456
487	457
488	457
489	457
490	457
491	460
492	461
493	461
494	461
495	463
496	464
497	464
498	465
499	468
500	468
501	470
502	470
503	470
504	471
505	471
506	471
507	473
508	473
509	474
510	474
511	476
512	476
513	477
514	478
515	479
516	480
517	480
518	481
519	481
520	481
521	484
522	485
523	485
524	485
525	485
526	485
527	485
528	485
529	486
530	486
531	487
532	489
533	490
534	490
535	490
536	491
537	492
538	492
539	496
540	496
541	497
542	497
543	499
544	499
545	503
546	503
547	505
548	506
549	506
550	507
551	508
552	510
553	510
554	510
555	512
556	513
557	513
558	515
559	516
560	516
561	517
562	517
563	517
564	517
565	518
566	519
567	520
568	520
569	520
570	521
571	521
572	522
573	522
574	523
575	523
576	523
577	524
578	524
579	525
580	525
581	526
582	529
583	530
584	530
585	530
586	530
587	531
588	532
589	532
590	532
591	532
592	533
593	535
594	535
595	536
596	537
597	537
598	538
599	539
600	540
601	540
602	542
603	543
604	544
605	545
606	545
607	546
608	548
609	548
610	549
611	549
612	551
613	551
614	552
615	552
616	552
617	552
618	553
619	553
620	554
621	554
622	555
623	555
624	555
625	556
626	556
627	556
628	557
629	559
630	560
631	561
632	562
633	562
634	563
635	563
636	564
637	565
638	565
639	565
640	565
641	566
642	566
643	568
644	569
645	570
646	571
647	572
648	573
649	573
650	573
651	573
652	573
653	576
654	577
655	577
656	577
657	577
658	578
659	580
660	580
661	580
662	580
663	580
664	580
665	581
666	582
667	582
668	583
669	585
670	585
671	585
672	589
673	589
674	590
675	591
676	593
677	593
678	593
679	595
680	595
681	596
682	597
683	597
684	597
685	599
686	599
687	600
688	602
689	602
690	602
691	603
692	604
693	604
694	604
695	604
696	605
697	605
698	605
699	605
700	605
701	605
702	605
703	606
704	607
705	609
706	609
707	612
708	613
709	614
710	615
711	616
712	617
713	617
714	618
715	619
716	620
717	622
718	623
719	623
720	623
721	623
722	623
723	623
724	626
725	626
726	626
727	626
728	626
729	626
730	626
731	626
732	626
733	626
734	626
735	626
736	626
737	627
738	627
739	627
740	627
741	628
742	630
743	630
744	630
745	630
746	630
747	630
748	630
749	631
750	631
751	631
752	632
753	632
754	632
755	632
756	632
757	634
758	636
759	636
760	636
761	637
762	638
763	638
764	639
765	639
766	639
767	639
768	639
769	639
770	639
771	639
772	640
773	640
774	640
775	640
776	641
777	642
778	642
779	642
780	642
781	644
782	644
783	644
784	644
785	644
786	645
787	645
788	646
789	646
790	646
791	646
792	647
793	648
794	648
795	649
796	649
797	649
798	650
799	650
800	650
801	650
802	650
803	651
804	651
805	651
806	652
807	653
808	653
809	653
810	654
811	654
812	654
813	654
814	654
815	654
816	655
817	656
818	657
819	657
820	657
821	659
822	659
823	660
824	661
825	662
826	663
827	663
828	664
829	666
830	667
831	668
832	668
833	669
834	669
835	669
836	669
837	669
838	669
839	669
840	669
841	670
842	671
843	672
844	672
845	672
846	674
847	674
848	675
849	675
850	675
851	675
852	676
853	677
854	677
855	677
856	677
857	678
858	679
859	679
860	680
861	680
862	680
863	682
864	682
865	682
866	683
867	684
868	684
869	686
870	686
871	687
872	687
873	687
874	688
875	688
876	688
877	688
878	689
879	689
880	689
881	689
882	690
883	690
884	690
885	690
886	690
887	690
888	691
889	692
890	692
891	692
892	692
893	693
894	693
895	693
896	693
897	693
898	693
899	693
900	693
901	693
902	694
903	694
904	696
905	696
906	696
907	697
908	698
909	698
910	698
911	698
912	699
913	700
914	700
915	700
916	700
917	700
918	700
919	700
920	700
921	700
922	701
923	701
924	702
925	703
926	703
927	703
928	703
929	704
930	704
931	705
932	705
933	706
934	707
935	707
936	708
937	708
938	708
939	709
940	709
941	709
942	709
943	710
944	710
945	710
946	712
947	712
948	712
949	713
950	714
951	714
952	714
953	714
954	714
955	714
956	714
957	714
958	714
959	714
960	714
961	715
962	715
963	715
964	715
965	715
966	715
967	716
968	716
969	717
970	718
971	720
972	721
973	722
974	722
975	722
976	722
977	722
978	722
979	722
980	722
981	722
982	722
983	722
984	722
985	722
986	723
987	723
988	723
989	723
990	724
991	724
992	724
993	724
994	724
995	726
996	728
997	728
998	728
999	729
1000	729
1001	729
1002	729
1003	729
1004	731
1005	732
1006	732
1007	732
1008	732
1009	732
1010	732
1011	732
1012	732
1013	732
1014	732
1015	732
1016	734
1017	734
1018	735
1019	737
1020	737
1021	737
1022	737
1023	737
1024	737
1025	737
1026	737
1027	737
1028	738
1029	738
1030	738
1031	738
1032	738
1033	739
1034	740
1035	741
1036	741
1037	741
1038	741
1039	741
1040	742
1041	742
1042	742
1043	742
1044	743
1045	743
1046	745
1047	745
1048	745
1049	745
1050	746
1051	748
1052	748
1053	748
1054	748
1055	749
1056	749
1057	750
1058	750
1059	750
1060	750
1061	751
1062	751
1063	751
1064	751
1065	751
1066	751
1067	751
1068	752
1069	752
1070	752
1071	754
1072	755
1073	755
1074	755
1075	757
1076	757
1077	757
1078	757
1079	758
1080	758
1081	759
1082	760
1083	760
1084	760
1085	760
1086	760
1087	760
1088	761
1089	763
1090	764
1091	764
1092	764
1093	764
1094	764
1095	765
1096	766
1097	766
1098	766
1099	766
1100	766
1101	766
1102	766
1103	767
1104	767
1105	767
1106	767
1107	767
1108	767
1109	767
1110	767
1111	768
1112	768
1113	768
1114	768
1115	769
1116	769
1117	769
1118	769
1119	769
1120	769
1121	769
1122	771
1123	771
1124	771
1125	772
1126	772
1127	772
1128	772
1129	772
1130	772
1131	773
1132	773
1133	773
1134	774
1135	774
1136	774
1137	774
1138	774
1139	774
1140	774
1141	774
1142	776
1143	776
1144	777
1145	777
1146	778
1147	779
1148	780
1149	780
1150	780
1151	780
1152	780
1153	780
1154	780
1155	781
1156	781
1157	781
1158	781
1159	781
1160	783
1161	783
1162	783
1163	783
1164	784
1165	784
1166	784
1167	784
1168	785
1169	787
1170	787
1171	787
1172	787
1173	788
1174	789
1175	789
1176	789
1177	789
1178	789
1179	789
1180	789
1181	789
1182	790
1183	790
1184	790
1185	790
1186	790
1187	791
1188	791
1189	791
1190	791
1191	791
1192	792
1193	792
1194	792
1195	792
1196	793
1197	794
1198	794
1199	794
1200	794
1201	794
1202	794
1203	794
1204	794
1205	795
1206	795
1207	796
1208	796
1209	796
1210	797
1211	797
1212	797
1213	797
1214	798
1215	799
1216	799
1217	799
1218	800
1219	800
1220	800
1221	800
1222	802
1223	802
1224	802
1225	803
1226	803
1227	803
1228	805
1229	805
1230	805
1231	805
1232	805
1233	805
1234	806
1235	808
1236	808
1237	808
1238	808
1239	808
1240	810
1241	810
1242	811
1243	811
1244	811
1245	812
1246	812
1247	812
1248	813
1249	813
1250	815
1251	817
1252	817
1253	817
1254	817
1255	818
1256	819
1257	819
1258	819
1259	819
1260	819
1261	820
1262	820
1263	821
1264	821
1265	821
1266	821
1267	821
1268	822
1269	822
1270	822
1271	822
1272	823
1273	823
1274	823
1275	823
1276	824
1277	824
1278	824
1279	825
1280	825
1281	825
1282	825
1283	825
1284	825
1285	825
1286	826
1287	826
1288	827
1289	827
1290	827
1291	827
1292	827
1293	829
1294	829
1295	831
1296	831
1297	831
1298	831
1299	831
1300	831
1301	831
1302	831
1303	832
1304	832
1305	832
1306	832
1307	832
1308	833
1309	834
1310	834
1311	834
1312	834
1313	835
1314	836
1315	836
1316	836
1317	837
1318	839
1319	839
1320	839
1321	839
1322	839
1323	839
1324	839
1325	841
1326	842
1327	842
1328	842
1329	842
1330	842
1331	842
1332	842
1333	842
1334	842
1335	842
1336	842
1337	842
1338	842
1339	842
1340	842
1341	842
1342	842
1343	843
1344	843
1345	843
1346	843
1347	843
1348	844
1349	845
1350	845
1351	845
1352	845
1353	846
1354	848
1355	848
1356	848
1357	848
1358	848
1359	848
1360	848
1361	848
1362	848
1363	849
1364	849
1365	849
1366	849
1367	849
1368	849
1369	849
1370	849
1371	850
1372	850
1373	850
1374	850
1375	850
1376	850
1377	850
1378	850
1379	850
1380	851
1381	851
1382	851
1383	851
1384	851
1385	851
1386	851
1387	851
1388	852
1389	852
1390	852
1391	852
1392	852
1393	853
1394	853
1395	853
1396	853
1397	853
1398	853
1399	853
1400	853
1401	853
1402	853
1403	853
1404	853
1405	853
1406	853
1407	854
1408	854
1409	854
1410	854
1411	855
1412	855
1413	855
1414	855
1415	856
1416	857
1417	857
1418	857
1419	857
1420	857
1421	857
1422	857
1423	857
1424	857
1425	859
1426	859
1427	859
1428	859
1429	859
1430	859
1431	859
1432	861
1433	861
1434	862
1435	862
1436	862
1437	862
1438	862
1439	862
1440	863
1441	863
1442	863
1443	863
1444	863
1445	863
1446	863
1447	864
1448	864
1449	864
1450	864
1451	864
1452	864
1453	865
1454	865
1455	865
1456	865
1457	865
1458	865
1459	865
1460	866
1461	866
1462	866
1463	866
1464	866
1465	867
1466	867
1467	867
1468	869
1469	870
1470	870
1471	870
1472	871
1473	871
1474	871
1475	872
1476	872
1477	872
1478	873
1479	873
1480	873
1481	873
1482	873
1483	873
1484	873
1485	873
1486	873
1487	873
1488	873
1489	873
1490	874
1491	875
1492	875
1493	875
1494	875
1495	875
1496	875
1497	875
1498	875
1499	876
1500	876
1501	876
1502	876
1503	877
1504	878
1505	878
1506	878
1507	878
1508	878
1509	878
1510	878
1511	879
1512	880
1513	880
1514	880
1515	880
1516	880
1517	880
1518	880
1519	880
1520	880
1521	881
1522	883
1523	883
1524	883
1525	883
1526	883
1527	883
1528	883
1529	883
1530	883
1531	883
1532	883
1533	883
1534	883
1535	883
1536	883
1537	883
1538	883
1539	883
1540	883
1541	883
1542	883
1543	883
1544	883
1545	884
1546	884
1547	884
1548	884
1549	884
1550	884
1551	884
1552	884
1553	884
1554	884
1555	884
1556	885
1557	885
1558	885
1559	885
1560	886
1561	886
1562	886
1563	886
1564	886
1565	886
1566	886
1567	886
1568	886
1569	886
1570	887
1571	887
1572	887
1573	887
1574	887
1575	887
1576	887
1577	887
1578	887
1579	887
1580	887
1581	888
1582	888
1583	888
1584	888
1585	888
1586	888
1587	888
1588	888
1589	888
1590	889
1591	890
1592	890
1593	890
1594	891
1595	891
1596	892
1597	892
1598	892
1599	892
1600	893
1601	893
1602	893
1603	893
1604	893
1605	895
1606	895
1607	895
1608	896
1609	896
1610	896
1611	896
1612	896
1613	896
1614	896
1615	896
1616	896
1617	896
1618	896
1619	896
1620	896
1621	896
1622	896
1623	896
1624	896
1625	896
1626	896
1627	896
1628	896
1629	896
1630	896
1631	897
1632	898
1633	898
1634	899
1635	900
1636	900
1637	900
1638	901
1639	901
1640	903
1641	903
1642	903
1643	903
1644	903
1645	903
1646	903
1647	903
1648	903
1649	903
1650	903
1651	903
1652	904
1653	904
1654	908
1655	908
1656	908
1657	908
1658	908
1659	908
1660	908
1661	908
1662	908
1663	908
1664	908
1665	908
1666	908
1667	909
1668	909
1669	910
1670	910
1671	910
1672	910
1673	910
1674	910
1675	910
1676	910
1677	910
1678	910
1679	910
1680	911
1681	911
1682	911
1683	912
1684	912
1685	912
1686	913
1687	914
1688	914
1689	914
1690	915
1691	915
1692	915
1693	915
1694	915
1695	915
1696	916
1697	916
1698	917
1699	918
1700	919
1701	920
1702	920
1703	920
1704	920
1705	920
1706	921
1707	921
1708	921
1709	922
1710	922
1711	922
1712	922
1713	922
1714	922
1715	922
1716	923
1717	923
1718	923
1719	924
1720	925
1721	925
1722	925
1723	925
1724	925
1725	925
1726	925
1727	925
1728	927
1729	927
1730	928
1731	928
1732	928
1733	928
1734	929
1735	929
1736	929
1737	929
1738	929
1739	930
1740	930
1741	930
1742	930
1743	930
1744	930
1745	930
1746	930
1747	930
1748	930
1749	930
1750	931
1751	931
1752	931
1753	931
1754	932
1755	932
1756	932
1757	932
1758	932
1759	932
1760	932
1761	933
1762	934
1763	935
1764	935
1765	935
1766	935
1767	935
1768	935
1769	935
1770	935
1771	935
1772	935
1773	935
1774	935
1775	935
1776	936
1777	936
1778	937
1779	937
1780	937
1781	937
1782	938
1783	938
1784	938
1785	938
1786	938
1787	938
1788	938
1789	938
1790	938
1791	938
1792	938
1793	938
1794	938
1795	939
1796	939
1797	940
1798	940
1799	940
1800	940
1801	940
1802	940
1803	940
1804	940
1805	940
1806	941
1807	941
1808	941
1809	942
1810	942
1811	942
1812	942
1813	942
1814	942
1815	942
1816	942
1817	942
1818	942
1819	942
1820	942
1821	942
1822	942
1823	942
1824	942
1825	942
1826	943
1827	943
1828	943
1829	943
1830	943
1831	943
1832	943
1833	944
1834	944
1835	944
1836	944
1837	944
1838	944
1839	945
1840	945
1841	945
1842	945
1843	946
1844	946
1845	947
1846	948
1847	948
1848	948
1849	949
1850	949
1851	950
1852	950
1853	950
1854	950
1855	950
1856	950
1857	950
1858	950
1859	950
1860	950
1861	950
1862	950
1863	950
1864	950
1865	950
1866	950
1867	951
1868	951
1869	951
1870	951
1871	951
1872	951
1873	951
1874	951
1875	951
1876	951
1877	951
1878	951
1879	951
1880	951
1881	952
1882	952
1883	953
1884	953
1885	953
1886	953
1887	953
1888	953
1889	953
1890	954
1891	954
1892	954
1893	954
1894	954
1895	954
1896	954
1897	954
1898	955
1899	955
1900	956
1901	956
1902	956
1903	956
1904	957
1905	957
1906	957
1907	957
1908	957
1909	957
1910	957
1911	957
1912	957
1913	957
1914	957
1915	957
1916	957
1917	957
1918	957
1919	957
1920	957
1921	957
1922	957
1923	957
1924	957
1925	958
1926	960
1927	961
1928	961
1929	961
1930	961
1931	961
1932	961
1933	961
1934	961
1935	961
1936	961
1937	961
1938	961
1939	961
1940	962
1941	962
1942	962
1943	962
1944	964
1945	964
1946	964
1947	964
1948	965
1949	965
1950	965
1951	965
1952	965
1953	965
1954	965
1955	965
1956	965
1957	965
1958	965
1959	965
1960	965
1961	965
1962	965
1963	965
1964	965
1965	965
1966	965
1967	966
1968	966
1969	966
1970	966
1971	966
1972	966
1973	966
1974	966
1975	968
1976	969
1977	969
1978	969
1979	969
1980	969
1981	969
1982	970
1983	970
1984	970
1985	970
1986	970
1987	971
1988	971
1989	971
1990	971
1991	971
1992	971
1993	971
1994	971
1995	971
1996	971
1997	971
1998	971
1999	971
2000	971
2001	971
2002	971
2003	971
2004	971
2005	971
2006	971
2007	971
2008	971
2009	971
2010	971
2011	971
2012	971
2013	971
2014	971
2015	971
2016	971
2017	973
2018	974
2019	975
2020	975
2021	975
2022	975
2023	975
2024	975
2025	975
2026	975
2027	975
2028	975
2029	975
2030	975
2031	975
2032	975
2033	976
2034	976
2035	976
2036	976
2037	976
2038	976
2039	976
2040	976
2041	976
2042	976
2043	976
2044	976
2045	976
2046	977
2047	977
2048	977
2049	977
2050	977
2051	977
2052	977
2053	977
2054	977
2055	978
2056	978
2057	978
2058	978
2059	978
2060	978
2061	978
2062	978
2063	978
2064	978
2065	979
2066	979
2067	979
2068	979
2069	979
2070	979
2071	979
2072	979
2073	979
2074	979
2075	979
2076	979
2077	979
2078	979
2079	979
2080	979
2081	979
2082	979
2083	979
2084	979
2085	979
2086	979
2087	979
2088	979
2089	979
2090	979
2091	979
2092	979
2093	979
2094	979
2095	979
2096	979
2097	979
2098	979
2099	979
2100	979
2101	979
2102	979
2103	979
2104	979
2105	979
2106	979
2107	979
2108	979
2109	979
2110	979
2111	981
2112	981
2113	981
2114	981
2115	981
2116	981
2117	981
2118	982
2119	982
2120	982
2121	982
2122	982
2123	982
2124	982
2125	982
2126	982
2127	982
2128	982
2129	982
2130	982
2131	982
2132	982
2133	982
2134	982
2135	982
2136	982
2137	982
2138	982
2139	982
2140	982
2141	982
2142	982
2143	982
2144	982
2145	982
2146	982
2147	982
2148	982
2149	982
2150	982
2151	983
2152	983
2153	983
2154	985
2155	985
2156	985
2157	985
2158	986
2159	986
2160	986
2161	986
2162	986
2163	987
2164	987
2165	987
2166	988
2167	989
2168	989
2169	989
2170	989
2171	989
2172	989
2173	989
2174	990
2175	990
2176	990
2177	990
2178	990
2179	990
2180	990
2181	990
2182	990
2183	990
2184	990
2185	990
2186	990
2187	990
2188	990
2189	991
2190	991
2191	991
2192	991
2193	991
2194	991
2195	991
2196	991
2197	992
2198	992
2199	992
2200	992
2201	993
2202	993
2203	993
2204	993
2205	993
2206	993
2207	993
2208	993
2209	994
2210	994
2211	994
2212	995
2213	995
2214	995
2215	995
2216	995
2217	995
2218	996
2219	996
2220	996
2221	996
2222	996
2223	996
2224	996
2225	996
2226	996
2227	996
2228	996
2229	996
2230	996
2231	996
2232	996
2233	996
2234	996
2235	996
2236	996
2237	996
2238	996
2239	997
2240	997
2241	998
2242	998
2243	998
2244	998
2245	998
2246	998
2247	998
2248	998
2249	998
2250	998
2251	999
2252	999
2253	999
2254	999
2255	999
2256	999
2257	999
2258	999
2259	999
2260	999
2261	999
2262	999
2263	999
2264	999
2265	999
2266	1000
2267	1000
2268	1001
2269	1002
2270	1002
2271	1002
2272	1002
2273	1002
2274	1002
2275	1002
2276	1002
2277	1002
2278	1002
2279	1002
2280	1002
2281	1002
2282	1002
2283	1003
2284	1003
2285	1003
2286	1004
2287	1004
2288	1005
2289	1005
2290	1005
2291	1005
2292	1005
2293	1005
2294	1005
2295	1005
2296	1005
2297	1005
2298	1005
2299	1006
2300	1006
2301	1007
2302	1007
2303	1007
2304	1007
2305	1007
2306	1008
2307	1008
2308	1008
2309	1008
2310	1008
2311	1008
2312	1008
2313	1008
2314	1008
2315	1008
2316	1008
2317	1008
2318	1008
2319	1008
2320	1008
2321	1008
2322	1008
2323	1008
2324	1008
2325	1008
2326	1008
2327	1008
2328	1008
2329	1008
2330	1008
2331	1009
2332	1009
2333	1009
2334	1009
2335	1009
2336	1009
2337	1009
2338	1009
2339	1009
2340	1009
2341	1009
2342	1009
2343	1009
2344	1009
2345	1009
2346	1009
2347	1009
2348	1009
2349	1010
2350	1010
2351	1010
2352	1010
2353	1010
2354	1010
2355	1010
2356	1010
2357	1010
2358	1010
2359	1010
2360	1010
2361	1010
2362	1010
2363	1010
2364	1011
2365	1011
2366	1011
2367	1011
2368	1011
2369	1012
2370	1012
2371	1013
2372	1013
2373	1013
2374	1014
2375	1014
2376	1014
2377	1015
2378	1016
2379	1016
2380	1016
2381	1016
2382	1016
2383	1016
2384	1016
2385	1016
2386	1016
2387	1016
2388	1016
2389	1016
2390	1016
2391	1016
2392	1016
2393	1016
2394	1016
2395	1016
2396	1016
2397	1016
2398	1016
2399	1016
2400	1016
2401	1016
2402	1016
2403	1016
2404	1016
2405	1016
2406	1016
2407	1017
2408	1017
2409	1017
2410	1017
2411	1017
2412	1017
2413	1017
2414	1017
2415	1017
2416	1017
2417	1018
2418	1018
2419	1019
2420	1020
2421	1020
2422	1020
2423	1020
2424	1020
2425	1020
2426	1020
2427	1020
2428	1020
2429	1020
2430	1020
2431	1020
2432	1020
2433	1020
2434	1020
2435	1020
2436	1021
2437	1021
2438	1021
2439	1021
2440	1022
2441	1022
2442	1022
2443	1022
2444	1022
2445	1022
2446	1022
2447	1022
2448	1023
2449	1023
2450	1024
2451	1024
2452	1024
2453	1024
2454	1024
2455	1024
2456	1024
2457	1024
2458	1026
2459	1026
2460	1026
2461	1027
2462	1027
2463	1027
2464	1027
2465	1027
2466	1027
2467	1027
2468	1027
2469	1027
2470	1027
2471	1027
2472	1027
2473	1027
2474	1027
2475	1027
2476	1027
2477	1027
2478	1027
2479	1027
2480	1027
2481	1027
2482	1027
2483	1027
2484	1027
2485	1027
2486	1028
2487	1028
2488	1028
2489	1029
2490	1029
2491	1029
2492	1029
2493	1029
2494	1029
2495	1029
2496	1029
2497	1029
2498	1029
2499	1029
2500	1029
2501	1029
2502	1029
2503	1029
2504	1029
2505	1030
2506	1030
2507	1030
2508	1030
2509	1030
2510	1030
2511	1030
2512	1030
2513	1030
2514	1030
2515	1030
2516	1030
2517	1030
2518	1030
2519	1030
2520	1031
2521	1031
2522	1031
2523	1031
2524	1031
2525	1031
2526	1031
2527	1031
2528	1031
2529	1031
2530	1031
2531	1031
2532	1031
2533	1031
2534	1031
2535	1031
2536	1031
2537	1031
2538	1031
2539	1031
2540	1031
2541	1032
2542	1032
2543	1032
2544	1032
2545	1032
2546	1032
2547	1032
2548	1032
2549	1032
2550	1033
2551	1033
2552	1033
2553	1033
2554	1033
2555	1033
2556	1033
2557	1033
2558	1033
2559	1033
2560	1033
2561	1033
2562	1033
2563	1033
2564	1033
2565	1033
2566	1034
2567	1034
2568	1034
2569	1034
2570	1034
2571	1034
2572	1034
2573	1034
2574	1034
2575	1034
2576	1034
2577	1035
2578	1035
2579	1035
2580	1035
2581	1035
2582	1035
2583	1035
2584	1035
2585	1036
2586	1036
2587	1036
2588	1036
2589	1036
2590	1036
2591	1036
2592	1036
2593	1036
2594	1036
2595	1036
2596	1036
2597	1036
2598	1036
2599	1036
2600	1036
2601	1036
2602	1036
2603	1036
2604	1036
2605	1037
2606	1037
2607	1037
2608	1037
2609	1037
2610	1037
2611	1037
2612	1037
2613	1037
2614	1037
2615	1037
2616	1037
2617	1037
2618	1037
2619	1037
2620	1037
2621	1037
2622	1037
2623	1037
2624	1037
2625	1037
2626	1037
2627	1037
2628	1037
2629	1037
2630	1037
2631	1037
2632	1037
2633	1037
2634	1037
2635	1037
2636	1037
2637	1037
2638	1037
2639	1037
2640	1038
2641	1038
2642	1038
2643	1038
2644	1038
2645	1038
2646	1038
2647	1038
2648	1038
2649	1040
2650	1041
2651	1041
2652	1041
2653	1041
2654	1041
2655	1041
2656	1041
2657	1041
2658	1041
2659	1041
2660	1041
2661	1041
2662	1041
2663	1041
2664	1041
2665	1041
2666	1041
2667	1041
2668	1041
2669	1041
2670	1041
2671	1041
2672	1042
2673	1042
2674	1042
2675	1042
2676	1042
2677	1042
2678	1042
2679	1042
2680	1042
2681	1042
2682	1042
2683	1042
2684	1042
2685	1042
2686	1042
2687	1042
2688	1042
2689	1042
2690	1042
2691	1042
2692	1042
2693	1042
2694	1042
2695	1042
2696	1042
2697	1042
2698	1042
2699	1042
2700	1042
2701	1042
2702	1042
2703	1042
2704	1042
2705	1042
2706	1042
2707	1042
2708	1042
2709	1042
2710	1043
2711	1043
2712	1043
2713	1043
2714	1043
2715	1043
2716	1043
2717	1043
2718	1043
2719	1043
2720	1044
2721	1044
2722	1044
2723	1045
2724	1045
2725	1045
2726	1045
2727	1045
2728	1045
2729	1045
2730	1045
2731	1045
2732	1045
2733	1045
2734	1045
2735	1045
2736	1045
2737	1045
2738	1045
2739	1045
2740	1045
2741	1045
2742	1045
2743	1045
2744	1045
2745	1045
2746	1045
2747	1045
2748	1045
2749	1045
2750	1045
2751	1045
2752	1045
2753	1046
2754	1046
2755	1046
2756	1046
2757	1046
2758	1046
2759	1046
2760	1046
2761	1046
2762	1046
2763	1046
2764	1046
2765	1046
2766	1046
2767	1046
2768	1046
2769	1046
2770	1046
2771	1046
2772	1046
2773	1046
2774	1046
2775	1046
2776	1046
2777	1046
2778	1046
2779	1046
2780	1046
2781	1046
2782	1046
2783	1046
2784	1046
2785	1046
2786	1046
2787	1046
2788	1046
2789	1047
2790	1047
2791	1047
2792	1047
2793	1047
2794	1048
2795	1048
2796	1048
2797	1048
2798	1048
2799	1048
2800	1048
2801	1048
2802	1048
2803	1049
2804	1050
2805	1050
2806	1050
2807	1050
2808	1050
2809	1050
2810	1050
2811	1050
2812	1050
2813	1050
2814	1050
2815	1050
2816	1050
2817	1050
2818	1050
2819	1050
2820	1050
2821	1050
2822	1050
2823	1050
2824	1050
2825	1050
2826	1050
2827	1050
2828	1050
2829	1050
2830	1050
2831	1050
2832	1050
2833	1050
2834	1050
2835	1050
2836	1050
2837	1050
2838	1050
2839	1050
2840	1050
2841	1050
2842	1050
2843	1050
2844	1050
2845	1050
2846	1050
2847	1050
2848	1050
2849	1050
2850	1050
2851	1051
2852	1051
2853	1051
2854	1051
2855	1051
2856	1051
2857	1051
2858	1051
2859	1051
2860	1051
2861	1051
2862	1051
2863	1051
2864	1051
2865	1051
2866	1051
2867	1051
2868	1051
2869	1051
2870	1052
2871	1052
2872	1052
2873	1052
2874	1052
2875	1052
2876	1052
2877	1052
2878	1052
2879	1052
2880	1052
2881	1052
2882	1052
2883	1052
2884	1052
2885	1052
2886	1052
2887	1052
2888	1052
2889	1052
2890	1052
2891	1052
2892	1052
2893	1052
2894	1053
2895	1053
2896	1053
2897	1053
2898	1053
2899	1053
2900	1053
2901	1054
2902	1054
2903	1054
2904	1054
2905	1054
2906	1054
2907	1054
2908	1055
2909	1055
2910	1055
2911	1055
2912	1055
2913	1055
2914	1055
2915	1055
2916	1055
2917	1055
2918	1055
2919	1055
2920	1055
2921	1055
2922	1055
2923	1055
2924	1055
2925	1055
2926	1055
2927	1055
2928	1055
2929	1055
2930	1055
2931	1055
2932	1055
2933	1055
2934	1056
2935	1056
2936	1056
2937	1056
2938	1056
2939	1056
2940	1056
2941	1056
2942	1056
2943	1056
2944	1056
2945	1056
2946	1056
2947	1056
2948	1056
2949	1056
2950	1056
2951	1056
2952	1056
2953	1056
2954	1056
2955	1056
2956	1056
2957	1056
2958	1056
2959	1056
2960	1056
2961	1057
2962	1057
2963	1057
2964	1057
2965	1057
2966	1057
2967	1057
2968	1057
2969	1057
2970	1057
2971	1057
2972	1057
2973	1057
2974	1058
2975	1059
2976	1059
2977	1059
2978	1059
2979	1059
2980	1059
2981	1059
2982	1059
2983	1059
2984	1059
2985	1059
2986	1059
2987	1059
2988	1059
2989	1060
2990	1060
2991	1060
2992	1060
2993	1060
2994	1060
2995	1060
2996	1060
2997	1060
2998	1060
2999	1060
3000	1060
3001	1060
3002	1060
3003	1060
3004	1060
3005	1060
3006	1060
3007	1060
3008	1060
3009	1060
3010	1060
3011	1060
3012	1060
3013	1060
3014	1060
3015	1060
3016	1060
3017	1060
3018	1060
3019	1060
3020	1060
3021	1060
3022	1060
3023	1060
3024	1060
3025	1060
3026	1060
3027	1060
3028	1060
3029	1060
3030	1061
3031	1061
3032	1061
3033	1061
3034	1061
3035	1061
3036	1061
3037	1061
3038	1061
3039	1061
3040	1061
3041	1061
3042	1061
3043	1061
3044	1061
3045	1062
3046	1062
3047	1062
3048	1062
3049	1062
3050	1062
3051	1063
3052	1063
3053	1063
3054	1063
3055	1063
3056	1063
3057	1064
3058	1064
3059	1064
3060	1064
3061	1064
3062	1064
3063	1064
3064	1064
3065	1064
3066	1064
3067	1064
3068	1064
3069	1064
3070	1064
3071	1064
3072	1064
3073	1064
3074	1064
3075	1064
3076	1064
3077	1064
3078	1064
3079	1064
3080	1064
3081	1064
3082	1064
3083	1064
3084	1064
3085	1064
3086	1065
3087	1065
3088	1065
3089	1066
3090	1066
3091	1066
3092	1066
3093	1066
3094	1066
3095	1066
3096	1067
3097	1067
3098	1067
3099	1067
3100	1068
3101	1069
3102	1069
3103	1069
3104	1069
3105	1069
3106	1069
3107	1069
3108	1069
3109	1069
3110	1069
3111	1069
3112	1069
3113	1069
3114	1069
3115	1069
3116	1069
3117	1069
3118	1069
3119	1071
3120	1071
3121	1071
3122	1071
3123	1071
3124	1071
3125	1071
3126	1071
3127	1071
3128	1071
3129	1071
3130	1071
3131	1071
3132	1071
3133	1071
3134	1071
3135	1071
3136	1071
3137	1071
3138	1071
3139	1071
3140	1071
3141	1071
3142	1071
3143	1071
3144	1072
3145	1072
3146	1072
3147	1072
3148	1072
3149	1072
3150	1072
3151	1072
3152	1073
3153	1073
3154	1073
3155	1073
3156	1073
3157	1073
3158	1073
3159	1073
3160	1073
3161	1073
3162	1073
3163	1073
3164	1073
3165	1073
3166	1073
3167	1073
3168	1073
3169	1073
3170	1073
3171	1073
3172	1073
3173	1073
3174	1073
3175	1073
3176	1073
3177	1073
3178	1073
3179	1073
3180	1073
3181	1073
3182	1073
3183	1073
3184	1073
3185	1073
3186	1073
3187	1073
3188	1073
3189	1073
3190	1073
3191	1073
3192	1073
3193	1073
3194	1073
3195	1073
3196	1073
3197	1073
3198	1073
3199	1073
3200	1073
3201	1073
3202	1073
3203	1073
3204	1073
3205	1073
3206	1073
3207	1073
3208	1073
3209	1073
3210	1073
3211	1073
3212	1073
3213	1073
3214	1073
3215	1074
3216	1074
3217	1074
3218	1074
3219	1074
3220	1074
3221	1074
3222	1074
3223	1074
3224	1074
3225	1075
3226	1075
3227	1075
3228	1075
3229	1075
3230	1075
3231	1075
3232	1075
3233	1075
3234	1075
3235	1075
3236	1075
3237	1075
3238	1075
3239	1075
3240	1075
3241	1076
3242	1076
3243	1076
3244	1076
3245	1076
3246	1076
3247	1076
3248	1076
3249	1076
3250	1076
3251	1076
3252	1077
3253	1077
3254	1077
3255	1077
3256	1077
3257	1077
3258	1077
3259	1077
3260	1077
3261	1077
3262	1077
3263	1077
3264	1077
3265	1077
3266	1077
3267	1077
3268	1077
3269	1077
3270	1077
3271	1077
3272	1077
3273	1078
3274	1078
3275	1078
3276	1078
3277	1078
3278	1078
3279	1078
3280	1078
3281	1078
3282	1078
3283	1078
3284	1078
3285	1078
3286	1078
3287	1078
3288	1078
3289	1078
3290	1078
3291	1078
3292	1078
3293	1078
3294	1079
3295	1079
3296	1079
3297	1079
3298	1079
3299	1079
3300	1079
3301	1079
3302	1080
3303	1080
3304	1080
3305	1080
3306	1081
3307	1081
3308	1082
3309	1082
3310	1082
3311	1082
3312	1082
3313	1082
3314	1082
3315	1082
3316	1082
3317	1082
3318	1083
3319	1083
3320	1083
3321	1083
3322	1083
3323	1083
3324	1083
3325	1083
3326	1083
3327	1083
3328	1083
3329	1083
3330	1083
3331	1083
3332	1083
3333	1083
3334	1083
3335	1083
3336	1083
3337	1083
3338	1083
3339	1083
3340	1083
3341	1083
3342	1083
3343	1083
3344	1083
3345	1083
3346	1083
3347	1083
3348	1083
3349	1083
3350	1083
3351	1083
3352	1083
3353	1083
3354	1083
3355	1083
3356	1083
3357	1084
3358	1085
3359	1085
3360	1085
3361	1085
3362	1085
3363	1085
3364	1085
3365	1085
3366	1085
3367	1085
3368	1085
3369	1085
3370	1085
3371	1085
3372	1085
3373	1085
3374	1085
3375	1085
3376	1085
3377	1085
3378	1085
3379	1085
3380	1085
3381	1085
3382	1085
3383	1085
3384	1085
3385	1085
3386	1085
3387	1085
3388	1085
3389	1085
3390	1085
3391	1085
3392	1085
3393	1085
3394	1085
3395	1085
3396	1085
3397	1085
3398	1085
3399	1085
3400	1085
3401	1085
3402	1085
3403	1085
3404	1085
3405	1085
3406	1085
3407	1085
3408	1085
3409	1085
3410	1085
3411	1085
3412	1085
3413	1085
3414	1085
3415	1085
3416	1085
3417	1085
3418	1085
3419	1086
3420	1086
3421	1086
3422	1086
3423	1086
3424	1086
3425	1087
3426	1087
3427	1087
3428	1087
3429	1087
3430	1087
3431	1087
3432	1087
3433	1087
3434	1087
3435	1087
3436	1087
3437	1087
3438	1087
3439	1087
3440	1087
3441	1087
3442	1087
3443	1087
3444	1087
3445	1087
3446	1087
3447	1087
3448	1088
3449	1088
3450	1088
3451	1088
3452	1088
3453	1088
3454	1088
3455	1088
3456	1088
3457	1088
3458	1088
3459	1088
3460	1088
3461	1088
3462	1088
3463	1088
3464	1088
3465	1088
3466	1088
3467	1088
3468	1088
3469	1088
3470	1088
3471	1088
3472	1088
3473	1088
3474	1088
3475	1088
3476	1088
3477	1088
3478	1088
3479	1088
3480	1088
3481	1088
3482	1088
3483	1089
3484	1089
3485	1089
3486	1089
3487	1089
3488	1089
3489	1089
3490	1089
3491	1090
3492	1090
3493	1090
3494	1090
3495	1090
3496	1090
3497	1090
3498	1090
3499	1090
3500	1090
3501	1090
3502	1090
3503	1090
3504	1090
3505	1090
3506	1090
3507	1090
3508	1090
3509	1090
3510	1090
3511	1090
3512	1090
3513	1090
3514	1091
3515	1091
3516	1091
3517	1091
3518	1091
3519	1091
3520	1091
3521	1091
3522	1091
3523	1091
3524	1091
3525	1091
3526	1091
3527	1091
3528	1091
3529	1091
3530	1091
3531	1091
3532	1091
3533	1091
3534	1091
3535	1091
3536	1091
3537	1091
3538	1091
3539	1091
3540	1091
3541	1091
3542	1091
3543	1091
3544	1091
3545	1091
3546	1091
3547	1091
3548	1091
3549	1091
3550	1091
3551	1091
3552	1092
3553	1092
3554	1092
3555	1092
3556	1092
3557	1092
3558	1092
3559	1092
3560	1092
3561	1092
3562	1092
3563	1092
3564	1093
3565	1093
3566	1093
3567	1093
3568	1093
3569	1093
3570	1093
3571	1093
3572	1093
3573	1093
3574	1093
3575	1093
3576	1093
3577	1093
3578	1093
3579	1093
3580	1093
3581	1093
3582	1093
3583	1093
3584	1093
3585	1093
3586	1093
3587	1093
3588	1093
3589	1093
3590	1093
3591	1093
3592	1093
3593	1093
3594	1093
3595	1093
3596	1093
3597	1093
3598	1093
3599	1093
3600	1093
3601	1093
3602	1093
3603	1093
3604	1093
3605	1093
3606	1093
3607	1093
3608	1093
3609	1093
3610	1093
3611	1094
3612	1094
3613	1095
3614	1095
3615	1095
3616	1095
3617	1095
3618	1095
3619	1095
3620	1095
3621	1095
3622	1095
3623	1095
3624	1095
3625	1095
3626	1095
3627	1095
3628	1095
3629	1095
3630	1095
3631	1095
3632	1095
3633	1095
3634	1095
3635	1095
3636	1095
3637	1095
3638	1095
3639	1095
3640	1095
3641	1096
3642	1096
3643	1096
3644	1096
3645	1096
3646	1096
3647	1096
3648	1096
3649	1096
3650	1096
3651	1096
3652	1096
3653	1096
3654	1096
3655	1096
3656	1096
3657	1097
3658	1097
3659	1097
3660	1097
3661	1097
3662	1097
3663	1097
3664	1097
3665	1097
3666	1097
3667	1097
3668	1097
3669	1097
3670	1097
3671	1097
3672	1097
3673	1097
3674	1097
3675	1097
3676	1097
3677	1097
3678	1097
3679	1097
3680	1097
3681	1098
3682	1098
3683	1098
3684	1098
3685	1098
3686	1098
3687	1098
3688	1098
3689	1098
3690	1098
3691	1098
3692	1098
3693	1099
3694	1099
3695	1099
3696	1099
3697	1099
3698	1099
3699	1099
3700	1099
3701	1100
3702	1100
3703	1100
3704	1100
3705	1100
3706	1100
3707	1100
3708	1100
3709	1100
3710	1101
3711	1101
3712	1101
3713	1101
3714	1101
3715	1101
3716	1101
3717	1101
3718	1101
3719	1101
3720	1101
3721	1101
3722	1101
3723	1101
3724	1101
3725	1101
3726	1101
3727	1101
3728	1101
3729	1101
3730	1101
3731	1101
3732	1101
3733	1101
3734	1101
3735	1101
3736	1101
3737	1101
3738	1101
3739	1101
3740	1101
3741	1101
3742	1101
3743	1101
3744	1101
3745	1101
3746	1101
3747	1101
3748	1101
3749	1101
3750	1101
3751	1101
3752	1101
3753	1101
3754	1101
3755	1101
3756	1101
3757	1101
3758	1101
3759	1101
3760	1101
3761	1101
3762	1101
3763	1101
3764	1101
3765	1101
3766	1101
3767	1101
3768	1101
3769	1101
3770	1101
3771	1101
3772	1101
3773	1102
3774	1102
3775	1102
3776	1102
3777	1102
3778	1102
3779	1102
3780	1102
3781	1102
3782	1102
3783	1102
3784	1102
3785	1102
3786	1102
3787	1102
3788	1102
3789	1102
3790	1102
3791	1102
3792	1102
3793	1102
3794	1102
3795	1102
3796	1102
3797	1102
3798	1102
3799	1102
3800	1102
3801	1102
3802	1102
3803	1102
3804	1102
3805	1102
3806	1102
3807	1102
3808	1102
3809	1102
3810	1102
3811	1102
3812	1102
3813	1102
3814	1102
3815	1102
3816	1102
3817	1102
3818	1102
3819	1102
3820	1102
3821	1102
3822	1102
3823	1102
3824	1102
3825	1102
3826	1102
3827	1102
3828	1102
3829	1102
3830	1102
3831	1102
3832	1103
3833	1103
3834	1103
3835	1103
3836	1103
3837	1103
3838	1103
3839	1103
3840	1103
3841	1103
3842	1103
3843	1103
3844	1103
3845	1103
3846	1103
3847	1103
3848	1103
3849	1103
3850	1103
3851	1103
3852	1103
3853	1103
3854	1103
3855	1103
3856	1103
3857	1103
3858	1103
3859	1103
3860	1103
3861	1103
3862	1103
3863	1103
3864	1103
3865	1103
3866	1103
3867	1103
3868	1104
3869	1104
3870	1104
3871	1104
3872	1104
3873	1104
3874	1104
3875	1104
3876	1104
3877	1104
3878	1104
3879	1104
3880	1104
3881	1104
3882	1104
3883	1104
3884	1104
3885	1104
3886	1104
3887	1104
3888	1104
3889	1104
3890	1104
3891	1104
3892	1104
3893	1104
3894	1104
3895	1104
3896	1104
3897	1104
3898	1104
3899	1104
3900	1104
3901	1104
3902	1104
3903	1104
3904	1104
3905	1104
3906	1104
3907	1105
3908	1105
3909	1105
3910	1105
3911	1105
3912	1105
3913	1105
3914	1105
3915	1105
3916	1105
3917	1105
3918	1105
3919	1105
3920	1105
3921	1105
3922	1105
3923	1105
3924	1105
3925	1105
3926	1105
3927	1105
3928	1105
3929	1105
3930	1105
3931	1105
3932	1105
3933	1105
3934	1105
3935	1105
3936	1105
3937	1105
3938	1105
3939	1105
3940	1105
3941	1105
3942	1105
3943	1105
3944	1105
3945	1105
3946	1105
3947	1105
3948	1105
3949	1105
3950	1105
3951	1105
3952	1105
3953	1105
3954	1105
3955	1105
3956	1105
3957	1105
3958	1105
3959	1105
3960	1105
3961	1106
3962	1106
3963	1106
3964	1106
3965	1106
3966	1107
3967	1107
3968	1107
3969	1107
3970	1107
3971	1107
3972	1107
3973	1107
3974	1107
3975	1107
3976	1107
3977	1107
3978	1107
3979	1107
3980	1107
3981	1107
3982	1107
3983	1107
3984	1107
3985	1107
3986	1107
3987	1107
3988	1107
3989	1107
3990	1108
3991	1108
3992	1108
3993	1108
3994	1108
3995	1108
3996	1108
3997	1108
3998	1108
3999	1108
4000	1108
4001	1108
4002	1108
4003	1109
4004	1109
4005	1109
4006	1109
4007	1109
4008	1109
4009	1110
4010	1110
4011	1110
4012	1110
4013	1110
4014	1110
4015	1110
4016	1110
4017	1110
4018	1110
4019	1110
4020	1110
4021	1110
4022	1110
4023	1110
4024	1110
4025	1110
4026	1110
4027	1110
4028	1110
4029	1110
4030	1110
4031	1110
4032	1110
4033	1110
4034	1110
4035	1111
4036	1111
4037	1111
4038	1111
4039	1111
4040	1111
4041	1111
4042	1111
4043	1111
4044	1111
4045	1111
4046	1111
4047	1111
4048	1111
4049	1111
4050	1111
4051	1111
4052	1111
4053	1111
4054	1111
4055	1111
4056	1111
4057	1111
4058	1111
4059	1111
4060	1111
4061	1111
4062	1111
4063	1111
4064	1111
4065	1111
4066	1111
4067	1111
4068	1111
4069	1111
4070	1111
4071	1111
4072	1111
4073	1111
4074	1111
4075	1111
4076	1111
4077	1111
4078	1111
4079	1111
4080	1111
4081	1111
4082	1111
4083	1111
4084	1111
4085	1111
4086	1111
4087	1111
4088	1111
4089	1111
4090	1111
4091	1112
4092	1112
4093	1112
4094	1112
4095	1112
4096	1112
4097	1112
4098	1112
4099	1112
4100	1112
4101	1112
4102	1112
4103	1112
4104	1112
4105	1112
4106	1112
4107	1112
4108	1112
4109	1112
4110	1112
4111	1112
4112	1112
4113	1112
4114	1112
4115	1112
4116	1112
4117	1112
4118	1112
4119	1112
4120	1112
4121	1112
4122	1112
4123	1113
4124	1113
4125	1113
4126	1113
4127	1113
4128	1113
4129	1114
4130	1114
4131	1114
4132	1114
4133	1114
4134	1114
4135	1114
4136	1114
4137	1114
4138	1114
4139	1114
4140	1114
4141	1114
4142	1114
4143	1114
4144	1114
4145	1114
4146	1114
4147	1114
4148	1114
4149	1114
4150	1114
4151	1114
4152	1114
4153	1114
4154	1114
4155	1115
4156	1115
4157	1115
4158	1115
4159	1115
4160	1115
4161	1116
4162	1116
4163	1116
4164	1116
4165	1116
4166	1116
4167	1117
4168	1117
4169	1117
4170	1117
4171	1117
4172	1117
4173	1117
4174	1117
4175	1117
4176	1117
4177	1117
4178	1117
4179	1117
4180	1118
4181	1118
4182	1118
4183	1118
4184	1118
4185	1118
4186	1118
4187	1118
4188	1118
4189	1118
4190	1118
4191	1118
4192	1118
4193	1118
4194	1118
4195	1118
4196	1118
4197	1118
4198	1118
4199	1118
4200	1118
4201	1118
4202	1118
4203	1118
4204	1118
4205	1118
4206	1118
4207	1118
4208	1118
4209	1118
4210	1118
4211	1118
4212	1118
4213	1118
4214	1119
4215	1119
4216	1119
4217	1119
4218	1119
4219	1119
4220	1119
4221	1119
4222	1119
4223	1119
4224	1119
4225	1119
4226	1119
4227	1119
4228	1119
4229	1119
4230	1119
4231	1119
4232	1119
4233	1119
4234	1119
4235	1119
4236	1119
4237	1119
4238	1119
4239	1119
4240	1119
4241	1119
4242	1119
4243	1119
4244	1119
4245	1119
4246	1119
4247	1119
4248	1119
4249	1119
4250	1119
4251	1119
4252	1119
4253	1119
4254	1119
4255	1119
4256	1119
4257	1119
4258	1119
4259	1119
4260	1119
4261	1119
4262	1119
4263	1120
4264	1120
4265	1120
4266	1120
4267	1120
4268	1120
4269	1120
4270	1120
4271	1120
4272	1120
4273	1120
4274	1120
4275	1121
4276	1121
4277	1121
4278	1121
4279	1121
4280	1121
4281	1121
4282	1121
4283	1121
4284	1121
4285	1121
4286	1121
4287	1121
4288	1121
4289	1121
4290	1121
4291	1121
4292	1121
4293	1121
4294	1121
4295	1121
4296	1121
4297	1121
4298	1121
4299	1121
4300	1121
4301	1121
4302	1121
4303	1121
4304	1121
4305	1121
4306	1121
4307	1121
4308	1121
4309	1121
4310	1121
4311	1121
4312	1121
4313	1121
4314	1121
4315	1121
4316	1121
4317	1121
4318	1121
4319	1121
4320	1121
4321	1121
4322	1121
4323	1121
4324	1121
4325	1121
4326	1121
4327	1121
4328	1121
4329	1121
4330	1121
4331	1121
4332	1121
4333	1121
4334	1121
4335	1121
4336	1121
4337	1121
4338	1121
4339	1121
4340	1121
4341	1121
4342	1121
4343	1121
4344	1121
4345	1121
4346	1121
4347	1121
4348	1121
4349	1121
4350	1121
4351	1121
4352	1121
4353	1121
4354	1121
4355	1121
4356	1121
4357	1121
4358	1121
4359	1121
4360	1121
4361	1121
4362	1121
4363	1121
4364	1121
4365	1121
4366	1121
4367	1121
4368	1121
4369	1121
4370	1121
4371	1121
4372	1121
4373	1121
4374	1121
4375	1121
4376	1121
4377	1121
4378	1121
4379	1121
4380	1121
4381	1121
4382	1121
4383	1121
4384	1121
4385	1121
4386	1121
4387	1121
4388	1121
4389	1121
4390	1121
4391	1121
4392	1121
4393	1121
4394	1121
4395	1121
4396	1121
4397	1121
4398	1121
4399	1121
4400	1121
4401	1121
4402	1121
4403	1121
4404	1121
4405	1121
4406	1121
4407	1121
4408	1121
4409	1121
4410	1121
4411	1121
4412	1121
4413	1121
4414	1121
4415	1121
4416	1121
4417	1121
4418	1121
4419	1121
4420	1121
4421	1121
4422	1121
4423	1121
4424	1121
4425	1121
4426	1121
4427	1121
4428	1121
4429	1121
4430	1121
4431	1121
4432	1121
4433	1121
4434	1121
4435	1121
4436	1121
4437	1122
4438	1122
4439	1122
4440	1122
4441	1122
4442	1122
4443	1122
4444	1122
4445	1122
4446	1122
4447	1122
4448	1122
4449	1122
4450	1122
4451	1122
4452	1122
4453	1122
4454	1122
4455	1122
4456	1122
4457	1122
4458	1122
4459	1122
4460	1122
4461	1122
4462	1122
4463	1122
4464	1122
4465	1122
4466	1122
4467	1122
4468	1122
4469	1122
4470	1122
4471	1122
4472	1122
4473	1122
4474	1122
4475	1122
4476	1122
4477	1122
4478	1122
4479	1122
4480	1122
4481	1122
4482	1122
4483	1122
4484	1122
4485	1122
4486	1122
4487	1122
4488	1122
4489	1122
4490	1122
4491	1122
4492	1122
4493	1122
4494	1122
4495	1122
4496	1122
4497	1122
4498	1122
4499	1122
4500	1122
4501	1122
4502	1122
4503	1122
4504	1122
4505	1122
4506	1122
4507	1122
4508	1122
4509	1122
4510	1122
4511	1122
4512	1122
4513	1122
4514	1122
4515	1122
4516	1122
4517	1122
4518	1122
4519	1122
4520	1122
4521	1122
4522	1122
4523	1122
4524	1122
4525	1122
4526	1122
4527	1122
4528	1122
4529	1122
4530	1122
4531	1122
4532	1122
4533	1122
4534	1122
4535	1122
4536	1122
4537	1122
4538	1122
4539	1122
4540	1122
4541	1122
4542	1122
4543	1122
4544	1122
4545	1122
4546	1122
4547	1122
4548	1122
4549	1122
4550	1122
4551	1122
4552	1122
4553	1122
4554	1122
4555	1122
4556	1122
4557	1122
4558	1123
4559	1123
4560	1123
4561	1123
4562	1123
4563	1123
4564	1123
4565	1123
4566	1123
4567	1123
4568	1123
4569	1123
4570	1123
4571	1123
4572	1123
4573	1123
4574	1123
4575	1123
4576	1123
4577	1123
4578	1123
4579	1123
4580	1123
4581	1124
4582	1124
4583	1124
4584	1124
4585	1124
4586	1124
4587	1124
4588	1124
4589	1125
4590	1125
4591	1125
4592	1125
4593	1125
4594	1125
4595	1125
4596	1125
4597	1125
4598	1125
4599	1125
4600	1125
4601	1125
4602	1125
4603	1125
4604	1125
4605	1126
4606	1126
4607	1126
4608	1126
4609	1126
4610	1126
4611	1127
4612	1127
4613	1127
4614	1127
4615	1127
4616	1127
4617	1127
4618	1127
4619	1127
4620	1127
4621	1127
4622	1127
4623	1127
4624	1128
4625	1128
4626	1128
4627	1128
4628	1128
4629	1128
4630	1128
4631	1128
4632	1128
4633	1128
4634	1128
4635	1128
4636	1128
4637	1128
4638	1128
4639	1128
4640	1128
4641	1128
4642	1128
4643	1128
4644	1128
4645	1128
4646	1128
4647	1128
4648	1128
4649	1128
4650	1128
4651	1129
4652	1129
4653	1129
4654	1129
4655	1129
4656	1129
4657	1129
4658	1129
4659	1129
4660	1129
4661	1129
4662	1129
4663	1129
4664	1129
4665	1129
4666	1129
4667	1129
4668	1129
4669	1129
4670	1129
4671	1129
4672	1129
4673	1129
4674	1129
4675	1129
4676	1129
4677	1129
4678	1129
4679	1129
4680	1129
4681	1129
4682	1129
4683	1129
4684	1129
4685	1129
4686	1129
4687	1129
4688	1129
4689	1129
4690	1129
4691	1129
4692	1129
4693	1129
4694	1129
4695	1129
4696	1129
4697	1129
4698	1129
4699	1129
4700	1129
4701	1129
4702	1129
4703	1129
4704	1129
4705	1129
4706	1129
4707	1129
4708	1129
4709	1129
4710	1129
4711	1129
4712	1129
4713	1129
4714	1129
4715	1129
4716	1129
4717	1129
4718	1129
4719	1129
4720	1129
4721	1129
4722	1129
4723	1129
4724	1129
4725	1129
4726	1129
4727	1129
4728	1129
4729	1129
4730	1129
4731	1129
4732	1129
4733	1129
4734	1129
4735	1129
4736	1129
4737	1129
4738	1129
4739	1129
4740	1129
4741	1129
4742	1129
4743	1129
4744	1129
4745	1129
4746	1129
4747	1129
4748	1129
4749	1129
4750	1130
4751	1130
4752	1130
4753	1130
4754	1130
4755	1130
4756	1130
4757	1130
4758	1130
4759	1130
4760	1130
4761	1130
4762	1130
4763	1131
4764	1131
4765	1131
4766	1131
4767	1131
4768	1131
4769	1132
4770	1132
4771	1132
4772	1132
4773	1132
4774	1132
4775	1132
4776	1132
4777	1132
4778	1132
4779	1132
4780	1132
4781	1132
4782	1132
4783	1132
4784	1132
4785	1132
4786	1132
4787	1132
4788	1132
4789	1132
4790	1132
4791	1132
4792	1132
4793	1132
4794	1132
4795	1132
4796	1132
4797	1132
4798	1132
4799	1132
4800	1132
4801	1132
4802	1132
4803	1132
4804	1132
4805	1132
4806	1132
4807	1132
4808	1132
4809	1132
4810	1132
4811	1132
4812	1132
4813	1132
4814	1132
4815	1132
4816	1132
4817	1133
4818	1133
4819	1133
4820	1133
4821	1133
4822	1133
4823	1133
4824	1133
4825	1133
4826	1133
4827	1133
4828	1133
4829	1133
4830	1133
4831	1133
4832	1133
4833	1134
4834	1134
4835	1134
4836	1134
4837	1134
4838	1134
4839	1134
4840	1134
4841	1134
4842	1134
4843	1134
4844	1134
4845	1134
4846	1134
4847	1134
4848	1134
4849	1134
4850	1134
4851	1134
4852	1134
4853	1134
4854	1134
4855	1134
4856	1134
4857	1134
4858	1134
4859	1134
4860	1134
4861	1134
4862	1135
4863	1135
4864	1135
4865	1135
4866	1135
4867	1135
4868	1135
4869	1135
4870	1135
4871	1135
4872	1136
4873	1136
4874	1136
4875	1136
4876	1136
4877	1136
4878	1136
4879	1136
4880	1136
4881	1136
4882	1136
4883	1136
4884	1136
4885	1136
4886	1136
4887	1136
4888	1136
4889	1136
4890	1136
4891	1136
4892	1136
4893	1136
4894	1136
4895	1136
4896	1136
4897	1136
4898	1136
4899	1136
4900	1136
4901	1136
4902	1136
4903	1137
4904	1137
4905	1137
4906	1137
4907	1137
4908	1137
4909	1137
4910	1137
4911	1137
4912	1137
4913	1137
4914	1137
4915	1137
4916	1137
4917	1137
4918	1137
4919	1137
4920	1137
4921	1137
4922	1137
4923	1137
4924	1137
4925	1137
4926	1137
4927	1137
4928	1137
4929	1137
4930	1137
4931	1137
4932	1137
4933	1137
4934	1137
4935	1137
4936	1137
4937	1137
4938	1137
4939	1137
4940	1137
4941	1137
4942	1137
4943	1137
4944	1137
4945	1137
4946	1137
4947	1137
4948	1137
4949	1137
4950	1137
4951	1137
4952	1137
4953	1137
4954	1137
4955	1137
4956	1137
4957	1137
4958	1137
4959	1137
4960	1137
4961	1137
4962	1137
4963	1137
4964	1137
4965	1137
4966	1137
4967	1137
4968	1137
4969	1137
4970	1137
4971	1137
4972	1137
4973	1137
4974	1137
4975	1137
4976	1137
4977	1137
4978	1138
4979	1138
4980	1138
4981	1138
4982	1138
4983	1138
4984	1138
4985	1138
4986	1138
4987	1138
4988	1138
4989	1138
4990	1138
4991	1138
4992	1138
4993	1138
4994	1138
4995	1138
4996	1138
4997	1138
4998	1138
4999	1138

