0	0
1	0
2	0
3	0
4	0
5	0
6	0
7	0
8	0
9	0
10	0
11	0
12	0
13	0
14	0
15	0
16	0
17	0
18	0
19	0
20	0
21	0
22	0
23	0
24	0
25	0
26	0
27	0
28	0
29	0
30	0
31	0
32	0
33	0
34	0
35	0
36	0
37	0
38	0
39	0
40	0
41	0
42	0
43	0
44	0
45	0
46	0
47	0
48	0
49	0
50	0
51	0
52	0
53	0
54	0
55	0
56	0
57	0
58	0
59	0
60	0
61	0
62	0
63	0
64	0
65	0
66	0
67	0
68	0
69	0
70	0
71	0
72	0
73	0
74	0
75	0
76	0
77	0
78	0
79	0
80	0
81	0
82	0
83	0
84	0
85	0
86	0
87	0
88	0
89	0
90	0
91	0
92	0
93	0
94	1
95	1
96	1
97	1
98	1
99	1
100	1
101	1
102	2
103	3
104	3
105	3
106	3
107	4
108	5
109	5
110	5
111	7
112	7
113	7
114	7
115	7
116	8
117	8
118	9
119	9
120	9
121	10
122	10
123	10
124	10
125	10
126	13
127	14
128	15
129	17
130	18
131	21
132	22
133	23
134	24
135	24
136	25
137	26
138	27
139	28
140	29
141	30
142	32
143	33
144	34
145	34
146	36
147	38
148	38
149	41
150	41
151	41
152	41
153	42
154	44
155	47
156	49
157	51
158	52
159	55
160	56
161	56
162	57
163	58
164	60
165	62
166	65
167	68
168	68
169	69
170	71
171	71
172	72
173	76
174	77
175	78
176	78
177	79
178	82
179	83
180	88
181	90
182	92
183	94
184	94
185	99
186	102
187	103
188	106
189	108
190	109
191	109
192	111
193	112
194	113
195	115
196	115
197	119
198	120
199	120
200	122
201	126
202	126
203	127
204	130
205	131
206	131
207	132
208	136
209	138
210	141
211	143
212	145
213	145
214	146
215	147
216	148
217	151
218	153
219	155
220	156
221	158
222	158
223	159
224	161
225	163
226	165
227	165
228	167
229	169
230	174
231	175
232	175
233	181
234	185
235	186
236	186
237	186
238	187
239	187
240	190
241	191
242	192
243	193
244	194
245	195
246	195
247	196
248	197
249	198
250	199
251	200
252	202
253	203
254	204
255	204
256	204
257	207
258	210
259	211
260	212
261	214
262	216
263	218
264	219
265	221
266	221
267	222
268	222
269	223
270	225
271	226
272	226
273	229
274	229
275	230
276	231
277	234
278	236
279	238
280	242
281	246
282	249
283	249
284	251
285	252
286	254
287	255
288	255
289	255
290	259
291	260
292	261
293	262
294	264
295	266
296	269
297	270
298	270
299	270
300	271
301	276
302	276
303	278
304	278
305	281
306	282
307	282
308	283
309	283
310	284
311	286
312	291
313	293
314	293
315	293
316	294
317	295
318	296
319	297
320	298
321	299
322	301
323	301
324	304
325	306
326	307
327	309
328	311
329	311
330	313
331	313
332	313
333	315
334	315
335	315
336	316
337	317
338	319
339	319
340	320
341	322
342	323
343	323
344	325
345	325
346	326
347	327
348	328
349	328
350	331
351	332
352	332
353	333
354	335
355	337
356	339
357	339
358	339
359	341
360	344
361	345
362	346
363	347
364	347
365	348
366	349
367	351
368	353
369	353
370	354
371	357
372	359
373	359
374	359
375	359
376	359
377	362
378	362
379	363
380	364
381	364
382	366
383	368
384	369
385	369
386	370
387	370
388	370
389	370
390	371
391	372
392	373
393	374
394	374
395	374
396	376
397	379
398	381
399	383
400	383
401	383
402	383
403	386
404	387
405	388
406	388
407	388
408	388
409	389
410	391
411	392
412	392
413	393
414	393
415	395
416	395
417	397
418	399
419	401
420	402
421	404
422	405
423	405
424	407
425	407
426	408
427	410
428	410
429	410
430	412
431	412
432	412
433	413
434	413
435	414
436	415
437	417
438	419
439	419
440	421
441	422
442	423
443	423
444	425
445	427
446	428
447	429
448	429
449	430
450	430
451	430
452	432
453	432
454	433
455	433
456	435
457	435
458	436
459	436
460	436
461	437
462	439
463	439
464	439
465	440
466	442
467	444
468	446
469	447
470	447
471	447
472	448
473	448
474	449
475	450
476	450
477	452
478	454
479	456
480	456
481	456
482	458
483	460
484	462
485	463
486	463
487	463
488	464
489	464
490	465
491	465
492	466
493	467
494	468
495	470
496	471
497	473
498	474
499	475
500	475
501	476
502	478
503	478
504	478
505	478
506	479
507	479
508	480
509	481
510	482
511	482
512	482
513	483
514	483
515	483
516	485
517	488
518	489
519	489
520	489
521	489
522	489
523	490
524	490
525	491
526	494
527	495
528	496
529	499
530	499
531	499
532	499
533	499
534	502
535	502
536	503
537	504
538	505
539	505
540	506
541	507
542	509
543	509
544	510
545	510
546	510
547	512
548	512
549	513
550	513
551	513
552	514
553	516
554	516
555	517
556	517
557	519
558	520
559	520
560	520
561	520
562	521
563	521
564	521
565	521
566	521
567	522
568	523
569	523
570	524
571	525
572	526
573	526
574	526
575	526
576	526
577	528
578	528
579	528
580	530
581	530
582	531
583	531
584	532
585	532
586	533
587	533
588	535
589	536
590	536
591	537
592	537
593	539
594	540
595	540
596	541
597	541
598	541
599	542
600	544
601	544
602	545
603	546
604	546
605	548
606	548
607	548
608	552
609	552
610	552
611	553
612	554
613	554
614	554
615	554
616	555
617	555
618	555
619	556
620	556
621	556
622	556
623	556
624	557
625	558
626	559
627	559
628	560
629	561
630	561
631	561
632	561
633	561
634	562
635	562
636	563
637	563
638	564
639	564
640	564
641	564
642	565
643	566
644	568
645	568
646	570
647	570
648	571
649	572
650	573
651	573
652	573
653	573
654	574
655	574
656	574
657	574
658	574
659	575
660	575
661	576
662	578
663	579
664	580
665	583
666	584
667	585
668	585
669	585
670	586
671	587
672	587
673	588
674	588
675	588
676	589
677	589
678	591
679	591
680	591
681	591
682	592
683	593
684	594
685	594
686	594
687	595
688	596
689	596
690	596
691	597
692	597
693	599
694	600
695	601
696	602
697	602
698	603
699	603
700	604
701	604
702	604
703	605
704	606
705	607
706	608
707	609
708	611
709	613
710	614
711	616
712	617
713	617
714	618
715	618
716	619
717	619
718	619
719	619
720	620
721	620
722	620
723	620
724	620
725	621
726	622
727	622
728	622
729	623
730	623
731	624
732	626
733	627
734	628
735	628
736	628
737	628
738	629
739	629
740	629
741	630
742	631
743	631
744	631
745	631
746	631
747	631
748	632
749	635
750	636
751	637
752	637
753	637
754	637
755	638
756	638
757	638
758	638
759	639
760	639
761	639
762	639
763	639
764	639
765	640
766	640
767	641
768	641
769	642
770	642
771	642
772	643
773	644
774	644
775	645
776	647
777	648
778	649
779	650
780	650
781	650
782	650
783	650
784	651
785	651
786	652
787	654
788	654
789	654
790	654
791	654
792	655
793	656
794	656
795	656
796	658
797	658
798	659
799	659
800	660
801	660
802	660
803	661
804	661
805	662
806	662
807	662
808	662
809	662
810	663
811	663
812	665
813	665
814	665
815	665
816	666
817	667
818	667
819	668
820	668
821	668
822	668
823	668
824	668
825	669
826	670
827	670
828	670
829	670
830	670
831	670
832	670
833	671
834	672
835	672
836	674
837	674
838	674
839	674
840	674
841	676
842	676
843	677
844	677
845	677
846	678
847	680
848	683
849	683
850	683
851	683
852	683
853	683
854	683
855	683
856	685
857	685
858	685
859	685
860	685
861	686
862	686
863	686
864	687
865	688
866	688
867	688
868	689
869	690
870	691
871	691
872	691
873	691
874	691
875	693
876	693
877	695
878	695
879	696
880	696
881	698
882	699
883	702
884	702
885	702
886	702
887	702
888	702
889	702
890	703
891	704
892	705
893	705
894	706
895	708
896	708
897	709
898	711
899	711
900	711
901	712
902	713
903	714
904	714
905	714
906	714
907	714
908	714
909	715
910	715
911	715
912	716
913	716
914	717
915	717
916	717
917	717
918	717
919	717
920	717
921	717
922	717
923	718
924	718
925	720
926	720
927	720
928	720
929	720
930	720
931	720
932	721
933	721
934	723
935	724
936	724
937	724
938	724
939	725
940	725
941	725
942	726
943	726
944	726
945	726
946	726
947	726
948	727
949	727
950	730
951	730
952	731
953	733
954	733
955	733
956	733
957	734
958	735
959	735
960	735
961	735
962	737
963	737
964	737
965	737
966	738
967	738
968	739
969	739
970	739
971	740
972	740
973	740
974	742
975	742
976	742
977	743
978	743
979	743
980	743
981	743
982	743
983	743
984	743
985	744
986	744
987	745
988	745
989	745
990	745
991	746
992	746
993	748
994	749
995	749
996	749
997	749
998	750
999	750
1000	750
1001	750
1002	750
1003	750
1004	751
1005	751
1006	752
1007	753
1008	753
1009	753
1010	753
1011	753
1012	753
1013	754
1014	755
1015	756
1016	757
1017	757
1018	757
1019	758
1020	758
1021	758
1022	758
1023	758
1024	758
1025	759
1026	761
1027	761
1028	761
1029	761
1030	761
1031	761
1032	762
1033	762
1034	762
1035	762
1036	762
1037	762
1038	762
1039	762
1040	762
1041	762
1042	762
1043	762
1044	762
1045	762
1046	762
1047	762
1048	763
1049	763
1050	763
1051	763
1052	763
1053	763
1054	763
1055	764
1056	764
1057	764
1058	764
1059	764
1060	764
1061	764
1062	764
1063	764
1064	764
1065	764
1066	765
1067	766
1068	766
1069	766
1070	766
1071	766
1072	766
1073	767
1074	767
1075	767
1076	768
1077	771
1078	772
1079	773
1080	773
1081	774
1082	774
1083	774
1084	774
1085	774
1086	774
1087	774
1088	774
1089	775
1090	775
1091	775
1092	776
1093	776
1094	776
1095	776
1096	777
1097	777
1098	777
1099	777
1100	777
1101	778
1102	778
1103	778
1104	778
1105	779
1106	779
1107	779
1108	780
1109	781
1110	781
1111	781
1112	781
1113	781
1114	781
1115	781
1116	781
1117	782
1118	783
1119	783
1120	783
1121	783
1122	785
1123	786
1124	786
1125	786
1126	786
1127	786
1128	786
1129	786
1130	786
1131	786
1132	786
1133	786
1134	787
1135	789
1136	789
1137	790
1138	791
1139	791
1140	791
1141	792
1142	792
1143	793
1144	793
1145	793
1146	793
1147	794
1148	794
1149	794
1150	795
1151	795
1152	795
1153	795
1154	795
1155	795
1156	795
1157	795
1158	795
1159	795
1160	795
1161	795
1162	795
1163	796
1164	798
1165	800
1166	801
1167	801
1168	801
1169	802
1170	802
1171	803
1172	803
1173	803
1174	803
1175	803
1176	803
1177	803
1178	804
1179	804
1180	805
1181	805
1182	806
1183	806
1184	807
1185	807
1186	808
1187	808
1188	808
1189	808
1190	808
1191	809
1192	810
1193	811
1194	811
1195	811
1196	812
1197	813
1198	813
1199	815
1200	815
1201	815
1202	815
1203	817
1204	817
1205	817
1206	817
1207	817
1208	817
1209	817
1210	817
1211	817
1212	817
1213	817
1214	818
1215	818
1216	818
1217	819
1218	819
1219	819
1220	819
1221	819
1222	819
1223	819
1224	819
1225	820
1226	822
1227	823
1228	823
1229	823
1230	823
1231	823
1232	823
1233	823
1234	823
1235	823
1236	823
1237	825
1238	826
1239	826
1240	826
1241	826
1242	826
1243	826
1244	827
1245	827
1246	827
1247	828
1248	829
1249	830
1250	830
1251	830
1252	830
1253	830
1254	830
1255	830
1256	830
1257	830
1258	830
1259	830
1260	830
1261	830
1262	830
1263	830
1264	830
1265	830
1266	830
1267	830
1268	831
1269	831
1270	832
1271	832
1272	832
1273	832
1274	832
1275	832
1276	832
1277	832
1278	832
1279	832
1280	832
1281	832
1282	833
1283	835
1284	836
1285	837
1286	837
1287	837
1288	837
1289	837
1290	837
1291	839
1292	839
1293	839
1294	839
1295	839
1296	839
1297	839
1298	839
1299	839
1300	841
1301	843
1302	843
1303	843
1304	843
1305	843
1306	843
1307	843
1308	844
1309	844
1310	844
1311	844
1312	845
1313	845
1314	845
1315	847
1316	847
1317	847
1318	847
1319	847
1320	847
1321	848
1322	848
1323	848
1324	849
1325	849
1326	849
1327	850
1328	851
1329	851
1330	852
1331	852
1332	852
1333	852
1334	852
1335	852
1336	852
1337	852
1338	852
1339	852
1340	852
1341	852
1342	852
1343	853
1344	854
1345	855
1346	855
1347	855
1348	855
1349	855
1350	856
1351	856
1352	857
1353	857
1354	857
1355	857
1356	857
1357	857
1358	858
1359	858
1360	859
1361	859
1362	860
1363	860
1364	860
1365	860
1366	860
1367	860
1368	860
1369	860
1370	861
1371	862
1372	862
1373	862
1374	862
1375	862
1376	862
1377	863
1378	864
1379	864
1380	864
1381	864
1382	865
1383	865
1384	865
1385	866
1386	866
1387	866
1388	866
1389	867
1390	867
1391	867
1392	867
1393	867
1394	867
1395	867
1396	867
1397	867
1398	867
1399	867
1400	867
1401	867
1402	867
1403	867
1404	867
1405	867
1406	867
1407	867
1408	868
1409	868
1410	868
1411	869
1412	869
1413	870
1414	870
1415	870
1416	870
1417	870
1418	870
1419	870
1420	870
1421	870
1422	870
1423	871
1424	871
1425	872
1426	872
1427	874
1428	874
1429	875
1430	875
1431	875
1432	875
1433	875
1434	875
1435	876
1436	876
1437	876
1438	877
1439	877
1440	877
1441	877
1442	877
1443	877
1444	877
1445	878
1446	878
1447	878
1448	878
1449	880
1450	880
1451	880
1452	882
1453	882
1454	882
1455	882
1456	882
1457	882
1458	882
1459	883
1460	883
1461	884
1462	884
1463	884
1464	885
1465	886
1466	886
1467	886
1468	886
1469	886
1470	886
1471	887
1472	887
1473	887
1474	887
1475	887
1476	887
1477	887
1478	887
1479	887
1480	887
1481	887
1482	887
1483	887
1484	887
1485	887
1486	887
1487	887
1488	887
1489	888
1490	888
1491	889
1492	889
1493	889
1494	889
1495	889
1496	890
1497	891
1498	891
1499	891
1500	891
1501	891
1502	892
1503	892
1504	893
1505	894
1506	894
1507	895
1508	895
1509	895
1510	896
1511	896
1512	896
1513	896
1514	898
1515	898
1516	898
1517	898
1518	898
1519	898
1520	899
1521	899
1522	900
1523	900
1524	900
1525	900
1526	900
1527	900
1528	902
1529	902
1530	902
1531	902
1532	903
1533	903
1534	903
1535	903
1536	903
1537	903
1538	903
1539	903
1540	903
1541	903
1542	904
1543	904
1544	904
1545	904
1546	904
1547	904
1548	904
1549	905
1550	905
1551	905
1552	905
1553	905
1554	905
1555	905
1556	906
1557	906
1558	906
1559	906
1560	906
1561	906
1562	906
1563	906
1564	906
1565	906
1566	907
1567	907
1568	907
1569	907
1570	907
1571	907
1572	908
1573	908
1574	909
1575	909
1576	909
1577	909
1578	909
1579	910
1580	910
1581	910
1582	910
1583	911
1584	911
1585	911
1586	911
1587	911
1588	911
1589	911
1590	911
1591	911
1592	911
1593	911
1594	911
1595	911
1596	911
1597	911
1598	911
1599	911
1600	911
1601	911
1602	911
1603	911
1604	911
1605	912
1606	912
1607	912
1608	912
1609	912
1610	912
1611	912
1612	913
1613	913
1614	914
1615	914
1616	914
1617	914
1618	914
1619	914
1620	914
1621	914
1622	914
1623	914
1624	914
1625	914
1626	914
1627	914
1628	915
1629	915
1630	915
1631	915
1632	915
1633	915
1634	915
1635	916
1636	917
1637	917
1638	917
1639	917
1640	917
1641	917
1642	917
1643	917
1644	918
1645	918
1646	918
1647	918
1648	918
1649	918
1650	919
1651	919
1652	920
1653	920
1654	920
1655	920
1656	920
1657	920
1658	920
1659	920
1660	920
1661	920
1662	920
1663	920
1664	920
1665	920
1666	920
1667	920
1668	920
1669	920
1670	920
1671	920
1672	920
1673	921
1674	921
1675	921
1676	922
1677	922
1678	922
1679	922
1680	923
1681	923
1682	923
1683	924
1684	924
1685	924
1686	924
1687	924
1688	924
1689	924
1690	924
1691	924
1692	924
1693	924
1694	924
1695	925
1696	925
1697	925
1698	926
1699	926
1700	926
1701	926
1702	926
1703	926
1704	926
1705	926
1706	926
1707	926
1708	926
1709	926
1710	928
1711	928
1712	928
1713	928
1714	928
1715	929
1716	929
1717	929
1718	930
1719	930
1720	930
1721	930
1722	930
1723	930
1724	931
1725	931
1726	931
1727	931
1728	931
1729	931
1730	931
1731	931
1732	932
1733	932
1734	932
1735	932
1736	932
1737	932
1738	932
1739	932
1740	932
1741	932
1742	932
1743	932
1744	932
1745	932
1746	932
1747	932
1748	932
1749	932
1750	932
1751	932
1752	932
1753	932
1754	932
1755	932
1756	932
1757	932
1758	932
1759	932
1760	932
1761	932
1762	934
1763	934
1764	935
1765	935
1766	936
1767	936
1768	936
1769	936
1770	936
1771	937
1772	938
1773	938
1774	938
1775	938
1776	938
1777	938
1778	938
1779	938
1780	938
1781	939
1782	939
1783	939
1784	939
1785	939
1786	939
1787	939
1788	939
1789	939
1790	939
1791	939
1792	940
1793	940
1794	940
1795	940
1796	940
1797	940
1798	940
1799	940
1800	940
1801	941
1802	941
1803	941
1804	941
1805	941
1806	941
1807	941
1808	941
1809	941
1810	942
1811	942
1812	942
1813	942
1814	943
1815	943
1816	943
1817	943
1818	944
1819	944
1820	944
1821	944
1822	944
1823	944
1824	944
1825	944
1826	945
1827	945
1828	945
1829	945
1830	945
1831	945
1832	945
1833	945
1834	945
1835	945
1836	945
1837	945
1838	946
1839	946
1840	946
1841	946
1842	947
1843	947
1844	948
1845	948
1846	948
1847	949
1848	949
1849	949
1850	949
1851	949
1852	950
1853	950
1854	950
1855	951
1856	951
1857	951
1858	951
1859	951
1860	951
1861	951
1862	952
1863	952
1864	952
1865	953
1866	954
1867	955
1868	955
1869	955
1870	957
1871	957
1872	957
1873	958
1874	958
1875	958
1876	958
1877	958
1878	958
1879	959
1880	959
1881	959
1882	959
1883	960
1884	961
1885	961
1886	961
1887	961
1888	961
1889	961
1890	961
1891	961
1892	961
1893	962
1894	963
1895	963
1896	963
1897	963
1898	963
1899	963
1900	963
1901	964
1902	964
1903	965
1904	965
1905	965
1906	965
1907	965
1908	965
1909	965
1910	966
1911	966
1912	966
1913	966
1914	966
1915	966
1916	966
1917	966
1918	966
1919	966
1920	966
1921	966
1922	966
1923	966
1924	966
1925	966
1926	966
1927	966
1928	966
1929	966
1930	966
1931	966
1932	966
1933	966
1934	966
1935	966
1936	966
1937	966
1938	966
1939	967
1940	968
1941	968
1942	968
1943	968
1944	968
1945	968
1946	968
1947	968
1948	968
1949	968
1950	968
1951	969
1952	969
1953	969
1954	970
1955	970
1956	970
1957	970
1958	970
1959	970
1960	970
1961	970
1962	970
1963	970
1964	970
1965	970
1966	971
1967	973
1968	973
1969	973
1970	973
1971	973
1972	973
1973	973
1974	973
1975	973
1976	973
1977	973
1978	974
1979	974
1980	974
1981	974
1982	974
1983	974
1984	974
1985	974
1986	974
1987	974
1988	974
1989	974
1990	974
1991	974
1992	974
1993	974
1994	974
1995	974
1996	975
1997	975
1998	975
1999	975
2000	975
2001	975
2002	976
2003	976
2004	978
2005	978
2006	978
2007	978
2008	978
2009	978
2010	978
2011	978
2012	978
2013	978
2014	978
2015	978
2016	978
2017	979
2018	979
2019	979
2020	979
2021	979
2022	979
2023	979
2024	979
2025	979
2026	979
2027	979
2028	979
2029	979
2030	979
2031	979
2032	980
2033	980
2034	981
2035	981
2036	981
2037	981
2038	981
2039	981
2040	981
2041	981
2042	981
2043	981
2044	981
2045	981
2046	981
2047	981
2048	982
2049	982
2050	982
2051	982
2052	982
2053	982
2054	982
2055	983
2056	984
2057	984
2058	984
2059	984
2060	984
2061	985
2062	985
2063	985
2064	985
2065	986
2066	986
2067	986
2068	986
2069	986
2070	986
2071	986
2072	986
2073	986
2074	986
2075	986
2076	986
2077	986
2078	987
2079	987
2080	987
2081	987
2082	987
2083	988
2084	989
2085	989
2086	989
2087	989
2088	989
2089	989
2090	990
2091	990
2092	990
2093	990
2094	990
2095	990
2096	990
2097	990
2098	990
2099	990
2100	990
2101	991
2102	991
2103	991
2104	991
2105	991
2106	991
2107	991
2108	991
2109	991
2110	991
2111	991
2112	991
2113	991
2114	991
2115	991
2116	991
2117	992
2118	992
2119	992
2120	992
2121	992
2122	992
2123	993
2124	993
2125	993
2126	993
2127	993
2128	993
2129	993
2130	993
2131	993
2132	993
2133	993
2134	993
2135	993
2136	993
2137	993
2138	993
2139	993
2140	993
2141	993
2142	993
2143	994
2144	995
2145	995
2146	995
2147	995
2148	995
2149	996
2150	996
2151	997
2152	997
2153	997
2154	997
2155	997
2156	997
2157	997
2158	997
2159	997
2160	997
2161	997
2162	997
2163	997
2164	997
2165	997
2166	997
2167	997
2168	997
2169	997
2170	997
2171	997
2172	997
2173	997
2174	997
2175	997
2176	997
2177	997
2178	997
2179	997
2180	998
2181	998
2182	998
2183	998
2184	998
2185	998
2186	998
2187	998
2188	998
2189	998
2190	998
2191	998
2192	999
2193	1001
2194	1001
2195	1001
2196	1001
2197	1001
2198	1001
2199	1001
2200	1001
2201	1001
2202	1001
2203	1001
2204	1001
2205	1001
2206	1001
2207	1001
2208	1001
2209	1001
2210	1001
2211	1001
2212	1001
2213	1001
2214	1001
2215	1001
2216	1001
2217	1001
2218	1001
2219	1001
2220	1001
2221	1001
2222	1001
2223	1001
2224	1001
2225	1002
2226	1002
2227	1002
2228	1002
2229	1003
2230	1003
2231	1003
2232	1003
2233	1003
2234	1003
2235	1003
2236	1003
2237	1003
2238	1003
2239	1004
2240	1004
2241	1004
2242	1004
2243	1004
2244	1004
2245	1004
2246	1004
2247	1004
2248	1004
2249	1004
2250	1004
2251	1004
2252	1004
2253	1004
2254	1004
2255	1004
2256	1005
2257	1005
2258	1005
2259	1005
2260	1005
2261	1006
2262	1006
2263	1006
2264	1006
2265	1006
2266	1006
2267	1006
2268	1006
2269	1006
2270	1006
2271	1006
2272	1008
2273	1008
2274	1008
2275	1008
2276	1008
2277	1008
2278	1009
2279	1010
2280	1011
2281	1011
2282	1011
2283	1012
2284	1012
2285	1012
2286	1012
2287	1012
2288	1012
2289	1012
2290	1012
2291	1012
2292	1012
2293	1012
2294	1012
2295	1013
2296	1013
2297	1013
2298	1013
2299	1013
2300	1013
2301	1013
2302	1013
2303	1013
2304	1013
2305	1013
2306	1013
2307	1013
2308	1013
2309	1013
2310	1013
2311	1013
2312	1013
2313	1013
2314	1013
2315	1014
2316	1014
2317	1014
2318	1014
2319	1014
2320	1014
2321	1014
2322	1014
2323	1014
2324	1014
2325	1014
2326	1014
2327	1014
2328	1014
2329	1014
2330	1014
2331	1014
2332	1014
2333	1015
2334	1015
2335	1015
2336	1015
2337	1015
2338	1015
2339	1015
2340	1016
2341	1016
2342	1016
2343	1016
2344	1016
2345	1016
2346	1016
2347	1016
2348	1016
2349	1016
2350	1016
2351	1017
2352	1017
2353	1017
2354	1017
2355	1017
2356	1017
2357	1017
2358	1017
2359	1017
2360	1017
2361	1017
2362	1017
2363	1017
2364	1017
2365	1017
2366	1017
2367	1017
2368	1017
2369	1017
2370	1017
2371	1017
2372	1017
2373	1017
2374	1017
2375	1017
2376	1017
2377	1017
2378	1017
2379	1017
2380	1017
2381	1017
2382	1018
2383	1018
2384	1018
2385	1018
2386	1018
2387	1018
2388	1018
2389	1018
2390	1018
2391	1018
2392	1018
2393	1018
2394	1018
2395	1018
2396	1018
2397	1018
2398	1018
2399	1018
2400	1018
2401	1018
2402	1018
2403	1018
2404	1018
2405	1018
2406	1018
2407	1019
2408	1019
2409	1019
2410	1019
2411	1019
2412	1020
2413	1020
2414	1020
2415	1020
2416	1020
2417	1020
2418	1020
2419	1020
2420	1020
2421	1020
2422	1020
2423	1020
2424	1020
2425	1020
2426	1020
2427	1020
2428	1020
2429	1020
2430	1020
2431	1020
2432	1020
2433	1020
2434	1021
2435	1021
2436	1021
2437	1021
2438	1021
2439	1021
2440	1021
2441	1021
2442	1021
2443	1021
2444	1021
2445	1021
2446	1022
2447	1022
2448	1022
2449	1022
2450	1022
2451	1022
2452	1022
2453	1022
2454	1022
2455	1022
2456	1022
2457	1022
2458	1022
2459	1022
2460	1022
2461	1023
2462	1023
2463	1023
2464	1023
2465	1023
2466	1023
2467	1023
2468	1023
2469	1024
2470	1024
2471	1024
2472	1024
2473	1024
2474	1024
2475	1024
2476	1024
2477	1024
2478	1024
2479	1025
2480	1025
2481	1025
2482	1025
2483	1026
2484	1026
2485	1026
2486	1026
2487	1026
2488	1026
2489	1027
2490	1027
2491	1027
2492	1027
2493	1027
2494	1027
2495	1027
2496	1027
2497	1027
2498	1027
2499	1027
2500	1028
2501	1028
2502	1028
2503	1028
2504	1028
2505	1028
2506	1028
2507	1028
2508	1028
2509	1028
2510	1028
2511	1028
2512	1028
2513	1029
2514	1029
2515	1029
2516	1029
2517	1029
2518	1029
2519	1029
2520	1029
2521	1029
2522	1029
2523	1029
2524	1030
2525	1031
2526	1031
2527	1031
2528	1031
2529	1031
2530	1031
2531	1031
2532	1031
2533	1031
2534	1031
2535	1031
2536	1031
2537	1031
2538	1031
2539	1031
2540	1031
2541	1031
2542	1031
2543	1031
2544	1031
2545	1031
2546	1031
2547	1031
2548	1031
2549	1032
2550	1032
2551	1032
2552	1032
2553	1032
2554	1032
2555	1032
2556	1032
2557	1032
2558	1032
2559	1032
2560	1032
2561	1032
2562	1032
2563	1032
2564	1032
2565	1033
2566	1033
2567	1033
2568	1033
2569	1033
2570	1033
2571	1033
2572	1033
2573	1033
2574	1033
2575	1033
2576	1033
2577	1033
2578	1033
2579	1034
2580	1034
2581	1034
2582	1034
2583	1034
2584	1034
2585	1034
2586	1034
2587	1034
2588	1034
2589	1034
2590	1034
2591	1034
2592	1034
2593	1034
2594	1034
2595	1034
2596	1034
2597	1034
2598	1034
2599	1034
2600	1035
2601	1035
2602	1035
2603	1035
2604	1035
2605	1035
2606	1035
2607	1035
2608	1035
2609	1035
2610	1035
2611	1035
2612	1035
2613	1035
2614	1035
2615	1035
2616	1035
2617	1036
2618	1036
2619	1036
2620	1036
2621	1036
2622	1036
2623	1036
2624	1036
2625	1036
2626	1037
2627	1037
2628	1037
2629	1037
2630	1038
2631	1038
2632	1038
2633	1038
2634	1039
2635	1039
2636	1039
2637	1039
2638	1039
2639	1039
2640	1039
2641	1039
2642	1039
2643	1039
2644	1040
2645	1040
2646	1041
2647	1041
2648	1041
2649	1041
2650	1041
2651	1041
2652	1041
2653	1041
2654	1041
2655	1041
2656	1041
2657	1041
2658	1041
2659	1041
2660	1041
2661	1041
2662	1041
2663	1041
2664	1041
2665	1042
2666	1042
2667	1042
2668	1042
2669	1042
2670	1042
2671	1042
2672	1042
2673	1042
2674	1042
2675	1042
2676	1042
2677	1042
2678	1042
2679	1042
2680	1042
2681	1042
2682	1042
2683	1042
2684	1042
2685	1042
2686	1042
2687	1042
2688	1042
2689	1043
2690	1043
2691	1043
2692	1043
2693	1043
2694	1043
2695	1043
2696	1043
2697	1043
2698	1043
2699	1043
2700	1043
2701	1043
2702	1043
2703	1043
2704	1043
2705	1043
2706	1043
2707	1044
2708	1044
2709	1044
2710	1044
2711	1044
2712	1044
2713	1044
2714	1044
2715	1044
2716	1044
2717	1044
2718	1044
2719	1044
2720	1044
2721	1044
2722	1044
2723	1044
2724	1044
2725	1044
2726	1044
2727	1044
2728	1044
2729	1044
2730	1044
2731	1044
2732	1045
2733	1045
2734	1045
2735	1046
2736	1046
2737	1047
2738	1047
2739	1047
2740	1047
2741	1047
2742	1047
2743	1047
2744	1047
2745	1047
2746	1047
2747	1047
2748	1047
2749	1047
2750	1047
2751	1047
2752	1048
2753	1048
2754	1048
2755	1048
2756	1048
2757	1048
2758	1048
2759	1048
2760	1048
2761	1048
2762	1048
2763	1048
2764	1048
2765	1048
2766	1048
2767	1048
2768	1048
2769	1048
2770	1048
2771	1048
2772	1048
2773	1048
2774	1048
2775	1048
2776	1048
2777	1048
2778	1048
2779	1048
2780	1048
2781	1048
2782	1048
2783	1048
2784	1048
2785	1048
2786	1048
2787	1048
2788	1048
2789	1048
2790	1048
2791	1048
2792	1048
2793	1048
2794	1048
2795	1048
2796	1048
2797	1048
2798	1048
2799	1048
2800	1048
2801	1048
2802	1048
2803	1048
2804	1048
2805	1048
2806	1048
2807	1048
2808	1048
2809	1048
2810	1048
2811	1048
2812	1048
2813	1048
2814	1048
2815	1048
2816	1048
2817	1048
2818	1048
2819	1049
2820	1049
2821	1049
2822	1049
2823	1049
2824	1049
2825	1049
2826	1049
2827	1049
2828	1049
2829	1049
2830	1049
2831	1049
2832	1049
2833	1049
2834	1049
2835	1049
2836	1049
2837	1049
2838	1049
2839	1049
2840	1050
2841	1050
2842	1050
2843	1050
2844	1050
2845	1050
2846	1050
2847	1050
2848	1050
2849	1050
2850	1050
2851	1050
2852	1050
2853	1050
2854	1050
2855	1050
2856	1050
2857	1050
2858	1050
2859	1050
2860	1050
2861	1051
2862	1051
2863	1051
2864	1051
2865	1052
2866	1052
2867	1052
2868	1052
2869	1052
2870	1052
2871	1052
2872	1052
2873	1052
2874	1052
2875	1052
2876	1052
2877	1052
2878	1052
2879	1052
2880	1052
2881	1052
2882	1052
2883	1052
2884	1052
2885	1052
2886	1052
2887	1052
2888	1052
2889	1052
2890	1052
2891	1052
2892	1052
2893	1052
2894	1052
2895	1052
2896	1052
2897	1052
2898	1052
2899	1052
2900	1052
2901	1052
2902	1052
2903	1052
2904	1052
2905	1052
2906	1052
2907	1052
2908	1052
2909	1052
2910	1052
2911	1052
2912	1052
2913	1052
2914	1052
2915	1052
2916	1052
2917	1052
2918	1052
2919	1052
2920	1052
2921	1052
2922	1052
2923	1052
2924	1052
2925	1052
2926	1052
2927	1052
2928	1052
2929	1052
2930	1052
2931	1052
2932	1052
2933	1052
2934	1052
2935	1052
2936	1052
2937	1052
2938	1052
2939	1052
2940	1052
2941	1052
2942	1052
2943	1052
2944	1052
2945	1052
2946	1052
2947	1052
2948	1052
2949	1052
2950	1052
2951	1052
2952	1053
2953	1053
2954	1053
2955	1053
2956	1053
2957	1053
2958	1053
2959	1053
2960	1053
2961	1053
2962	1053
2963	1053
2964	1053
2965	1053
2966	1053
2967	1053
2968	1053
2969	1053
2970	1053
2971	1053
2972	1053
2973	1053
2974	1053
2975	1053
2976	1053
2977	1053
2978	1053
2979	1053
2980	1053
2981	1054
2982	1055
2983	1055
2984	1055
2985	1055
2986	1055
2987	1055
2988	1055
2989	1055
2990	1055
2991	1056
2992	1056
2993	1056
2994	1056
2995	1056
2996	1057
2997	1058
2998	1058
2999	1058
3000	1058
3001	1058
3002	1058
3003	1058
3004	1058
3005	1058
3006	1058
3007	1058
3008	1058
3009	1058
3010	1058
3011	1058
3012	1058
3013	1058
3014	1058
3015	1058
3016	1058
3017	1058
3018	1058
3019	1058
3020	1058
3021	1058
3022	1058
3023	1058
3024	1058
3025	1058
3026	1058
3027	1058
3028	1058
3029	1058
3030	1058
3031	1058
3032	1059
3033	1059
3034	1059
3035	1059
3036	1059
3037	1059
3038	1059
3039	1059
3040	1059
3041	1059
3042	1059
3043	1059
3044	1059
3045	1059
3046	1059
3047	1059
3048	1059
3049	1059
3050	1059
3051	1059
3052	1059
3053	1059
3054	1059
3055	1059
3056	1059
3057	1059
3058	1060
3059	1060
3060	1060
3061	1060
3062	1060
3063	1060
3064	1061
3065	1061
3066	1061
3067	1061
3068	1061
3069	1062
3070	1062
3071	1062
3072	1062
3073	1062
3074	1062
3075	1062
3076	1062
3077	1062
3078	1062
3079	1062
3080	1062
3081	1062
3082	1062
3083	1062
3084	1062
3085	1062
3086	1062
3087	1062
3088	1062
3089	1062
3090	1062
3091	1062
3092	1062
3093	1062
3094	1062
3095	1062
3096	1062
3097	1063
3098	1063
3099	1063
3100	1063
3101	1063
3102	1063
3103	1063
3104	1063
3105	1063
3106	1063
3107	1063
3108	1063
3109	1064
3110	1064
3111	1064
3112	1064
3113	1064
3114	1064
3115	1064
3116	1064
3117	1064
3118	1064
3119	1064
3120	1064
3121	1064
3122	1065
3123	1065
3124	1066
3125	1066
3126	1067
3127	1067
3128	1067
3129	1067
3130	1067
3131	1067
3132	1067
3133	1067
3134	1067
3135	1067
3136	1067
3137	1067
3138	1067
3139	1067
3140	1067
3141	1067
3142	1067
3143	1067
3144	1067
3145	1067
3146	1067
3147	1067
3148	1067
3149	1067
3150	1067
3151	1067
3152	1067
3153	1067
3154	1067
3155	1067
3156	1067
3157	1067
3158	1067
3159	1067
3160	1067
3161	1067
3162	1067
3163	1067
3164	1067
3165	1067
3166	1067
3167	1067
3168	1067
3169	1067
3170	1067
3171	1067
3172	1067
3173	1067
3174	1067
3175	1067
3176	1067
3177	1067
3178	1067
3179	1067
3180	1067
3181	1067
3182	1067
3183	1067
3184	1067
3185	1067
3186	1067
3187	1067
3188	1067
3189	1067
3190	1067
3191	1067
3192	1067
3193	1067
3194	1067
3195	1067
3196	1067
3197	1067
3198	1067
3199	1067
3200	1068
3201	1068
3202	1068
3203	1068
3204	1068
3205	1068
3206	1068
3207	1068
3208	1069
3209	1069
3210	1069
3211	1069
3212	1070
3213	1070
3214	1070
3215	1070
3216	1070
3217	1071
3218	1071
3219	1071
3220	1071
3221	1071
3222	1071
3223	1071
3224	1071
3225	1071
3226	1071
3227	1071
3228	1071
3229	1071
3230	1071
3231	1071
3232	1071
3233	1071
3234	1071
3235	1071
3236	1071
3237	1071
3238	1071
3239	1072
3240	1072
3241	1072
3242	1072
3243	1072
3244	1072
3245	1072
3246	1072
3247	1072
3248	1072
3249	1072
3250	1072
3251	1072
3252	1072
3253	1072
3254	1072
3255	1072
3256	1072
3257	1072
3258	1072
3259	1072
3260	1072
3261	1072
3262	1072
3263	1072
3264	1072
3265	1072
3266	1072
3267	1072
3268	1072
3269	1072
3270	1072
3271	1072
3272	1072
3273	1072
3274	1072
3275	1072
3276	1072
3277	1072
3278	1073
3279	1074
3280	1074
3281	1074
3282	1074
3283	1074
3284	1074
3285	1074
3286	1074
3287	1074
3288	1074
3289	1074
3290	1074
3291	1074
3292	1074
3293	1074
3294	1074
3295	1074
3296	1074
3297	1074
3298	1074
3299	1074
3300	1074
3301	1074
3302	1074
3303	1074
3304	1074
3305	1074
3306	1074
3307	1074
3308	1074
3309	1074
3310	1074
3311	1074
3312	1074
3313	1074
3314	1075
3315	1075
3316	1075
3317	1075
3318	1075
3319	1075
3320	1075
3321	1075
3322	1075
3323	1075
3324	1075
3325	1075
3326	1075
3327	1075
3328	1075
3329	1075
3330	1075
3331	1075
3332	1075
3333	1075
3334	1075
3335	1075
3336	1075
3337	1075
3338	1075
3339	1076
3340	1076
3341	1076
3342	1076
3343	1076
3344	1076
3345	1076
3346	1076
3347	1076
3348	1076
3349	1076
3350	1077
3351	1077
3352	1077
3353	1077
3354	1077
3355	1077
3356	1077
3357	1077
3358	1077
3359	1077
3360	1077
3361	1077
3362	1077
3363	1077
3364	1077
3365	1077
3366	1077
3367	1077
3368	1077
3369	1077
3370	1077
3371	1077
3372	1077
3373	1077
3374	1077
3375	1077
3376	1077
3377	1077
3378	1077
3379	1077
3380	1077
3381	1077
3382	1077
3383	1077
3384	1078
3385	1078
3386	1078
3387	1078
3388	1078
3389	1078
3390	1078
3391	1078
3392	1078
3393	1078
3394	1078
3395	1078
3396	1078
3397	1078
3398	1078
3399	1078
3400	1078
3401	1078
3402	1078
3403	1078
3404	1078
3405	1078
3406	1078
3407	1078
3408	1078
3409	1078
3410	1078
3411	1078
3412	1078
3413	1078
3414	1079
3415	1079
3416	1079
3417	1079
3418	1079
3419	1079
3420	1079
3421	1079
3422	1079
3423	1079
3424	1079
3425	1080
3426	1080
3427	1080
3428	1081
3429	1081
3430	1081
3431	1081
3432	1081
3433	1082
3434	1082
3435	1082
3436	1082
3437	1082
3438	1082
3439	1082
3440	1082
3441	1082
3442	1082
3443	1082
3444	1082
3445	1082
3446	1082
3447	1082
3448	1082
3449	1083
3450	1083
3451	1083
3452	1083
3453	1083
3454	1083
3455	1083
3456	1083
3457	1083
3458	1083
3459	1083
3460	1083
3461	1083
3462	1083
3463	1083
3464	1083
3465	1083
3466	1083
3467	1083
3468	1083
3469	1083
3470	1083
3471	1084
3472	1084
3473	1084
3474	1085
3475	1085
3476	1085
3477	1085
3478	1085
3479	1085
3480	1085
3481	1085
3482	1085
3483	1085
3484	1085
3485	1085
3486	1085
3487	1085
3488	1085
3489	1085
3490	1085
3491	1085
3492	1085
3493	1085
3494	1085
3495	1085
3496	1085
3497	1085
3498	1085
3499	1085
3500	1085
3501	1085
3502	1085
3503	1085
3504	1085
3505	1085
3506	1085
3507	1085
3508	1085
3509	1085
3510	1085
3511	1085
3512	1085
3513	1085
3514	1085
3515	1085
3516	1085
3517	1085
3518	1085
3519	1085
3520	1085
3521	1085
3522	1085
3523	1085
3524	1085
3525	1085
3526	1085
3527	1085
3528	1085
3529	1085
3530	1085
3531	1085
3532	1085
3533	1085
3534	1085
3535	1085
3536	1085
3537	1085
3538	1085
3539	1085
3540	1085
3541	1085
3542	1085
3543	1085
3544	1085
3545	1085
3546	1085
3547	1085
3548	1085
3549	1086
3550	1086
3551	1086
3552	1086
3553	1086
3554	1086
3555	1086
3556	1086
3557	1086
3558	1086
3559	1086
3560	1086
3561	1086
3562	1086
3563	1086
3564	1086
3565	1086
3566	1086
3567	1086
3568	1086
3569	1086
3570	1086
3571	1086
3572	1086
3573	1086
3574	1086
3575	1086
3576	1086
3577	1086
3578	1086
3579	1086
3580	1086
3581	1086
3582	1086
3583	1087
3584	1087
3585	1087
3586	1087
3587	1087
3588	1087
3589	1087
3590	1087
3591	1087
3592	1087
3593	1087
3594	1087
3595	1087
3596	1087
3597	1087
3598	1087
3599	1087
3600	1087
3601	1087
3602	1087
3603	1087
3604	1087
3605	1087
3606	1087
3607	1087
3608	1087
3609	1087
3610	1088
3611	1088
3612	1088
3613	1088
3614	1088
3615	1088
3616	1088
3617	1088
3618	1088
3619	1088
3620	1088
3621	1088
3622	1088
3623	1088
3624	1088
3625	1088
3626	1088
3627	1088
3628	1088
3629	1088
3630	1088
3631	1088
3632	1088
3633	1088
3634	1088
3635	1089
3636	1089
3637	1089
3638	1089
3639	1089
3640	1089
3641	1089
3642	1089
3643	1089
3644	1089
3645	1089
3646	1089
3647	1089
3648	1089
3649	1089
3650	1089
3651	1089
3652	1089
3653	1089
3654	1089
3655	1089
3656	1089
3657	1089
3658	1089
3659	1089
3660	1089
3661	1089
3662	1089
3663	1089
3664	1089
3665	1089
3666	1089
3667	1089
3668	1089
3669	1090
3670	1090
3671	1090
3672	1090
3673	1090
3674	1090
3675	1090
3676	1090
3677	1090
3678	1090
3679	1090
3680	1090
3681	1090
3682	1090
3683	1090
3684	1090
3685	1090
3686	1090
3687	1090
3688	1090
3689	1090
3690	1090
3691	1090
3692	1090
3693	1090
3694	1091
3695	1091
3696	1091
3697	1091
3698	1091
3699	1091
3700	1091
3701	1091
3702	1091
3703	1091
3704	1091
3705	1091
3706	1091
3707	1091
3708	1091
3709	1091
3710	1091
3711	1091
3712	1091
3713	1091
3714	1091
3715	1091
3716	1091
3717	1091
3718	1091
3719	1091
3720	1091
3721	1091
3722	1091
3723	1091
3724	1091
3725	1091
3726	1091
3727	1091
3728	1091
3729	1092
3730	1092
3731	1092
3732	1092
3733	1092
3734	1092
3735	1092
3736	1092
3737	1092
3738	1092
3739	1092
3740	1092
3741	1092
3742	1092
3743	1093
3744	1093
3745	1093
3746	1093
3747	1093
3748	1093
3749	1093
3750	1093
3751	1093
3752	1093
3753	1093
3754	1093
3755	1093
3756	1093
3757	1093
3758	1093
3759	1093
3760	1093
3761	1093
3762	1093
3763	1093
3764	1093
3765	1093
3766	1093
3767	1093
3768	1093
3769	1093
3770	1093
3771	1093
3772	1093
3773	1093
3774	1093
3775	1093
3776	1093
3777	1093
3778	1093
3779	1093
3780	1093
3781	1093
3782	1093
3783	1093
3784	1093
3785	1093
3786	1093
3787	1093
3788	1093
3789	1093
3790	1093
3791	1093
3792	1093
3793	1093
3794	1093
3795	1093
3796	1093
3797	1093
3798	1093
3799	1093
3800	1093
3801	1093
3802	1093
3803	1093
3804	1093
3805	1094
3806	1094
3807	1094
3808	1094
3809	1094
3810	1094
3811	1094
3812	1094
3813	1094
3814	1094
3815	1094
3816	1094
3817	1094
3818	1094
3819	1094
3820	1094
3821	1094
3822	1095
3823	1095
3824	1095
3825	1095
3826	1095
3827	1096
3828	1096
3829	1096
3830	1096
3831	1096
3832	1096
3833	1096
3834	1096
3835	1096
3836	1096
3837	1096
3838	1096
3839	1096
3840	1096
3841	1096
3842	1096
3843	1096
3844	1096
3845	1096
3846	1096
3847	1096
3848	1096
3849	1096
3850	1096
3851	1096
3852	1097
3853	1097
3854	1097
3855	1097
3856	1098
3857	1098
3858	1098
3859	1098
3860	1098
3861	1098
3862	1098
3863	1098
3864	1098
3865	1098
3866	1098
3867	1098
3868	1098
3869	1098
3870	1098
3871	1098
3872	1098
3873	1098
3874	1098
3875	1098
3876	1098
3877	1098
3878	1098
3879	1098
3880	1098
3881	1098
3882	1098
3883	1098
3884	1098
3885	1098
3886	1098
3887	1098
3888	1098
3889	1098
3890	1098
3891	1098
3892	1098
3893	1098
3894	1098
3895	1098
3896	1098
3897	1098
3898	1098
3899	1098
3900	1098
3901	1098
3902	1098
3903	1098
3904	1098
3905	1098
3906	1098
3907	1098
3908	1099
3909	1099
3910	1100
3911	1100
3912	1100
3913	1100
3914	1100
3915	1100
3916	1100
3917	1100
3918	1100
3919	1100
3920	1100
3921	1100
3922	1101
3923	1101
3924	1101
3925	1101
3926	1101
3927	1101
3928	1101
3929	1101
3930	1101
3931	1101
3932	1101
3933	1101
3934	1101
3935	1101
3936	1101
3937	1101
3938	1101
3939	1101
3940	1101
3941	1101
3942	1101
3943	1101
3944	1101
3945	1101
3946	1101
3947	1101
3948	1101
3949	1101
3950	1101
3951	1101
3952	1101
3953	1101
3954	1101
3955	1101
3956	1101
3957	1101
3958	1101
3959	1101
3960	1101
3961	1101
3962	1101
3963	1101
3964	1101
3965	1101
3966	1101
3967	1101
3968	1101
3969	1101
3970	1101
3971	1101
3972	1101
3973	1101
3974	1101
3975	1101
3976	1101
3977	1101
3978	1101
3979	1101
3980	1101
3981	1101
3982	1101
3983	1101
3984	1101
3985	1101
3986	1101
3987	1101
3988	1101
3989	1101
3990	1101
3991	1101
3992	1101
3993	1101
3994	1101
3995	1101
3996	1101
3997	1101
3998	1101
3999	1101
4000	1101
4001	1101
4002	1101
4003	1101
4004	1101
4005	1101
4006	1101
4007	1101
4008	1101
4009	1101
4010	1101
4011	1101
4012	1101
4013	1101
4014	1101
4015	1101
4016	1101
4017	1101
4018	1102
4019	1102
4020	1102
4021	1102
4022	1102
4023	1102
4024	1102
4025	1102
4026	1102
4027	1102
4028	1102
4029	1102
4030	1102
4031	1102
4032	1102
4033	1102
4034	1102
4035	1102
4036	1102
4037	1102
4038	1102
4039	1102
4040	1102
4041	1102
4042	1102
4043	1102
4044	1102
4045	1102
4046	1102
4047	1102
4048	1102
4049	1102
4050	1102
4051	1102
4052	1103
4053	1103
4054	1103
4055	1103
4056	1103
4057	1104
4058	1104
4059	1104
4060	1104
4061	1104
4062	1104
4063	1104
4064	1104
4065	1104
4066	1104
4067	1104
4068	1104
4069	1104
4070	1104
4071	1104
4072	1104
4073	1104
4074	1104
4075	1104
4076	1104
4077	1104
4078	1104
4079	1104
4080	1104
4081	1104
4082	1104
4083	1104
4084	1104
4085	1104
4086	1104
4087	1104
4088	1104
4089	1104
4090	1104
4091	1104
4092	1104
4093	1104
4094	1104
4095	1104
4096	1104
4097	1104
4098	1104
4099	1104
4100	1104
4101	1104
4102	1104
4103	1104
4104	1104
4105	1104
4106	1104
4107	1104
4108	1104
4109	1104
4110	1104
4111	1104
4112	1104
4113	1104
4114	1104
4115	1104
4116	1104
4117	1104
4118	1104
4119	1104
4120	1104
4121	1104
4122	1104
4123	1104
4124	1104
4125	1104
4126	1104
4127	1104
4128	1104
4129	1104
4130	1104
4131	1104
4132	1104
4133	1104
4134	1104
4135	1104
4136	1104
4137	1104
4138	1104
4139	1104
4140	1104
4141	1104
4142	1104
4143	1104
4144	1104
4145	1104
4146	1104
4147	1104
4148	1104
4149	1104
4150	1104
4151	1104
4152	1104
4153	1104
4154	1104
4155	1104
4156	1104
4157	1104
4158	1104
4159	1104
4160	1104
4161	1104
4162	1104
4163	1104
4164	1104
4165	1104
4166	1104
4167	1104
4168	1104
4169	1104
4170	1105
4171	1105
4172	1105
4173	1105
4174	1105
4175	1105
4176	1105
4177	1105
4178	1105
4179	1106
4180	1106
4181	1106
4182	1106
4183	1106
4184	1106
4185	1106
4186	1106
4187	1106
4188	1106
4189	1106
4190	1106
4191	1106
4192	1106
4193	1106
4194	1106
4195	1106
4196	1106
4197	1106
4198	1106
4199	1106
4200	1106
4201	1106
4202	1106
4203	1106
4204	1106
4205	1106
4206	1106
4207	1106
4208	1106
4209	1106
4210	1106
4211	1106
4212	1107
4213	1107
4214	1107
4215	1107
4216	1107
4217	1107
4218	1107
4219	1107
4220	1107
4221	1107
4222	1107
4223	1107
4224	1107
4225	1107
4226	1107
4227	1107
4228	1107
4229	1107
4230	1107
4231	1107
4232	1107
4233	1107
4234	1107
4235	1107
4236	1107
4237	1107
4238	1107
4239	1107
4240	1107
4241	1107
4242	1107
4243	1107
4244	1107
4245	1107
4246	1107
4247	1107
4248	1107
4249	1107
4250	1108
4251	1108
4252	1108
4253	1108
4254	1108
4255	1108
4256	1108
4257	1108
4258	1108
4259	1108
4260	1108
4261	1108
4262	1108
4263	1108
4264	1108
4265	1108
4266	1108
4267	1108
4268	1108
4269	1108
4270	1108
4271	1108
4272	1108
4273	1108
4274	1108
4275	1108
4276	1108
4277	1108
4278	1108
4279	1108
4280	1108
4281	1108
4282	1108
4283	1108
4284	1108
4285	1108
4286	1108
4287	1108
4288	1108
4289	1108
4290	1108
4291	1108
4292	1108
4293	1108
4294	1108
4295	1108
4296	1108
4297	1108
4298	1109
4299	1109
4300	1110
4301	1110
4302	1110
4303	1110
4304	1110
4305	1110
4306	1110
4307	1110
4308	1110
4309	1111
4310	1111
4311	1111
4312	1111
4313	1111
4314	1111
4315	1111
4316	1111
4317	1111
4318	1111
4319	1111
4320	1111
4321	1111
4322	1111
4323	1111
4324	1111
4325	1111
4326	1111
4327	1111
4328	1111
4329	1111
4330	1111
4331	1111
4332	1111
4333	1111
4334	1111
4335	1111
4336	1111
4337	1111
4338	1111
4339	1111
4340	1111
4341	1111
4342	1111
4343	1111
4344	1111
4345	1111
4346	1111
4347	1111
4348	1111
4349	1111
4350	1111
4351	1111
4352	1111
4353	1111
4354	1111
4355	1111
4356	1111
4357	1111
4358	1111
4359	1111
4360	1111
4361	1111
4362	1111
4363	1111
4364	1111
4365	1112
4366	1112
4367	1112
4368	1112
4369	1112
4370	1112
4371	1112
4372	1113
4373	1114
4374	1114
4375	1114
4376	1114
4377	1114
4378	1114
4379	1115
4380	1115
4381	1115
4382	1115
4383	1115
4384	1115
4385	1116
4386	1116
4387	1116
4388	1116
4389	1116
4390	1116
4391	1116
4392	1116
4393	1116
4394	1116
4395	1116
4396	1116
4397	1116
4398	1116
4399	1116
4400	1116
4401	1116
4402	1116
4403	1116
4404	1116
4405	1116
4406	1116
4407	1116
4408	1116
4409	1116
4410	1116
4411	1116
4412	1116
4413	1116
4414	1116
4415	1116
4416	1116
4417	1116
4418	1116
4419	1116
4420	1117
4421	1117
4422	1117
4423	1117
4424	1117
4425	1117
4426	1117
4427	1117
4428	1117
4429	1117
4430	1117
4431	1117
4432	1117
4433	1117
4434	1117
4435	1117
4436	1117
4437	1117
4438	1117
4439	1117
4440	1117
4441	1117
4442	1117
4443	1117
4444	1117
4445	1117
4446	1117
4447	1117
4448	1117
4449	1118
4450	1118
4451	1118
4452	1118
4453	1118
4454	1118
4455	1118
4456	1118
4457	1118
4458	1118
4459	1118
4460	1118
4461	1118
4462	1118
4463	1118
4464	1118
4465	1118
4466	1118
4467	1118
4468	1118
4469	1118
4470	1118
4471	1118
4472	1118
4473	1118
4474	1118
4475	1118
4476	1118
4477	1119
4478	1119
4479	1119
4480	1119
4481	1119
4482	1119
4483	1119
4484	1119
4485	1119
4486	1119
4487	1119
4488	1119
4489	1119
4490	1119
4491	1119
4492	1119
4493	1119
4494	1119
4495	1119
4496	1119
4497	1119
4498	1119
4499	1119
4500	1119
4501	1119
4502	1119
4503	1119
4504	1119
4505	1119
4506	1119
4507	1119
4508	1119
4509	1119
4510	1119
4511	1119
4512	1119
4513	1119
4514	1119
4515	1119
4516	1119
4517	1119
4518	1119
4519	1119
4520	1119
4521	1119
4522	1119
4523	1119
4524	1119
4525	1119
4526	1119
4527	1119
4528	1119
4529	1119
4530	1119
4531	1119
4532	1119
4533	1119
4534	1119
4535	1119
4536	1119
4537	1119
4538	1119
4539	1119
4540	1119
4541	1119
4542	1119
4543	1119
4544	1119
4545	1119
4546	1119
4547	1119
4548	1119
4549	1120
4550	1120
4551	1120
4552	1120
4553	1120
4554	1120
4555	1120
4556	1120
4557	1120
4558	1120
4559	1120
4560	1120
4561	1120
4562	1120
4563	1120
4564	1120
4565	1120
4566	1120
4567	1120
4568	1120
4569	1120
4570	1120
4571	1120
4572	1120
4573	1120
4574	1120
4575	1120
4576	1120
4577	1120
4578	1120
4579	1120
4580	1120
4581	1120
4582	1120
4583	1120
4584	1120
4585	1120
4586	1120
4587	1120
4588	1120
4589	1120
4590	1120
4591	1120
4592	1120
4593	1120
4594	1120
4595	1121
4596	1121
4597	1121
4598	1121
4599	1121
4600	1121
4601	1121
4602	1121
4603	1121
4604	1121
4605	1121
4606	1121
4607	1121
4608	1121
4609	1121
4610	1121
4611	1121
4612	1121
4613	1121
4614	1121
4615	1121
4616	1121
4617	1121
4618	1121
4619	1121
4620	1121
4621	1121
4622	1121
4623	1121
4624	1121
4625	1121
4626	1121
4627	1121
4628	1121
4629	1121
4630	1121
4631	1121
4632	1121
4633	1121
4634	1121
4635	1121
4636	1121
4637	1121
4638	1122
4639	1122
4640	1122
4641	1122
4642	1122
4643	1122
4644	1123
4645	1123
4646	1123
4647	1123
4648	1123
4649	1123
4650	1123
4651	1123
4652	1123
4653	1123
4654	1123
4655	1123
4656	1123
4657	1123
4658	1123
4659	1123
4660	1123
4661	1123
4662	1123
4663	1123
4664	1123
4665	1123
4666	1123
4667	1123
4668	1123
4669	1123
4670	1123
4671	1123
4672	1123
4673	1123
4674	1123
4675	1123
4676	1123
4677	1123
4678	1123
4679	1123
4680	1123
4681	1123
4682	1123
4683	1123
4684	1123
4685	1123
4686	1123
4687	1123
4688	1123
4689	1123
4690	1123
4691	1123
4692	1123
4693	1123
4694	1123
4695	1123
4696	1123
4697	1123
4698	1123
4699	1123
4700	1123
4701	1123
4702	1123
4703	1123
4704	1123
4705	1123
4706	1123
4707	1123
4708	1123
4709	1123
4710	1123
4711	1123
4712	1123
4713	1124
4714	1124
4715	1124
4716	1124
4717	1125
4718	1125
4719	1126
4720	1126
4721	1126
4722	1126
4723	1126
4724	1126
4725	1126
4726	1126
4727	1126
4728	1126
4729	1126
4730	1126
4731	1126
4732	1126
4733	1126
4734	1126
4735	1126
4736	1126
4737	1126
4738	1126
4739	1126
4740	1126
4741	1126
4742	1126
4743	1126
4744	1126
4745	1126
4746	1126
4747	1127
4748	1127
4749	1127
4750	1127
4751	1127
4752	1127
4753	1127
4754	1127
4755	1127
4756	1127
4757	1127
4758	1127
4759	1127
4760	1127
4761	1127
4762	1127
4763	1127
4764	1127
4765	1127
4766	1127
4767	1127
4768	1127
4769	1127
4770	1127
4771	1127
4772	1127
4773	1127
4774	1127
4775	1127
4776	1127
4777	1127
4778	1127
4779	1127
4780	1127
4781	1127
4782	1127
4783	1127
4784	1127
4785	1127
4786	1127
4787	1127
4788	1127
4789	1127
4790	1127
4791	1127
4792	1127
4793	1127
4794	1127
4795	1127
4796	1127
4797	1127
4798	1127
4799	1127
4800	1127
4801	1127
4802	1127
4803	1127
4804	1127
4805	1127
4806	1127
4807	1128
4808	1128
4809	1128
4810	1128
4811	1128
4812	1128
4813	1128
4814	1128
4815	1128
4816	1128
4817	1128
4818	1128
4819	1128
4820	1128
4821	1129
4822	1129
4823	1129
4824	1129
4825	1129
4826	1129
4827	1129
4828	1129
4829	1129
4830	1129
4831	1129
4832	1129
4833	1129
4834	1129
4835	1129
4836	1129
4837	1129
4838	1129
4839	1129
4840	1129
4841	1129
4842	1129
4843	1129
4844	1129
4845	1129
4846	1129
4847	1129
4848	1129
4849	1129
4850	1129
4851	1129
4852	1129
4853	1129
4854	1129
4855	1129
4856	1129
4857	1129
4858	1129
4859	1129
4860	1129
4861	1129
4862	1129
4863	1129
4864	1129
4865	1129
4866	1129
4867	1129
4868	1129
4869	1129
4870	1129
4871	1129
4872	1129
4873	1129
4874	1129
4875	1129
4876	1129
4877	1129
4878	1129
4879	1129
4880	1129
4881	1129
4882	1129
4883	1129
4884	1129
4885	1129
4886	1129
4887	1129
4888	1129
4889	1129
4890	1129
4891	1129
4892	1129
4893	1129
4894	1129
4895	1129
4896	1129
4897	1129
4898	1129
4899	1129
4900	1129
4901	1129
4902	1129
4903	1129
4904	1129
4905	1129
4906	1129
4907	1129
4908	1129
4909	1129
4910	1129
4911	1129
4912	1129
4913	1129
4914	1129
4915	1129
4916	1129
4917	1129
4918	1129
4919	1129
4920	1129
4921	1129
4922	1129
4923	1129
4924	1129
4925	1129
4926	1129
4927	1129
4928	1129
4929	1129
4930	1129
4931	1129
4932	1129
4933	1129
4934	1129
4935	1129
4936	1129
4937	1129
4938	1129
4939	1129
4940	1129
4941	1129
4942	1129
4943	1129
4944	1129
4945	1129
4946	1130
4947	1130
4948	1130
4949	1130
4950	1130
4951	1130
4952	1130
4953	1130
4954	1130
4955	1130
4956	1130
4957	1130
4958	1130
4959	1130
4960	1130
4961	1130
4962	1130
4963	1130
4964	1130
4965	1130
4966	1130
4967	1130
4968	1130
4969	1130
4970	1130
4971	1130
4972	1130
4973	1130
4974	1130
4975	1130
4976	1130
4977	1130
4978	1130
4979	1130
4980	1130
4981	1130
4982	1130
4983	1130
4984	1130
4985	1130
4986	1130
4987	1130
4988	1130
4989	1130
4990	1130
4991	1130
4992	1130
4993	1130
4994	1130
4995	1130
4996	1130
4997	1130
4998	1130
4999	1130

