0	0
1	0
2	0
3	0
4	0
5	0
6	0
7	0
8	0
9	0
10	0
11	0
12	0
13	0
14	0
15	0
16	0
17	0
18	0
19	0
20	0
21	0
22	0
23	0
24	0
25	0
26	0
27	0
28	0
29	0
30	0
31	0
32	0
33	0
34	0
35	0
36	0
37	0
38	0
39	0
40	0
41	0
42	0
43	0
44	0
45	0
46	0
47	0
48	0
49	0
50	0
51	0
52	0
53	0
54	0
55	0
56	0
57	0
58	0
59	0
60	0
61	0
62	0
63	0
64	0
65	0
66	0
67	0
68	0
69	0
70	0
71	0
72	0
73	0
74	0
75	0
76	0
77	0
78	0
79	0
80	0
81	0
82	0
83	0
84	0
85	0
86	0
87	0
88	0
89	0
90	0
91	0
92	0
93	0
94	0
95	0
96	1
97	1
98	3
99	3
100	3
101	3
102	3
103	3
104	5
105	6
106	7
107	7
108	7
109	7
110	8
111	10
112	10
113	12
114	12
115	13
116	13
117	14
118	15
119	16
120	16
121	16
122	16
123	16
124	16
125	17
126	19
127	19
128	21
129	23
130	25
131	26
132	28
133	28
134	29
135	30
136	30
137	32
138	33
139	33
140	36
141	37
142	37
143	37
144	38
145	38
146	40
147	41
148	43
149	45
150	48
151	49
152	51
153	51
154	55
155	56
156	59
157	60
158	61
159	61
160	62
161	62
162	63
163	64
164	64
165	67
166	67
167	68
168	71
169	71
170	71
171	73
172	75
173	77
174	78
175	79
176	81
177	86
178	87
179	87
180	87
181	87
182	90
183	92
184	94
185	98
186	99
187	103
188	104
189	104
190	107
191	108
192	108
193	110
194	113
195	113
196	114
197	117
198	119
199	120
200	123
201	123
202	124
203	125
204	127
205	130
206	132
207	132
208	135
209	136
210	138
211	139
212	139
213	144
214	147
215	150
216	151
217	156
218	157
219	158
220	159
221	161
222	161
223	163
224	163
225	163
226	164
227	166
228	167
229	169
230	171
231	172
232	173
233	176
234	178
235	181
236	184
237	185
238	187
239	187
240	188
241	189
242	189
243	192
244	193
245	196
246	197
247	200
248	202
249	202
250	203
251	206
252	209
253	210
254	210
255	212
256	215
257	215
258	219
259	220
260	220
261	222
262	223
263	224
264	225
265	227
266	228
267	230
268	230
269	232
270	233
271	234
272	234
273	236
274	237
275	237
276	239
277	242
278	242
279	242
280	245
281	246
282	246
283	251
284	251
285	252
286	253
287	256
288	257
289	257
290	258
291	259
292	260
293	260
294	260
295	262
296	264
297	265
298	267
299	271
300	271
301	273
302	274
303	276
304	276
305	278
306	279
307	279
308	280
309	281
310	282
311	284
312	287
313	288
314	288
315	291
316	291
317	292
318	292
319	292
320	292
321	294
322	296
323	297
324	298
325	300
326	300
327	303
328	306
329	307
330	311
331	311
332	311
333	313
334	313
335	314
336	315
337	318
338	319
339	320
340	320
341	321
342	323
343	323
344	324
345	326
346	328
347	328
348	328
349	328
350	329
351	329
352	329
353	329
354	329
355	330
356	335
357	335
358	335
359	335
360	336
361	336
362	336
363	339
364	340
365	342
366	343
367	344
368	346
369	347
370	348
371	348
372	349
373	349
374	350
375	351
376	351
377	355
378	355
379	356
380	359
381	360
382	362
383	364
384	364
385	365
386	367
387	367
388	368
389	370
390	370
391	371
392	371
393	372
394	374
395	376
396	376
397	377
398	377
399	378
400	378
401	378
402	379
403	381
404	383
405	383
406	383
407	383
408	383
409	386
410	386
411	388
412	389
413	392
414	394
415	394
416	394
417	394
418	395
419	395
420	396
421	397
422	398
423	399
424	401
425	402
426	403
427	404
428	404
429	406
430	407
431	408
432	409
433	411
434	411
435	411
436	412
437	412
438	415
439	416
440	416
441	418
442	418
443	419
444	420
445	420
446	422
447	424
448	425
449	425
450	425
451	426
452	426
453	426
454	426
455	428
456	428
457	430
458	433
459	433
460	433
461	434
462	435
463	435
464	435
465	437
466	439
467	440
468	441
469	442
470	442
471	444
472	444
473	444
474	444
475	445
476	445
477	445
478	445
479	447
480	447
481	447
482	448
483	449
484	449
485	449
486	449
487	451
488	451
489	451
490	452
491	452
492	453
493	455
494	456
495	456
496	456
497	457
498	457
499	458
500	460
501	460
502	462
503	466
504	466
505	468
506	468
507	468
508	469
509	469
510	471
511	471
512	472
513	472
514	472
515	472
516	472
517	472
518	475
519	475
520	475
521	475
522	478
523	478
524	479
525	481
526	481
527	482
528	482
529	483
530	483
531	483
532	484
533	484
534	485
535	486
536	487
537	488
538	488
539	488
540	488
541	488
542	489
543	490
544	491
545	492
546	493
547	495
548	496
549	496
550	496
551	496
552	496
553	497
554	497
555	498
556	498
557	498
558	500
559	500
560	504
561	504
562	505
563	505
564	506
565	507
566	507
567	507
568	507
569	507
570	509
571	513
572	515
573	516
574	517
575	517
576	517
577	517
578	518
579	518
580	518
581	518
582	518
583	518
584	518
585	518
586	519
587	519
588	519
589	520
590	520
591	520
592	521
593	524
594	524
595	524
596	524
597	524
598	524
599	524
600	524
601	524
602	526
603	527
604	529
605	529
606	529
607	530
608	533
609	533
610	533
611	534
612	534
613	536
614	536
615	537
616	537
617	537
618	537
619	538
620	539
621	539
622	541
623	542
624	542
625	542
626	542
627	542
628	542
629	542
630	543
631	544
632	546
633	549
634	549
635	550
636	550
637	551
638	552
639	552
640	553
641	553
642	556
643	557
644	559
645	560
646	560
647	561
648	561
649	561
650	561
651	562
652	563
653	564
654	566
655	566
656	567
657	569
658	569
659	569
660	570
661	572
662	572
663	574
664	575
665	576
666	576
667	576
668	578
669	580
670	580
671	581
672	581
673	581
674	581
675	581
676	581
677	583
678	585
679	586
680	586
681	588
682	589
683	590
684	590
685	590
686	591
687	591
688	592
689	593
690	593
691	593
692	594
693	594
694	595
695	597
696	598
697	598
698	600
699	600
700	601
701	601
702	602
703	602
704	602
705	602
706	603
707	603
708	606
709	607
710	608
711	608
712	609
713	609
714	610
715	611
716	611
717	613
718	613
719	613
720	613
721	615
722	615
723	615
724	617
725	617
726	617
727	617
728	618
729	618
730	620
731	620
732	621
733	621
734	622
735	623
736	623
737	623
738	623
739	624
740	624
741	625
742	625
743	625
744	625
745	625
746	625
747	626
748	626
749	626
750	628
751	628
752	629
753	630
754	631
755	631
756	632
757	633
758	633
759	634
760	634
761	636
762	637
763	637
764	637
765	638
766	638
767	640
768	641
769	642
770	642
771	642
772	643
773	643
774	643
775	644
776	644
777	645
778	646
779	646
780	646
781	647
782	647
783	647
784	648
785	648
786	649
787	649
788	649
789	650
790	650
791	650
792	650
793	651
794	654
795	654
796	654
797	656
798	656
799	657
800	657
801	657
802	657
803	657
804	658
805	658
806	658
807	660
808	660
809	660
810	660
811	661
812	663
813	663
814	663
815	664
816	664
817	664
818	664
819	664
820	664
821	664
822	665
823	665
824	666
825	666
826	666
827	666
828	667
829	667
830	668
831	668
832	668
833	668
834	668
835	669
836	672
837	672
838	673
839	673
840	676
841	676
842	677
843	678
844	678
845	678
846	678
847	678
848	678
849	678
850	678
851	678
852	678
853	678
854	678
855	680
856	680
857	681
858	682
859	682
860	682
861	683
862	684
863	684
864	684
865	687
866	687
867	688
868	689
869	689
870	689
871	690
872	690
873	690
874	690
875	691
876	692
877	693
878	693
879	693
880	693
881	693
882	694
883	694
884	694
885	695
886	695
887	695
888	695
889	695
890	695
891	696
892	696
893	696
894	698
895	698
896	698
897	699
898	699
899	699
900	700
901	700
902	701
903	702
904	702
905	703
906	703
907	703
908	704
909	704
910	704
911	704
912	704
913	704
914	705
915	706
916	706
917	706
918	706
919	706
920	706
921	707
922	708
923	708
924	709
925	709
926	709
927	709
928	709
929	709
930	709
931	711
932	713
933	713
934	713
935	713
936	715
937	715
938	716
939	717
940	718
941	719
942	721
943	721
944	721
945	721
946	724
947	725
948	725
949	725
950	725
951	725
952	725
953	726
954	727
955	727
956	729
957	730
958	730
959	730
960	730
961	730
962	730
963	730
964	730
965	730
966	730
967	730
968	730
969	731
970	731
971	731
972	732
973	732
974	732
975	732
976	732
977	734
978	734
979	734
980	735
981	737
982	737
983	737
984	737
985	737
986	737
987	737
988	737
989	739
990	739
991	741
992	741
993	742
994	742
995	742
996	742
997	742
998	744
999	744
1000	744
1001	744
1002	744
1003	745
1004	746
1005	747
1006	747
1007	747
1008	747
1009	747
1010	748
1011	749
1012	749
1013	749
1014	750
1015	751
1016	751
1017	752
1018	752
1019	752
1020	753
1021	753
1022	753
1023	753
1024	753
1025	753
1026	753
1027	754
1028	754
1029	754
1030	754
1031	754
1032	754
1033	754
1034	754
1035	754
1036	754
1037	754
1038	754
1039	755
1040	756
1041	757
1042	757
1043	757
1044	758
1045	759
1046	759
1047	759
1048	759
1049	761
1050	762
1051	762
1052	763
1053	763
1054	764
1055	764
1056	766
1057	766
1058	766
1059	766
1060	766
1061	767
1062	768
1063	769
1064	769
1065	769
1066	769
1067	769
1068	769
1069	769
1070	769
1071	769
1072	770
1073	771
1074	771
1075	771
1076	771
1077	772
1078	774
1079	774
1080	775
1081	775
1082	775
1083	776
1084	777
1085	779
1086	779
1087	779
1088	779
1089	780
1090	781
1091	781
1092	781
1093	781
1094	781
1095	782
1096	783
1097	783
1098	783
1099	783
1100	784
1101	784
1102	784
1103	784
1104	784
1105	785
1106	785
1107	785
1108	785
1109	786
1110	786
1111	786
1112	787
1113	789
1114	789
1115	789
1116	789
1117	789
1118	789
1119	790
1120	790
1121	790
1122	791
1123	791
1124	791
1125	791
1126	791
1127	791
1128	791
1129	791
1130	791
1131	791
1132	791
1133	791
1134	791
1135	791
1136	791
1137	791
1138	791
1139	791
1140	792
1141	793
1142	793
1143	793
1144	794
1145	794
1146	794
1147	794
1148	794
1149	794
1150	794
1151	794
1152	794
1153	794
1154	795
1155	798
1156	799
1157	800
1158	800
1159	801
1160	801
1161	801
1162	801
1163	803
1164	803
1165	803
1166	803
1167	804
1168	804
1169	804
1170	805
1171	805
1172	805
1173	805
1174	806
1175	806
1176	806
1177	806
1178	806
1179	807
1180	808
1181	808
1182	808
1183	809
1184	809
1185	810
1186	810
1187	812
1188	812
1189	813
1190	813
1191	814
1192	815
1193	815
1194	815
1195	815
1196	815
1197	815
1198	815
1199	815
1200	816
1201	817
1202	817
1203	817
1204	817
1205	817
1206	817
1207	817
1208	818
1209	818
1210	818
1211	818
1212	818
1213	818
1214	818
1215	820
1216	820
1217	820
1218	820
1219	820
1220	820
1221	820
1222	820
1223	820
1224	820
1225	821
1226	821
1227	821
1228	822
1229	823
1230	823
1231	823
1232	824
1233	824
1234	824
1235	824
1236	824
1237	824
1238	824
1239	824
1240	824
1241	824
1242	824
1243	824
1244	824
1245	824
1246	824
1247	824
1248	824
1249	824
1250	826
1251	826
1252	826
1253	826
1254	826
1255	826
1256	827
1257	827
1258	827
1259	827
1260	827
1261	827
1262	827
1263	829
1264	829
1265	830
1266	830
1267	830
1268	830
1269	830
1270	831
1271	831
1272	831
1273	831
1274	832
1275	833
1276	833
1277	834
1278	834
1279	835
1280	835
1281	835
1282	836
1283	837
1284	838
1285	838
1286	838
1287	838
1288	838
1289	838
1290	839
1291	840
1292	841
1293	841
1294	841
1295	842
1296	843
1297	843
1298	844
1299	844
1300	845
1301	845
1302	845
1303	845
1304	845
1305	847
1306	847
1307	847
1308	848
1309	848
1310	848
1311	849
1312	850
1313	850
1314	850
1315	850
1316	851
1317	852
1318	852
1319	852
1320	852
1321	852
1322	852
1323	852
1324	852
1325	852
1326	854
1327	854
1328	855
1329	856
1330	856
1331	856
1332	856
1333	856
1334	856
1335	856
1336	856
1337	856
1338	856
1339	856
1340	856
1341	856
1342	856
1343	857
1344	857
1345	857
1346	857
1347	857
1348	857
1349	857
1350	857
1351	858
1352	858
1353	858
1354	858
1355	858
1356	858
1357	858
1358	859
1359	859
1360	859
1361	859
1362	859
1363	859
1364	859
1365	859
1366	859
1367	859
1368	859
1369	859
1370	859
1371	859
1372	859
1373	859
1374	861
1375	861
1376	861
1377	862
1378	863
1379	863
1380	863
1381	863
1382	863
1383	864
1384	864
1385	864
1386	864
1387	864
1388	864
1389	864
1390	864
1391	864
1392	864
1393	865
1394	865
1395	866
1396	866
1397	867
1398	867
1399	867
1400	867
1401	867
1402	867
1403	868
1404	868
1405	868
1406	868
1407	869
1408	870
1409	870
1410	870
1411	870
1412	870
1413	870
1414	870
1415	870
1416	871
1417	871
1418	871
1419	871
1420	871
1421	871
1422	871
1423	871
1424	871
1425	871
1426	873
1427	873
1428	873
1429	873
1430	875
1431	876
1432	876
1433	876
1434	876
1435	877
1436	877
1437	877
1438	878
1439	878
1440	878
1441	878
1442	878
1443	878
1444	879
1445	879
1446	879
1447	879
1448	879
1449	879
1450	879
1451	879
1452	879
1453	880
1454	880
1455	880
1456	881
1457	881
1458	881
1459	882
1460	882
1461	882
1462	882
1463	882
1464	883
1465	884
1466	885
1467	885
1468	885
1469	885
1470	886
1471	886
1472	886
1473	886
1474	886
1475	886
1476	886
1477	886
1478	887
1479	887
1480	888
1481	888
1482	888
1483	888
1484	889
1485	889
1486	889
1487	889
1488	889
1489	889
1490	891
1491	891
1492	891
1493	891
1494	891
1495	891
1496	891
1497	891
1498	891
1499	891
1500	891
1501	891
1502	891
1503	892
1504	893
1505	893
1506	893
1507	893
1508	893
1509	893
1510	894
1511	894
1512	894
1513	894
1514	894
1515	894
1516	894
1517	894
1518	894
1519	894
1520	894
1521	894
1522	894
1523	894
1524	894
1525	895
1526	896
1527	896
1528	896
1529	896
1530	896
1531	896
1532	896
1533	896
1534	896
1535	896
1536	896
1537	896
1538	896
1539	896
1540	896
1541	896
1542	896
1543	897
1544	897
1545	897
1546	897
1547	897
1548	897
1549	897
1550	899
1551	899
1552	899
1553	899
1554	899
1555	899
1556	899
1557	899
1558	899
1559	899
1560	899
1561	899
1562	899
1563	899
1564	900
1565	900
1566	900
1567	900
1568	900
1569	900
1570	900
1571	900
1572	900
1573	900
1574	900
1575	900
1576	900
1577	900
1578	900
1579	900
1580	900
1581	900
1582	900
1583	900
1584	900
1585	900
1586	900
1587	900
1588	900
1589	900
1590	900
1591	900
1592	901
1593	901
1594	901
1595	902
1596	902
1597	902
1598	903
1599	904
1600	904
1601	904
1602	904
1603	904
1604	904
1605	904
1606	904
1607	904
1608	904
1609	904
1610	904
1611	904
1612	904
1613	904
1614	904
1615	904
1616	906
1617	906
1618	906
1619	907
1620	907
1621	908
1622	909
1623	909
1624	909
1625	909
1626	909
1627	909
1628	909
1629	909
1630	909
1631	909
1632	909
1633	909
1634	910
1635	910
1636	910
1637	910
1638	911
1639	911
1640	911
1641	911
1642	911
1643	912
1644	912
1645	912
1646	913
1647	913
1648	913
1649	913
1650	913
1651	913
1652	913
1653	913
1654	913
1655	914
1656	914
1657	915
1658	916
1659	917
1660	918
1661	918
1662	918
1663	918
1664	918
1665	919
1666	919
1667	920
1668	920
1669	920
1670	920
1671	920
1672	920
1673	921
1674	922
1675	922
1676	922
1677	922
1678	922
1679	922
1680	922
1681	922
1682	922
1683	922
1684	922
1685	922
1686	923
1687	924
1688	925
1689	925
1690	925
1691	925
1692	925
1693	925
1694	927
1695	927
1696	927
1697	927
1698	927
1699	927
1700	927
1701	927
1702	928
1703	928
1704	928
1705	928
1706	928
1707	928
1708	928
1709	928
1710	929
1711	929
1712	929
1713	929
1714	929
1715	929
1716	929
1717	929
1718	929
1719	929
1720	929
1721	929
1722	929
1723	929
1724	930
1725	931
1726	931
1727	931
1728	931
1729	931
1730	931
1731	931
1732	931
1733	931
1734	931
1735	931
1736	931
1737	931
1738	931
1739	931
1740	931
1741	931
1742	931
1743	931
1744	931
1745	931
1746	931
1747	931
1748	932
1749	932
1750	932
1751	932
1752	932
1753	933
1754	933
1755	933
1756	933
1757	933
1758	933
1759	933
1760	933
1761	934
1762	934
1763	934
1764	934
1765	935
1766	935
1767	935
1768	935
1769	937
1770	937
1771	937
1772	937
1773	937
1774	937
1775	937
1776	937
1777	937
1778	938
1779	938
1780	940
1781	940
1782	940
1783	940
1784	940
1785	940
1786	940
1787	940
1788	940
1789	940
1790	940
1791	940
1792	940
1793	940
1794	940
1795	940
1796	940
1797	941
1798	941
1799	942
1800	942
1801	942
1802	942
1803	942
1804	942
1805	943
1806	943
1807	944
1808	944
1809	944
1810	944
1811	944
1812	944
1813	945
1814	945
1815	946
1816	946
1817	946
1818	946
1819	946
1820	947
1821	947
1822	947
1823	947
1824	947
1825	948
1826	948
1827	948
1828	948
1829	948
1830	948
1831	948
1832	948
1833	948
1834	948
1835	948
1836	948
1837	948
1838	948
1839	948
1840	948
1841	950
1842	950
1843	950
1844	950
1845	950
1846	950
1847	952
1848	952
1849	952
1850	952
1851	952
1852	952
1853	952
1854	952
1855	952
1856	953
1857	953
1858	953
1859	953
1860	953
1861	953
1862	954
1863	954
1864	954
1865	954
1866	954
1867	954
1868	954
1869	954
1870	954
1871	954
1872	954
1873	954
1874	955
1875	955
1876	955
1877	955
1878	955
1879	955
1880	955
1881	955
1882	955
1883	955
1884	955
1885	958
1886	958
1887	958
1888	958
1889	958
1890	958
1891	958
1892	958
1893	958
1894	958
1895	958
1896	958
1897	960
1898	961
1899	961
1900	961
1901	961
1902	961
1903	962
1904	962
1905	962
1906	962
1907	962
1908	962
1909	962
1910	962
1911	962
1912	963
1913	963
1914	963
1915	963
1916	964
1917	964
1918	964
1919	964
1920	964
1921	964
1922	964
1923	964
1924	964
1925	964
1926	964
1927	964
1928	964
1929	964
1930	964
1931	964
1932	964
1933	965
1934	965
1935	966
1936	966
1937	967
1938	967
1939	967
1940	967
1941	968
1942	968
1943	968
1944	968
1945	968
1946	968
1947	969
1948	969
1949	969
1950	969
1951	970
1952	970
1953	970
1954	970
1955	970
1956	970
1957	970
1958	970
1959	970
1960	970
1961	970
1962	970
1963	971
1964	971
1965	971
1966	971
1967	971
1968	971
1969	971
1970	971
1971	971
1972	971
1973	972
1974	972
1975	972
1976	972
1977	972
1978	972
1979	972
1980	973
1981	973
1982	974
1983	974
1984	974
1985	974
1986	974
1987	974
1988	974
1989	975
1990	975
1991	975
1992	975
1993	976
1994	976
1995	976
1996	976
1997	976
1998	976
1999	976
2000	976
2001	976
2002	976
2003	976
2004	976
2005	977
2006	977
2007	977
2008	977
2009	977
2010	977
2011	977
2012	977
2013	977
2014	977
2015	977
2016	977
2017	977
2018	977
2019	977
2020	977
2021	977
2022	977
2023	977
2024	977
2025	977
2026	977
2027	977
2028	977
2029	977
2030	977
2031	978
2032	978
2033	978
2034	978
2035	978
2036	978
2037	978
2038	978
2039	978
2040	978
2041	978
2042	978
2043	978
2044	978
2045	978
2046	978
2047	978
2048	978
2049	979
2050	979
2051	979
2052	979
2053	979
2054	979
2055	979
2056	979
2057	979
2058	979
2059	979
2060	979
2061	979
2062	979
2063	979
2064	979
2065	979
2066	980
2067	980
2068	980
2069	980
2070	980
2071	980
2072	980
2073	981
2074	982
2075	982
2076	982
2077	983
2078	983
2079	985
2080	985
2081	985
2082	986
2083	986
2084	986
2085	986
2086	987
2087	987
2088	987
2089	987
2090	987
2091	988
2092	988
2093	988
2094	988
2095	990
2096	990
2097	990
2098	990
2099	990
2100	990
2101	990
2102	990
2103	990
2104	990
2105	990
2106	990
2107	990
2108	990
2109	990
2110	990
2111	990
2112	990
2113	990
2114	991
2115	991
2116	991
2117	992
2118	992
2119	992
2120	992
2121	992
2122	992
2123	992
2124	992
2125	992
2126	992
2127	992
2128	992
2129	992
2130	992
2131	992
2132	992
2133	992
2134	993
2135	994
2136	994
2137	994
2138	994
2139	995
2140	995
2141	995
2142	995
2143	996
2144	996
2145	996
2146	996
2147	996
2148	996
2149	996
2150	996
2151	996
2152	996
2153	997
2154	998
2155	998
2156	998
2157	999
2158	999
2159	999
2160	999
2161	999
2162	999
2163	999
2164	999
2165	999
2166	999
2167	999
2168	999
2169	999
2170	999
2171	999
2172	999
2173	999
2174	999
2175	1000
2176	1000
2177	1000
2178	1000
2179	1000
2180	1000
2181	1000
2182	1000
2183	1000
2184	1000
2185	1000
2186	1000
2187	1000
2188	1000
2189	1000
2190	1000
2191	1000
2192	1000
2193	1000
2194	1000
2195	1000
2196	1000
2197	1000
2198	1001
2199	1001
2200	1001
2201	1001
2202	1001
2203	1001
2204	1001
2205	1001
2206	1001
2207	1001
2208	1001
2209	1001
2210	1001
2211	1001
2212	1001
2213	1001
2214	1002
2215	1002
2216	1002
2217	1002
2218	1002
2219	1002
2220	1002
2221	1002
2222	1002
2223	1002
2224	1002
2225	1002
2226	1002
2227	1002
2228	1002
2229	1002
2230	1002
2231	1002
2232	1003
2233	1003
2234	1003
2235	1003
2236	1003
2237	1004
2238	1004
2239	1004
2240	1005
2241	1005
2242	1006
2243	1006
2244	1006
2245	1006
2246	1006
2247	1006
2248	1006
2249	1006
2250	1006
2251	1006
2252	1006
2253	1006
2254	1006
2255	1006
2256	1006
2257	1006
2258	1006
2259	1006
2260	1006
2261	1006
2262	1006
2263	1007
2264	1007
2265	1007
2266	1007
2267	1007
2268	1007
2269	1007
2270	1007
2271	1007
2272	1007
2273	1007
2274	1007
2275	1007
2276	1007
2277	1007
2278	1007
2279	1007
2280	1007
2281	1007
2282	1007
2283	1007
2284	1007
2285	1007
2286	1008
2287	1008
2288	1008
2289	1008
2290	1008
2291	1008
2292	1008
2293	1008
2294	1009
2295	1010
2296	1011
2297	1011
2298	1011
2299	1011
2300	1011
2301	1011
2302	1011
2303	1011
2304	1011
2305	1011
2306	1011
2307	1011
2308	1011
2309	1011
2310	1011
2311	1011
2312	1011
2313	1011
2314	1011
2315	1012
2316	1012
2317	1012
2318	1012
2319	1012
2320	1013
2321	1013
2322	1013
2323	1013
2324	1013
2325	1013
2326	1013
2327	1013
2328	1013
2329	1013
2330	1013
2331	1014
2332	1014
2333	1014
2334	1014
2335	1014
2336	1015
2337	1015
2338	1015
2339	1015
2340	1015
2341	1015
2342	1015
2343	1015
2344	1015
2345	1015
2346	1015
2347	1015
2348	1015
2349	1015
2350	1015
2351	1015
2352	1015
2353	1015
2354	1015
2355	1016
2356	1016
2357	1016
2358	1016
2359	1016
2360	1016
2361	1016
2362	1016
2363	1016
2364	1017
2365	1017
2366	1017
2367	1017
2368	1017
2369	1017
2370	1018
2371	1018
2372	1018
2373	1018
2374	1018
2375	1018
2376	1018
2377	1018
2378	1018
2379	1018
2380	1019
2381	1019
2382	1019
2383	1019
2384	1019
2385	1019
2386	1019
2387	1019
2388	1019
2389	1019
2390	1019
2391	1019
2392	1019
2393	1019
2394	1019
2395	1019
2396	1019
2397	1019
2398	1019
2399	1019
2400	1020
2401	1020
2402	1021
2403	1021
2404	1021
2405	1022
2406	1022
2407	1022
2408	1022
2409	1022
2410	1022
2411	1022
2412	1022
2413	1022
2414	1022
2415	1022
2416	1022
2417	1022
2418	1022
2419	1022
2420	1022
2421	1022
2422	1022
2423	1022
2424	1022
2425	1023
2426	1023
2427	1023
2428	1023
2429	1023
2430	1023
2431	1023
2432	1023
2433	1023
2434	1023
2435	1023
2436	1023
2437	1023
2438	1023
2439	1023
2440	1023
2441	1023
2442	1023
2443	1023
2444	1024
2445	1024
2446	1026
2447	1026
2448	1027
2449	1027
2450	1027
2451	1028
2452	1028
2453	1028
2454	1028
2455	1028
2456	1028
2457	1028
2458	1028
2459	1029
2460	1029
2461	1029
2462	1029
2463	1029
2464	1029
2465	1029
2466	1029
2467	1029
2468	1029
2469	1029
2470	1029
2471	1029
2472	1029
2473	1029
2474	1030
2475	1030
2476	1030
2477	1030
2478	1030
2479	1030
2480	1030
2481	1030
2482	1030
2483	1030
2484	1030
2485	1030
2486	1030
2487	1030
2488	1030
2489	1030
2490	1030
2491	1030
2492	1031
2493	1031
2494	1031
2495	1031
2496	1031
2497	1031
2498	1031
2499	1031
2500	1032
2501	1032
2502	1032
2503	1032
2504	1032
2505	1032
2506	1032
2507	1032
2508	1032
2509	1032
2510	1032
2511	1032
2512	1032
2513	1032
2514	1032
2515	1032
2516	1032
2517	1032
2518	1032
2519	1032
2520	1032
2521	1032
2522	1033
2523	1033
2524	1033
2525	1033
2526	1033
2527	1034
2528	1034
2529	1034
2530	1034
2531	1034
2532	1034
2533	1034
2534	1034
2535	1034
2536	1034
2537	1034
2538	1034
2539	1034
2540	1034
2541	1034
2542	1034
2543	1034
2544	1034
2545	1034
2546	1035
2547	1035
2548	1036
2549	1036
2550	1036
2551	1036
2552	1036
2553	1036
2554	1036
2555	1036
2556	1036
2557	1036
2558	1036
2559	1036
2560	1036
2561	1036
2562	1036
2563	1036
2564	1036
2565	1036
2566	1036
2567	1036
2568	1036
2569	1036
2570	1036
2571	1036
2572	1036
2573	1036
2574	1036
2575	1036
2576	1036
2577	1036
2578	1036
2579	1037
2580	1037
2581	1037
2582	1037
2583	1037
2584	1037
2585	1037
2586	1037
2587	1037
2588	1037
2589	1037
2590	1037
2591	1037
2592	1038
2593	1038
2594	1038
2595	1038
2596	1039
2597	1039
2598	1039
2599	1039
2600	1039
2601	1040
2602	1041
2603	1041
2604	1041
2605	1041
2606	1041
2607	1041
2608	1041
2609	1041
2610	1041
2611	1041
2612	1041
2613	1041
2614	1041
2615	1041
2616	1041
2617	1041
2618	1041
2619	1042
2620	1042
2621	1042
2622	1043
2623	1043
2624	1043
2625	1043
2626	1043
2627	1044
2628	1044
2629	1044
2630	1044
2631	1044
2632	1044
2633	1044
2634	1044
2635	1044
2636	1044
2637	1044
2638	1044
2639	1044
2640	1044
2641	1044
2642	1045
2643	1045
2644	1045
2645	1045
2646	1045
2647	1045
2648	1045
2649	1045
2650	1045
2651	1045
2652	1045
2653	1045
2654	1045
2655	1045
2656	1045
2657	1045
2658	1045
2659	1045
2660	1045
2661	1045
2662	1046
2663	1046
2664	1046
2665	1046
2666	1047
2667	1047
2668	1048
2669	1048
2670	1048
2671	1048
2672	1048
2673	1048
2674	1048
2675	1048
2676	1048
2677	1048
2678	1048
2679	1048
2680	1048
2681	1048
2682	1048
2683	1048
2684	1048
2685	1048
2686	1048
2687	1048
2688	1048
2689	1048
2690	1048
2691	1048
2692	1048
2693	1048
2694	1048
2695	1048
2696	1048
2697	1048
2698	1048
2699	1048
2700	1048
2701	1048
2702	1048
2703	1048
2704	1048
2705	1048
2706	1048
2707	1048
2708	1048
2709	1048
2710	1048
2711	1048
2712	1048
2713	1048
2714	1048
2715	1048
2716	1048
2717	1048
2718	1049
2719	1050
2720	1050
2721	1050
2722	1050
2723	1050
2724	1050
2725	1050
2726	1050
2727	1051
2728	1051
2729	1051
2730	1051
2731	1051
2732	1051
2733	1051
2734	1051
2735	1051
2736	1051
2737	1051
2738	1051
2739	1051
2740	1051
2741	1051
2742	1051
2743	1051
2744	1051
2745	1051
2746	1051
2747	1051
2748	1051
2749	1051
2750	1051
2751	1051
2752	1051
2753	1052
2754	1052
2755	1052
2756	1052
2757	1052
2758	1052
2759	1052
2760	1052
2761	1052
2762	1053
2763	1054
2764	1054
2765	1055
2766	1055
2767	1055
2768	1055
2769	1055
2770	1055
2771	1055
2772	1055
2773	1055
2774	1055
2775	1055
2776	1055
2777	1055
2778	1055
2779	1055
2780	1055
2781	1055
2782	1056
2783	1056
2784	1056
2785	1056
2786	1056
2787	1056
2788	1056
2789	1056
2790	1056
2791	1056
2792	1056
2793	1056
2794	1056
2795	1056
2796	1056
2797	1056
2798	1056
2799	1056
2800	1056
2801	1056
2802	1056
2803	1056
2804	1056
2805	1056
2806	1056
2807	1057
2808	1057
2809	1057
2810	1057
2811	1057
2812	1057
2813	1057
2814	1057
2815	1057
2816	1057
2817	1057
2818	1057
2819	1057
2820	1058
2821	1058
2822	1058
2823	1058
2824	1058
2825	1058
2826	1058
2827	1058
2828	1058
2829	1058
2830	1058
2831	1058
2832	1058
2833	1058
2834	1058
2835	1059
2836	1059
2837	1060
2838	1060
2839	1060
2840	1060
2841	1060
2842	1060
2843	1060
2844	1060
2845	1060
2846	1060
2847	1060
2848	1060
2849	1060
2850	1060
2851	1060
2852	1060
2853	1060
2854	1060
2855	1060
2856	1060
2857	1060
2858	1060
2859	1060
2860	1060
2861	1060
2862	1060
2863	1060
2864	1060
2865	1060
2866	1060
2867	1060
2868	1060
2869	1060
2870	1060
2871	1060
2872	1060
2873	1060
2874	1060
2875	1060
2876	1060
2877	1060
2878	1060
2879	1060
2880	1060
2881	1060
2882	1060
2883	1060
2884	1060
2885	1060
2886	1060
2887	1060
2888	1060
2889	1060
2890	1060
2891	1060
2892	1060
2893	1060
2894	1060
2895	1060
2896	1060
2897	1060
2898	1060
2899	1060
2900	1060
2901	1060
2902	1060
2903	1060
2904	1060
2905	1060
2906	1060
2907	1060
2908	1060
2909	1060
2910	1060
2911	1060
2912	1060
2913	1061
2914	1061
2915	1061
2916	1061
2917	1061
2918	1061
2919	1062
2920	1062
2921	1062
2922	1063
2923	1063
2924	1063
2925	1063
2926	1063
2927	1063
2928	1063
2929	1063
2930	1063
2931	1063
2932	1063
2933	1063
2934	1063
2935	1063
2936	1063
2937	1063
2938	1063
2939	1063
2940	1063
2941	1063
2942	1063
2943	1063
2944	1063
2945	1063
2946	1063
2947	1063
2948	1063
2949	1063
2950	1063
2951	1063
2952	1063
2953	1063
2954	1063
2955	1063
2956	1063
2957	1063
2958	1063
2959	1063
2960	1063
2961	1063
2962	1063
2963	1063
2964	1063
2965	1063
2966	1063
2967	1063
2968	1063
2969	1063
2970	1063
2971	1063
2972	1064
2973	1064
2974	1064
2975	1064
2976	1064
2977	1064
2978	1064
2979	1064
2980	1064
2981	1064
2982	1064
2983	1064
2984	1064
2985	1064
2986	1064
2987	1064
2988	1064
2989	1064
2990	1065
2991	1065
2992	1065
2993	1065
2994	1065
2995	1065
2996	1065
2997	1065
2998	1065
2999	1065
3000	1065
3001	1065
3002	1065
3003	1065
3004	1065
3005	1066
3006	1066
3007	1066
3008	1066
3009	1066
3010	1066
3011	1066
3012	1066
3013	1066
3014	1066
3015	1066
3016	1066
3017	1066
3018	1066
3019	1066
3020	1066
3021	1066
3022	1066
3023	1066
3024	1066
3025	1066
3026	1066
3027	1066
3028	1066
3029	1066
3030	1066
3031	1066
3032	1067
3033	1067
3034	1067
3035	1067
3036	1067
3037	1067
3038	1067
3039	1067
3040	1067
3041	1067
3042	1067
3043	1067
3044	1067
3045	1067
3046	1067
3047	1067
3048	1067
3049	1067
3050	1067
3051	1067
3052	1067
3053	1067
3054	1067
3055	1067
3056	1068
3057	1068
3058	1068
3059	1068
3060	1069
3061	1069
3062	1069
3063	1069
3064	1069
3065	1069
3066	1069
3067	1070
3068	1070
3069	1070
3070	1070
3071	1070
3072	1070
3073	1070
3074	1070
3075	1070
3076	1070
3077	1070
3078	1070
3079	1070
3080	1071
3081	1071
3082	1071
3083	1071
3084	1071
3085	1071
3086	1071
3087	1071
3088	1071
3089	1071
3090	1071
3091	1071
3092	1071
3093	1071
3094	1071
3095	1071
3096	1071
3097	1071
3098	1072
3099	1072
3100	1072
3101	1072
3102	1072
3103	1072
3104	1073
3105	1073
3106	1073
3107	1073
3108	1073
3109	1073
3110	1073
3111	1073
3112	1073
3113	1074
3114	1074
3115	1074
3116	1074
3117	1074
3118	1074
3119	1074
3120	1074
3121	1074
3122	1075
3123	1075
3124	1075
3125	1075
3126	1075
3127	1075
3128	1075
3129	1075
3130	1075
3131	1075
3132	1075
3133	1075
3134	1075
3135	1075
3136	1075
3137	1075
3138	1075
3139	1075
3140	1075
3141	1075
3142	1075
3143	1075
3144	1075
3145	1075
3146	1075
3147	1075
3148	1076
3149	1076
3150	1076
3151	1077
3152	1077
3153	1077
3154	1077
3155	1077
3156	1077
3157	1077
3158	1077
3159	1077
3160	1077
3161	1077
3162	1077
3163	1077
3164	1077
3165	1077
3166	1077
3167	1077
3168	1077
3169	1077
3170	1077
3171	1077
3172	1077
3173	1077
3174	1077
3175	1077
3176	1077
3177	1077
3178	1077
3179	1077
3180	1077
3181	1077
3182	1077
3183	1077
3184	1077
3185	1077
3186	1077
3187	1077
3188	1077
3189	1077
3190	1077
3191	1077
3192	1077
3193	1077
3194	1077
3195	1077
3196	1077
3197	1077
3198	1077
3199	1077
3200	1078
3201	1078
3202	1078
3203	1078
3204	1078
3205	1078
3206	1078
3207	1078
3208	1078
3209	1078
3210	1078
3211	1078
3212	1078
3213	1078
3214	1078
3215	1078
3216	1078
3217	1079
3218	1079
3219	1079
3220	1079
3221	1079
3222	1079
3223	1079
3224	1079
3225	1079
3226	1079
3227	1079
3228	1079
3229	1079
3230	1079
3231	1079
3232	1079
3233	1079
3234	1080
3235	1080
3236	1080
3237	1080
3238	1080
3239	1080
3240	1080
3241	1080
3242	1080
3243	1080
3244	1080
3245	1080
3246	1080
3247	1080
3248	1080
3249	1080
3250	1080
3251	1080
3252	1080
3253	1080
3254	1080
3255	1080
3256	1080
3257	1080
3258	1080
3259	1080
3260	1080
3261	1080
3262	1080
3263	1080
3264	1080
3265	1080
3266	1080
3267	1080
3268	1080
3269	1080
3270	1080
3271	1080
3272	1080
3273	1080
3274	1080
3275	1080
3276	1080
3277	1080
3278	1080
3279	1080
3280	1080
3281	1080
3282	1080
3283	1080
3284	1080
3285	1080
3286	1080
3287	1080
3288	1080
3289	1080
3290	1080
3291	1080
3292	1080
3293	1080
3294	1080
3295	1080
3296	1081
3297	1081
3298	1081
3299	1081
3300	1081
3301	1082
3302	1082
3303	1082
3304	1082
3305	1083
3306	1083
3307	1083
3308	1083
3309	1083
3310	1083
3311	1083
3312	1083
3313	1083
3314	1083
3315	1083
3316	1083
3317	1083
3318	1083
3319	1083
3320	1083
3321	1083
3322	1083
3323	1083
3324	1083
3325	1083
3326	1083
3327	1083
3328	1083
3329	1083
3330	1083
3331	1083
3332	1083
3333	1083
3334	1083
3335	1083
3336	1083
3337	1083
3338	1083
3339	1083
3340	1083
3341	1083
3342	1084
3343	1084
3344	1084
3345	1084
3346	1084
3347	1084
3348	1084
3349	1084
3350	1084
3351	1084
3352	1084
3353	1084
3354	1084
3355	1084
3356	1084
3357	1084
3358	1084
3359	1084
3360	1084
3361	1084
3362	1084
3363	1084
3364	1084
3365	1084
3366	1084
3367	1084
3368	1084
3369	1084
3370	1084
3371	1084
3372	1084
3373	1084
3374	1084
3375	1084
3376	1084
3377	1084
3378	1084
3379	1084
3380	1084
3381	1084
3382	1084
3383	1084
3384	1084
3385	1084
3386	1084
3387	1084
3388	1084
3389	1084
3390	1084
3391	1084
3392	1084
3393	1084
3394	1084
3395	1085
3396	1085
3397	1085
3398	1085
3399	1085
3400	1085
3401	1085
3402	1085
3403	1085
3404	1085
3405	1085
3406	1085
3407	1085
3408	1085
3409	1085
3410	1085
3411	1086
3412	1086
3413	1086
3414	1086
3415	1086
3416	1086
3417	1086
3418	1086
3419	1086
3420	1086
3421	1086
3422	1086
3423	1086
3424	1086
3425	1086
3426	1086
3427	1086
3428	1086
3429	1086
3430	1086
3431	1086
3432	1086
3433	1086
3434	1086
3435	1086
3436	1086
3437	1086
3438	1086
3439	1086
3440	1087
3441	1087
3442	1087
3443	1087
3444	1087
3445	1087
3446	1087
3447	1087
3448	1087
3449	1087
3450	1087
3451	1087
3452	1087
3453	1087
3454	1087
3455	1087
3456	1087
3457	1087
3458	1087
3459	1087
3460	1087
3461	1087
3462	1087
3463	1087
3464	1087
3465	1087
3466	1087
3467	1087
3468	1087
3469	1087
3470	1087
3471	1087
3472	1087
3473	1087
3474	1087
3475	1087
3476	1087
3477	1087
3478	1087
3479	1087
3480	1087
3481	1087
3482	1087
3483	1087
3484	1087
3485	1087
3486	1087
3487	1087
3488	1087
3489	1087
3490	1087
3491	1087
3492	1087
3493	1087
3494	1087
3495	1087
3496	1087
3497	1087
3498	1087
3499	1087
3500	1087
3501	1087
3502	1087
3503	1087
3504	1087
3505	1087
3506	1087
3507	1087
3508	1087
3509	1088
3510	1088
3511	1088
3512	1088
3513	1088
3514	1088
3515	1088
3516	1088
3517	1088
3518	1088
3519	1088
3520	1088
3521	1088
3522	1088
3523	1088
3524	1088
3525	1088
3526	1088
3527	1088
3528	1088
3529	1088
3530	1088
3531	1088
3532	1088
3533	1088
3534	1088
3535	1088
3536	1088
3537	1088
3538	1088
3539	1088
3540	1088
3541	1088
3542	1088
3543	1088
3544	1088
3545	1088
3546	1088
3547	1088
3548	1088
3549	1088
3550	1088
3551	1088
3552	1088
3553	1088
3554	1088
3555	1088
3556	1088
3557	1088
3558	1088
3559	1088
3560	1088
3561	1088
3562	1088
3563	1088
3564	1088
3565	1088
3566	1088
3567	1088
3568	1088
3569	1088
3570	1088
3571	1088
3572	1088
3573	1088
3574	1088
3575	1088
3576	1088
3577	1088
3578	1088
3579	1088
3580	1088
3581	1088
3582	1088
3583	1088
3584	1088
3585	1088
3586	1088
3587	1088
3588	1088
3589	1088
3590	1088
3591	1089
3592	1089
3593	1089
3594	1089
3595	1089
3596	1089
3597	1090
3598	1090
3599	1090
3600	1090
3601	1090
3602	1090
3603	1090
3604	1090
3605	1090
3606	1090
3607	1090
3608	1090
3609	1090
3610	1090
3611	1090
3612	1090
3613	1090
3614	1090
3615	1090
3616	1090
3617	1090
3618	1090
3619	1090
3620	1090
3621	1090
3622	1090
3623	1090
3624	1090
3625	1090
3626	1090
3627	1090
3628	1090
3629	1090
3630	1090
3631	1090
3632	1090
3633	1090
3634	1090
3635	1090
3636	1090
3637	1090
3638	1090
3639	1090
3640	1090
3641	1090
3642	1090
3643	1090
3644	1090
3645	1090
3646	1090
3647	1090
3648	1090
3649	1090
3650	1090
3651	1090
3652	1090
3653	1090
3654	1090
3655	1090
3656	1090
3657	1090
3658	1090
3659	1090
3660	1090
3661	1090
3662	1090
3663	1090
3664	1090
3665	1090
3666	1092
3667	1092
3668	1092
3669	1092
3670	1092
3671	1092
3672	1092
3673	1092
3674	1092
3675	1092
3676	1092
3677	1092
3678	1092
3679	1092
3680	1092
3681	1092
3682	1092
3683	1092
3684	1092
3685	1092
3686	1092
3687	1092
3688	1092
3689	1092
3690	1092
3691	1092
3692	1093
3693	1093
3694	1093
3695	1093
3696	1094
3697	1094
3698	1094
3699	1094
3700	1094
3701	1094
3702	1094
3703	1094
3704	1094
3705	1094
3706	1094
3707	1094
3708	1094
3709	1094
3710	1094
3711	1094
3712	1094
3713	1094
3714	1094
3715	1094
3716	1094
3717	1094
3718	1095
3719	1096
3720	1096
3721	1096
3722	1096
3723	1096
3724	1096
3725	1096
3726	1096
3727	1096
3728	1096
3729	1096
3730	1096
3731	1096
3732	1096
3733	1096
3734	1096
3735	1096
3736	1096
3737	1096
3738	1096
3739	1096
3740	1096
3741	1096
3742	1096
3743	1096
3744	1096
3745	1096
3746	1096
3747	1096
3748	1096
3749	1096
3750	1096
3751	1096
3752	1096
3753	1096
3754	1096
3755	1097
3756	1097
3757	1097
3758	1097
3759	1097
3760	1097
3761	1097
3762	1097
3763	1097
3764	1097
3765	1097
3766	1097
3767	1097
3768	1097
3769	1097
3770	1097
3771	1097
3772	1097
3773	1097
3774	1097
3775	1097
3776	1097
3777	1097
3778	1097
3779	1097
3780	1097
3781	1097
3782	1097
3783	1097
3784	1097
3785	1097
3786	1097
3787	1097
3788	1097
3789	1097
3790	1097
3791	1097
3792	1097
3793	1097
3794	1097
3795	1097
3796	1097
3797	1097
3798	1097
3799	1097
3800	1097
3801	1098
3802	1098
3803	1098
3804	1098
3805	1098
3806	1098
3807	1098
3808	1098
3809	1098
3810	1098
3811	1098
3812	1098
3813	1098
3814	1098
3815	1098
3816	1098
3817	1098
3818	1098
3819	1098
3820	1098
3821	1098
3822	1098
3823	1098
3824	1098
3825	1098
3826	1098
3827	1098
3828	1098
3829	1098
3830	1098
3831	1098
3832	1098
3833	1099
3834	1099
3835	1100
3836	1100
3837	1100
3838	1100
3839	1100
3840	1100
3841	1100
3842	1100
3843	1100
3844	1100
3845	1100
3846	1100
3847	1100
3848	1100
3849	1100
3850	1100
3851	1100
3852	1100
3853	1100
3854	1100
3855	1100
3856	1100
3857	1100
3858	1100
3859	1100
3860	1100
3861	1100
3862	1100
3863	1100
3864	1100
3865	1100
3866	1100
3867	1100
3868	1100
3869	1100
3870	1100
3871	1100
3872	1100
3873	1100
3874	1100
3875	1101
3876	1101
3877	1101
3878	1101
3879	1101
3880	1101
3881	1101
3882	1101
3883	1101
3884	1101
3885	1101
3886	1101
3887	1101
3888	1101
3889	1101
3890	1101
3891	1101
3892	1101
3893	1101
3894	1101
3895	1101
3896	1101
3897	1101
3898	1101
3899	1101
3900	1101
3901	1101
3902	1101
3903	1101
3904	1101
3905	1101
3906	1101
3907	1101
3908	1101
3909	1101
3910	1101
3911	1101
3912	1101
3913	1101
3914	1101
3915	1101
3916	1101
3917	1101
3918	1101
3919	1101
3920	1101
3921	1101
3922	1101
3923	1101
3924	1101
3925	1101
3926	1101
3927	1101
3928	1101
3929	1101
3930	1101
3931	1101
3932	1101
3933	1101
3934	1101
3935	1101
3936	1101
3937	1101
3938	1101
3939	1101
3940	1101
3941	1101
3942	1101
3943	1101
3944	1101
3945	1101
3946	1102
3947	1102
3948	1102
3949	1102
3950	1102
3951	1102
3952	1102
3953	1102
3954	1102
3955	1102
3956	1102
3957	1103
3958	1104
3959	1104
3960	1104
3961	1104
3962	1104
3963	1105
3964	1105
3965	1105
3966	1105
3967	1105
3968	1105
3969	1105
3970	1105
3971	1105
3972	1105
3973	1105
3974	1105
3975	1105
3976	1105
3977	1105
3978	1105
3979	1105
3980	1105
3981	1105
3982	1105
3983	1105
3984	1105
3985	1105
3986	1105
3987	1105
3988	1105
3989	1105
3990	1105
3991	1105
3992	1105
3993	1105
3994	1105
3995	1105
3996	1105
3997	1105
3998	1105
3999	1105
4000	1105
4001	1105
4002	1105
4003	1105
4004	1105
4005	1105
4006	1105
4007	1105
4008	1105
4009	1105
4010	1105
4011	1105
4012	1105
4013	1105
4014	1105
4015	1105
4016	1105
4017	1105
4018	1105
4019	1105
4020	1105
4021	1105
4022	1105
4023	1105
4024	1105
4025	1105
4026	1105
4027	1105
4028	1105
4029	1105
4030	1105
4031	1105
4032	1105
4033	1105
4034	1105
4035	1105
4036	1105
4037	1105
4038	1105
4039	1105
4040	1105
4041	1105
4042	1105
4043	1105
4044	1105
4045	1105
4046	1105
4047	1105
4048	1105
4049	1105
4050	1105
4051	1105
4052	1105
4053	1105
4054	1105
4055	1105
4056	1105
4057	1105
4058	1105
4059	1105
4060	1105
4061	1105
4062	1105
4063	1105
4064	1105
4065	1105
4066	1105
4067	1105
4068	1105
4069	1105
4070	1105
4071	1105
4072	1105
4073	1105
4074	1105
4075	1105
4076	1105
4077	1105
4078	1105
4079	1105
4080	1105
4081	1105
4082	1105
4083	1105
4084	1105
4085	1105
4086	1105
4087	1105
4088	1105
4089	1105
4090	1105
4091	1105
4092	1105
4093	1105
4094	1105
4095	1105
4096	1105
4097	1105
4098	1105
4099	1105
4100	1105
4101	1105
4102	1105
4103	1105
4104	1105
4105	1105
4106	1105
4107	1105
4108	1106
4109	1106
4110	1106
4111	1106
4112	1106
4113	1106
4114	1106
4115	1106
4116	1106
4117	1106
4118	1106
4119	1106
4120	1106
4121	1106
4122	1106
4123	1106
4124	1106
4125	1106
4126	1106
4127	1106
4128	1106
4129	1106
4130	1106
4131	1106
4132	1106
4133	1106
4134	1106
4135	1106
4136	1106
4137	1106
4138	1106
4139	1106
4140	1106
4141	1107
4142	1107
4143	1107
4144	1107
4145	1107
4146	1107
4147	1107
4148	1107
4149	1107
4150	1107
4151	1107
4152	1107
4153	1107
4154	1107
4155	1107
4156	1108
4157	1108
4158	1108
4159	1109
4160	1109
4161	1109
4162	1109
4163	1109
4164	1109
4165	1109
4166	1109
4167	1109
4168	1109
4169	1109
4170	1109
4171	1109
4172	1109
4173	1109
4174	1109
4175	1109
4176	1109
4177	1109
4178	1109
4179	1109
4180	1109
4181	1109
4182	1109
4183	1109
4184	1109
4185	1109
4186	1109
4187	1109
4188	1109
4189	1109
4190	1109
4191	1109
4192	1109
4193	1109
4194	1109
4195	1109
4196	1109
4197	1109
4198	1109
4199	1109
4200	1109
4201	1109
4202	1109
4203	1109
4204	1110
4205	1110
4206	1110
4207	1110
4208	1110
4209	1110
4210	1110
4211	1110
4212	1110
4213	1111
4214	1111
4215	1111
4216	1112
4217	1112
4218	1112
4219	1112
4220	1112
4221	1112
4222	1112
4223	1112
4224	1112
4225	1112
4226	1112
4227	1112
4228	1112
4229	1112
4230	1112
4231	1112
4232	1112
4233	1112
4234	1112
4235	1112
4236	1112
4237	1112
4238	1112
4239	1112
4240	1112
4241	1112
4242	1112
4243	1112
4244	1112
4245	1112
4246	1112
4247	1112
4248	1112
4249	1112
4250	1112
4251	1112
4252	1112
4253	1112
4254	1112
4255	1112
4256	1112
4257	1112
4258	1112
4259	1112
4260	1112
4261	1112
4262	1112
4263	1112
4264	1112
4265	1112
4266	1112
4267	1112
4268	1112
4269	1112
4270	1112
4271	1112
4272	1112
4273	1112
4274	1112
4275	1112
4276	1112
4277	1112
4278	1112
4279	1112
4280	1112
4281	1112
4282	1112
4283	1112
4284	1112
4285	1112
4286	1112
4287	1112
4288	1112
4289	1112
4290	1112
4291	1112
4292	1112
4293	1112
4294	1112
4295	1112
4296	1112
4297	1112
4298	1112
4299	1112
4300	1112
4301	1112
4302	1112
4303	1112
4304	1112
4305	1112
4306	1112
4307	1112
4308	1112
4309	1112
4310	1112
4311	1113
4312	1113
4313	1113
4314	1113
4315	1113
4316	1113
4317	1113
4318	1113
4319	1113
4320	1113
4321	1113
4322	1113
4323	1113
4324	1113
4325	1113
4326	1113
4327	1113
4328	1114
4329	1114
4330	1114
4331	1114
4332	1114
4333	1114
4334	1114
4335	1114
4336	1114
4337	1114
4338	1114
4339	1114
4340	1114
4341	1114
4342	1114
4343	1114
4344	1114
4345	1114
4346	1114
4347	1114
4348	1114
4349	1114
4350	1114
4351	1114
4352	1114
4353	1114
4354	1114
4355	1114
4356	1114
4357	1114
4358	1114
4359	1114
4360	1114
4361	1114
4362	1114
4363	1114
4364	1114
4365	1114
4366	1114
4367	1114
4368	1114
4369	1114
4370	1114
4371	1114
4372	1114
4373	1114
4374	1114
4375	1114
4376	1114
4377	1114
4378	1114
4379	1114
4380	1114
4381	1114
4382	1114
4383	1114
4384	1114
4385	1114
4386	1114
4387	1114
4388	1115
4389	1115
4390	1115
4391	1115
4392	1115
4393	1115
4394	1115
4395	1115
4396	1115
4397	1115
4398	1115
4399	1115
4400	1115
4401	1115
4402	1115
4403	1116
4404	1116
4405	1116
4406	1116
4407	1116
4408	1116
4409	1116
4410	1116
4411	1116
4412	1116
4413	1116
4414	1116
4415	1116
4416	1116
4417	1116
4418	1117
4419	1117
4420	1117
4421	1117
4422	1117
4423	1117
4424	1117
4425	1117
4426	1117
4427	1117
4428	1117
4429	1117
4430	1117
4431	1117
4432	1117
4433	1117
4434	1117
4435	1117
4436	1117
4437	1117
4438	1117
4439	1117
4440	1117
4441	1117
4442	1117
4443	1117
4444	1117
4445	1117
4446	1117
4447	1117
4448	1118
4449	1118
4450	1118
4451	1118
4452	1118
4453	1118
4454	1118
4455	1118
4456	1118
4457	1118
4458	1118
4459	1118
4460	1118
4461	1118
4462	1118
4463	1118
4464	1118
4465	1118
4466	1118
4467	1118
4468	1118
4469	1118
4470	1118
4471	1118
4472	1118
4473	1118
4474	1118
4475	1118
4476	1118
4477	1118
4478	1118
4479	1118
4480	1118
4481	1118
4482	1118
4483	1118
4484	1118
4485	1118
4486	1118
4487	1118
4488	1118
4489	1118
4490	1118
4491	1118
4492	1118
4493	1118
4494	1118
4495	1118
4496	1118
4497	1118
4498	1118
4499	1118
4500	1118
4501	1118
4502	1118
4503	1118
4504	1118
4505	1118
4506	1118
4507	1118
4508	1118
4509	1118
4510	1118
4511	1118
4512	1118
4513	1118
4514	1118
4515	1118
4516	1118
4517	1118
4518	1118
4519	1118
4520	1118
4521	1118
4522	1118
4523	1118
4524	1118
4525	1118
4526	1118
4527	1118
4528	1118
4529	1119
4530	1119
4531	1119
4532	1119
4533	1119
4534	1119
4535	1119
4536	1119
4537	1119
4538	1119
4539	1119
4540	1119
4541	1119
4542	1119
4543	1119
4544	1119
4545	1119
4546	1119
4547	1119
4548	1119
4549	1119
4550	1119
4551	1119
4552	1119
4553	1119
4554	1119
4555	1119
4556	1119
4557	1119
4558	1119
4559	1119
4560	1119
4561	1119
4562	1119
4563	1119
4564	1119
4565	1119
4566	1119
4567	1119
4568	1119
4569	1119
4570	1119
4571	1119
4572	1119
4573	1119
4574	1119
4575	1119
4576	1119
4577	1119
4578	1119
4579	1119
4580	1119
4581	1119
4582	1119
4583	1119
4584	1119
4585	1119
4586	1119
4587	1119
4588	1120
4589	1120
4590	1120
4591	1120
4592	1120
4593	1120
4594	1120
4595	1120
4596	1120
4597	1120
4598	1120
4599	1120
4600	1120
4601	1120
4602	1120
4603	1120
4604	1120
4605	1120
4606	1120
4607	1120
4608	1120
4609	1120
4610	1120
4611	1120
4612	1120
4613	1120
4614	1120
4615	1120
4616	1121
4617	1121
4618	1121
4619	1121
4620	1121
4621	1121
4622	1121
4623	1121
4624	1121
4625	1121
4626	1121
4627	1121
4628	1121
4629	1121
4630	1121
4631	1121
4632	1121
4633	1121
4634	1121
4635	1121
4636	1121
4637	1121
4638	1121
4639	1121
4640	1121
4641	1121
4642	1121
4643	1121
4644	1121
4645	1121
4646	1121
4647	1121
4648	1121
4649	1121
4650	1121
4651	1121
4652	1121
4653	1121
4654	1121
4655	1121
4656	1121
4657	1121
4658	1121
4659	1121
4660	1121
4661	1121
4662	1121
4663	1121
4664	1121
4665	1121
4666	1121
4667	1121
4668	1122
4669	1123
4670	1123
4671	1123
4672	1123
4673	1123
4674	1123
4675	1123
4676	1123
4677	1123
4678	1123
4679	1123
4680	1123
4681	1123
4682	1123
4683	1123
4684	1123
4685	1123
4686	1123
4687	1123
4688	1123
4689	1123
4690	1123
4691	1123
4692	1123
4693	1123
4694	1123
4695	1123
4696	1123
4697	1123
4698	1123
4699	1123
4700	1123
4701	1123
4702	1123
4703	1123
4704	1123
4705	1123
4706	1123
4707	1123
4708	1123
4709	1123
4710	1123
4711	1123
4712	1123
4713	1123
4714	1123
4715	1123
4716	1123
4717	1124
4718	1124
4719	1124
4720	1124
4721	1124
4722	1124
4723	1124
4724	1124
4725	1125
4726	1125
4727	1125
4728	1125
4729	1125
4730	1125
4731	1125
4732	1125
4733	1125
4734	1125
4735	1125
4736	1125
4737	1125
4738	1125
4739	1125
4740	1125
4741	1125
4742	1125
4743	1125
4744	1126
4745	1126
4746	1126
4747	1126
4748	1126
4749	1126
4750	1126
4751	1126
4752	1126
4753	1126
4754	1126
4755	1126
4756	1126
4757	1126
4758	1126
4759	1126
4760	1126
4761	1126
4762	1126
4763	1126
4764	1126
4765	1126
4766	1126
4767	1126
4768	1126
4769	1126
4770	1126
4771	1126
4772	1126
4773	1126
4774	1126
4775	1126
4776	1126
4777	1126
4778	1126
4779	1126
4780	1126
4781	1126
4782	1126
4783	1126
4784	1126
4785	1126
4786	1126
4787	1126
4788	1126
4789	1126
4790	1126
4791	1126
4792	1126
4793	1126
4794	1126
4795	1126
4796	1126
4797	1126
4798	1126
4799	1126
4800	1126
4801	1126
4802	1127
4803	1127
4804	1127
4805	1127
4806	1127
4807	1127
4808	1127
4809	1127
4810	1127
4811	1127
4812	1127
4813	1127
4814	1127
4815	1127
4816	1127
4817	1127
4818	1127
4819	1127
4820	1127
4821	1127
4822	1127
4823	1127
4824	1127
4825	1128
4826	1128
4827	1128
4828	1128
4829	1128
4830	1128
4831	1128
4832	1128
4833	1128
4834	1128
4835	1128
4836	1128
4837	1128
4838	1128
4839	1128
4840	1128
4841	1129
4842	1129
4843	1129
4844	1129
4845	1129
4846	1129
4847	1129
4848	1129
4849	1129
4850	1129
4851	1129
4852	1129
4853	1129
4854	1129
4855	1129
4856	1129
4857	1129
4858	1129
4859	1129
4860	1129
4861	1129
4862	1129
4863	1129
4864	1129
4865	1129
4866	1129
4867	1129
4868	1129
4869	1129
4870	1129
4871	1129
4872	1129
4873	1129
4874	1129
4875	1129
4876	1129
4877	1129
4878	1129
4879	1129
4880	1129
4881	1129
4882	1129
4883	1129
4884	1129
4885	1129
4886	1129
4887	1129
4888	1129
4889	1129
4890	1129
4891	1129
4892	1129
4893	1130
4894	1130
4895	1130
4896	1130
4897	1130
4898	1130
4899	1130
4900	1130
4901	1130
4902	1131
4903	1132
4904	1133
4905	1133
4906	1133
4907	1133
4908	1133
4909	1133
4910	1133
4911	1133
4912	1133
4913	1133
4914	1133
4915	1133
4916	1133
4917	1133
4918	1133
4919	1133
4920	1133
4921	1133
4922	1133
4923	1133
4924	1133
4925	1133
4926	1133
4927	1133
4928	1133
4929	1133
4930	1133
4931	1133
4932	1133
4933	1133
4934	1133
4935	1133
4936	1133
4937	1133
4938	1133
4939	1133
4940	1133
4941	1133
4942	1133
4943	1133
4944	1133
4945	1133
4946	1133
4947	1133
4948	1133
4949	1133
4950	1133
4951	1133
4952	1133
4953	1133
4954	1133
4955	1133
4956	1133
4957	1133
4958	1133
4959	1133
4960	1133
4961	1134
4962	1134
4963	1134
4964	1134
4965	1134
4966	1134
4967	1134
4968	1134
4969	1134
4970	1134
4971	1134
4972	1134
4973	1134
4974	1134
4975	1134
4976	1134
4977	1134
4978	1134
4979	1134
4980	1134
4981	1134
4982	1134
4983	1134
4984	1134
4985	1134
4986	1134
4987	1134
4988	1134
4989	1134
4990	1134
4991	1134
4992	1134
4993	1134
4994	1134
4995	1134
4996	1134
4997	1134
4998	1134
4999	1134

