0	0
1	0
2	0
3	0
4	0
5	0
6	0
7	0
8	0
9	0
10	0
11	0
12	0
13	0
14	0
15	0
16	0
17	0
18	0
19	0
20	0
21	0
22	0
23	0
24	0
25	0
26	0
27	0
28	0
29	0
30	0
31	0
32	0
33	0
34	0
35	0
36	0
37	0
38	0
39	0
40	0
41	0
42	0
43	0
44	0
45	0
46	0
47	0
48	0
49	0
50	0
51	0
52	0
53	0
54	0
55	0
56	0
57	0
58	0
59	0
60	0
61	0
62	0
63	0
64	0
65	0
66	0
67	0
68	0
69	0
70	0
71	0
72	0
73	0
74	0
75	0
76	0
77	0
78	0
79	0
80	0
81	0
82	0
83	0
84	0
85	0
86	0
87	0
88	0
89	0
90	1
91	1
92	1
93	1
94	2
95	2
96	3
97	3
98	3
99	3
100	3
101	3
102	3
103	3
104	3
105	3
106	3
107	5
108	7
109	7
110	9
111	9
112	9
113	9
114	9
115	12
116	12
117	13
118	14
119	14
120	14
121	14
122	15
123	15
124	15
125	15
126	15
127	16
128	17
129	17
130	19
131	21
132	21
133	22
134	23
135	25
136	25
137	26
138	29
139	29
140	30
141	30
142	30
143	32
144	32
145	32
146	33
147	33
148	34
149	34
150	37
151	37
152	37
153	37
154	38
155	40
156	40
157	43
158	45
159	46
160	47
161	47
162	49
163	51
164	52
165	55
166	55
167	55
168	56
169	59
170	63
171	63
172	65
173	65
174	67
175	68
176	69
177	70
178	71
179	73
180	76
181	77
182	79
183	81
184	85
185	87
186	87
187	89
188	90
189	90
190	93
191	94
192	95
193	97
194	99
195	101
196	103
197	106
198	106
199	110
200	113
201	114
202	115
203	116
204	119
205	121
206	124
207	127
208	128
209	131
210	133
211	137
212	140
213	142
214	143
215	144
216	145
217	146
218	147
219	147
220	149
221	151
222	155
223	159
224	159
225	160
226	162
227	163
228	164
229	165
230	166
231	169
232	174
233	176
234	177
235	178
236	178
237	179
238	181
239	182
240	186
241	188
242	190
243	192
244	194
245	196
246	198
247	199
248	199
249	200
250	204
251	204
252	204
253	204
254	205
255	206
256	206
257	207
258	211
259	212
260	216
261	219
262	221
263	222
264	223
265	224
266	224
267	228
268	231
269	234
270	238
271	239
272	240
273	242
274	242
275	243
276	244
277	246
278	249
279	249
280	251
281	252
282	253
283	255
284	256
285	259
286	266
287	267
288	267
289	267
290	269
291	271
292	273
293	274
294	274
295	274
296	274
297	274
298	276
299	277
300	278
301	280
302	280
303	282
304	282
305	284
306	285
307	286
308	288
309	288
310	289
311	289
312	289
313	291
314	292
315	293
316	293
317	294
318	294
319	295
320	298
321	299
322	301
323	303
324	303
325	305
326	308
327	309
328	310
329	310
330	311
331	313
332	314
333	314
334	317
335	318
336	318
337	319
338	319
339	320
340	321
341	322
342	322
343	322
344	323
345	325
346	328
347	329
348	331
349	332
350	333
351	335
352	335
353	335
354	335
355	337
356	338
357	338
358	338
359	340
360	343
361	344
362	344
363	346
364	349
365	349
366	349
367	349
368	350
369	351
370	352
371	353
372	354
373	354
374	355
375	356
376	356
377	358
378	359
379	360
380	361
381	361
382	362
383	364
384	365
385	366
386	367
387	368
388	369
389	371
390	371
391	372
392	372
393	373
394	374
395	374
396	377
397	377
398	379
399	379
400	379
401	379
402	380
403	382
404	386
405	386
406	387
407	388
408	388
409	389
410	390
411	390
412	393
413	393
414	394
415	394
416	395
417	396
418	397
419	397
420	397
421	397
422	398
423	400
424	402
425	403
426	405
427	405
428	405
429	406
430	407
431	408
432	409
433	411
434	412
435	413
436	413
437	413
438	413
439	414
440	415
441	415
442	417
443	417
444	421
445	423
446	424
447	424
448	425
449	426
450	426
451	427
452	428
453	429
454	430
455	431
456	433
457	433
458	433
459	433
460	434
461	434
462	436
463	438
464	439
465	439
466	439
467	443
468	443
469	444
470	445
471	445
472	445
473	445
474	446
475	448
476	449
477	449
478	449
479	450
480	451
481	453
482	454
483	454
484	454
485	455
486	455
487	457
488	457
489	457
490	457
491	458
492	458
493	459
494	461
495	461
496	462
497	462
498	462
499	463
500	463
501	463
502	463
503	463
504	464
505	466
506	466
507	466
508	467
509	468
510	470
511	471
512	471
513	471
514	471
515	471
516	472
517	473
518	474
519	474
520	475
521	475
522	476
523	477
524	477
525	478
526	480
527	480
528	481
529	483
530	483
531	483
532	483
533	484
534	486
535	486
536	487
537	487
538	488
539	488
540	489
541	489
542	489
543	492
544	492
545	493
546	493
547	496
548	496
549	499
550	500
551	500
552	502
553	502
554	503
555	503
556	504
557	505
558	505
559	506
560	506
561	508
562	509
563	510
564	510
565	511
566	512
567	513
568	514
569	514
570	515
571	516
572	517
573	517
574	517
575	517
576	517
577	517
578	517
579	519
580	519
581	519
582	521
583	522
584	524
585	526
586	527
587	527
588	529
589	529
590	529
591	530
592	532
593	532
594	534
595	534
596	536
597	538
598	539
599	539
600	539
601	540
602	541
603	541
604	543
605	545
606	546
607	547
608	548
609	549
610	549
611	551
612	551
613	552
614	552
615	552
616	552
617	552
618	553
619	553
620	554
621	554
622	555
623	555
624	556
625	556
626	557
627	557
628	560
629	560
630	560
631	562
632	562
633	562
634	562
635	562
636	562
637	563
638	565
639	568
640	569
641	569
642	569
643	570
644	570
645	571
646	571
647	571
648	574
649	575
650	575
651	576
652	577
653	577
654	577
655	577
656	578
657	578
658	578
659	580
660	583
661	583
662	586
663	587
664	588
665	588
666	588
667	588
668	588
669	588
670	591
671	591
672	592
673	592
674	593
675	594
676	594
677	594
678	594
679	595
680	595
681	596
682	596
683	596
684	597
685	598
686	599
687	600
688	601
689	601
690	602
691	603
692	603
693	604
694	604
695	604
696	606
697	606
698	608
699	608
700	609
701	609
702	609
703	610
704	611
705	613
706	614
707	615
708	615
709	616
710	616
711	617
712	617
713	617
714	618
715	619
716	620
717	620
718	622
719	623
720	623
721	624
722	626
723	626
724	626
725	626
726	626
727	626
728	626
729	626
730	626
731	626
732	627
733	627
734	627
735	627
736	628
737	628
738	629
739	629
740	629
741	629
742	629
743	630
744	630
745	631
746	633
747	635
748	635
749	635
750	635
751	636
752	636
753	636
754	636
755	637
756	637
757	638
758	640
759	640
760	640
761	640
762	641
763	641
764	641
765	641
766	642
767	642
768	642
769	642
770	642
771	642
772	642
773	643
774	644
775	644
776	644
777	645
778	646
779	648
780	649
781	649
782	650
783	650
784	651
785	652
786	652
787	652
788	652
789	653
790	653
791	654
792	656
793	656
794	657
795	657
796	657
797	659
798	659
799	659
800	659
801	659
802	659
803	660
804	661
805	663
806	664
807	664
808	665
809	665
810	665
811	666
812	667
813	667
814	668
815	668
816	668
817	668
818	668
819	668
820	668
821	668
822	669
823	669
824	669
825	669
826	669
827	670
828	670
829	670
830	671
831	672
832	674
833	674
834	674
835	674
836	674
837	674
838	675
839	675
840	675
841	675
842	675
843	677
844	677
845	677
846	677
847	677
848	677
849	677
850	679
851	679
852	680
853	682
854	683
855	683
856	683
857	683
858	683
859	683
860	684
861	684
862	686
863	688
864	688
865	688
866	688
867	688
868	689
869	690
870	690
871	691
872	691
873	691
874	691
875	691
876	691
877	691
878	691
879	692
880	693
881	693
882	693
883	693
884	695
885	697
886	697
887	697
888	697
889	697
890	697
891	698
892	698
893	698
894	698
895	698
896	698
897	698
898	699
899	699
900	699
901	699
902	699
903	699
904	699
905	700
906	700
907	701
908	702
909	702
910	703
911	704
912	704
913	706
914	707
915	708
916	708
917	708
918	708
919	708
920	708
921	709
922	711
923	711
924	711
925	713
926	713
927	714
928	714
929	715
930	716
931	716
932	716
933	716
934	716
935	719
936	719
937	719
938	720
939	721
940	723
941	723
942	724
943	724
944	725
945	726
946	728
947	728
948	728
949	728
950	728
951	730
952	730
953	730
954	731
955	731
956	732
957	732
958	732
959	732
960	732
961	732
962	732
963	732
964	733
965	733
966	734
967	735
968	735
969	735
970	735
971	735
972	735
973	735
974	735
975	735
976	735
977	738
978	738
979	738
980	739
981	740
982	740
983	740
984	740
985	740
986	740
987	740
988	740
989	740
990	740
991	740
992	740
993	740
994	740
995	740
996	740
997	740
998	740
999	740
1000	743
1001	743
1002	743
1003	743
1004	744
1005	746
1006	746
1007	747
1008	747
1009	747
1010	747
1011	747
1012	747
1013	747
1014	747
1015	750
1016	751
1017	751
1018	752
1019	752
1020	752
1021	753
1022	753
1023	753
1024	753
1025	754
1026	755
1027	757
1028	757
1029	757
1030	757
1031	757
1032	757
1033	758
1034	758
1035	758
1036	759
1037	759
1038	759
1039	759
1040	759
1041	759
1042	759
1043	759
1044	759
1045	759
1046	759
1047	760
1048	760
1049	761
1050	762
1051	762
1052	762
1053	762
1054	762
1055	762
1056	762
1057	763
1058	763
1059	763
1060	764
1061	764
1062	765
1063	765
1064	766
1065	766
1066	766
1067	767
1068	768
1069	770
1070	770
1071	770
1072	770
1073	770
1074	770
1075	770
1076	770
1077	771
1078	772
1079	772
1080	773
1081	773
1082	775
1083	776
1084	776
1085	776
1086	777
1087	777
1088	777
1089	778
1090	779
1091	779
1092	779
1093	779
1094	779
1095	779
1096	780
1097	780
1098	781
1099	781
1100	781
1101	781
1102	781
1103	781
1104	781
1105	781
1106	781
1107	783
1108	784
1109	784
1110	784
1111	784
1112	784
1113	784
1114	784
1115	785
1116	785
1117	786
1118	786
1119	787
1120	787
1121	787
1122	787
1123	787
1124	787
1125	788
1126	788
1127	788
1128	788
1129	788
1130	788
1131	788
1132	789
1133	790
1134	790
1135	790
1136	790
1137	791
1138	791
1139	791
1140	791
1141	791
1142	792
1143	792
1144	793
1145	795
1146	795
1147	795
1148	795
1149	796
1150	796
1151	796
1152	796
1153	797
1154	797
1155	798
1156	798
1157	799
1158	799
1159	799
1160	799
1161	799
1162	801
1163	802
1164	802
1165	802
1166	802
1167	802
1168	802
1169	803
1170	803
1171	803
1172	803
1173	805
1174	805
1175	805
1176	806
1177	806
1178	807
1179	809
1180	810
1181	810
1182	811
1183	812
1184	812
1185	812
1186	814
1187	814
1188	814
1189	814
1190	814
1191	814
1192	814
1193	814
1194	815
1195	815
1196	815
1197	815
1198	815
1199	815
1200	816
1201	816
1202	816
1203	816
1204	816
1205	816
1206	816
1207	816
1208	816
1209	817
1210	817
1211	817
1212	817
1213	817
1214	817
1215	817
1216	817
1217	817
1218	817
1219	817
1220	817
1221	817
1222	818
1223	818
1224	818
1225	819
1226	819
1227	819
1228	819
1229	820
1230	821
1231	822
1232	822
1233	822
1234	824
1235	824
1236	824
1237	824
1238	824
1239	824
1240	824
1241	825
1242	825
1243	825
1244	825
1245	825
1246	825
1247	825
1248	826
1249	827
1250	827
1251	827
1252	827
1253	827
1254	827
1255	827
1256	827
1257	828
1258	828
1259	829
1260	829
1261	829
1262	829
1263	829
1264	830
1265	830
1266	830
1267	831
1268	832
1269	832
1270	832
1271	832
1272	833
1273	833
1274	833
1275	833
1276	835
1277	836
1278	836
1279	836
1280	836
1281	836
1282	836
1283	836
1284	836
1285	836
1286	836
1287	836
1288	837
1289	837
1290	837
1291	837
1292	838
1293	839
1294	839
1295	839
1296	840
1297	840
1298	840
1299	841
1300	841
1301	841
1302	841
1303	841
1304	841
1305	841
1306	841
1307	841
1308	841
1309	841
1310	842
1311	843
1312	843
1313	843
1314	843
1315	843
1316	843
1317	843
1318	845
1319	845
1320	846
1321	846
1322	846
1323	846
1324	846
1325	847
1326	847
1327	849
1328	849
1329	849
1330	849
1331	849
1332	849
1333	849
1334	849
1335	849
1336	849
1337	849
1338	849
1339	851
1340	851
1341	851
1342	852
1343	852
1344	853
1345	853
1346	853
1347	853
1348	853
1349	854
1350	854
1351	854
1352	855
1353	855
1354	855
1355	855
1356	855
1357	855
1358	857
1359	857
1360	857
1361	857
1362	858
1363	858
1364	859
1365	859
1366	859
1367	860
1368	860
1369	860
1370	860
1371	860
1372	860
1373	860
1374	861
1375	862
1376	862
1377	863
1378	863
1379	864
1380	864
1381	864
1382	864
1383	864
1384	864
1385	864
1386	864
1387	864
1388	865
1389	865
1390	866
1391	866
1392	866
1393	866
1394	866
1395	866
1396	866
1397	867
1398	869
1399	870
1400	870
1401	870
1402	870
1403	870
1404	870
1405	870
1406	870
1407	870
1408	870
1409	870
1410	871
1411	871
1412	871
1413	871
1414	871
1415	871
1416	871
1417	872
1418	872
1419	872
1420	873
1421	873
1422	873
1423	873
1424	873
1425	874
1426	874
1427	874
1428	874
1429	874
1430	874
1431	875
1432	875
1433	875
1434	876
1435	876
1436	876
1437	877
1438	877
1439	877
1440	877
1441	877
1442	877
1443	877
1444	877
1445	877
1446	877
1447	877
1448	877
1449	878
1450	878
1451	879
1452	879
1453	879
1454	881
1455	881
1456	883
1457	883
1458	883
1459	883
1460	883
1461	883
1462	885
1463	885
1464	885
1465	885
1466	885
1467	885
1468	885
1469	885
1470	885
1471	885
1472	885
1473	885
1474	886
1475	886
1476	886
1477	886
1478	886
1479	887
1480	887
1481	887
1482	887
1483	887
1484	887
1485	887
1486	888
1487	890
1488	890
1489	890
1490	890
1491	890
1492	890
1493	890
1494	890
1495	890
1496	890
1497	890
1498	891
1499	891
1500	891
1501	893
1502	893
1503	893
1504	893
1505	893
1506	893
1507	893
1508	893
1509	893
1510	893
1511	893
1512	893
1513	894
1514	895
1515	895
1516	896
1517	896
1518	896
1519	896
1520	896
1521	896
1522	896
1523	896
1524	896
1525	896
1526	897
1527	897
1528	898
1529	898
1530	899
1531	899
1532	900
1533	900
1534	901
1535	901
1536	901
1537	901
1538	902
1539	902
1540	902
1541	902
1542	902
1543	902
1544	902
1545	902
1546	902
1547	902
1548	902
1549	902
1550	902
1551	902
1552	902
1553	903
1554	906
1555	906
1556	906
1557	906
1558	906
1559	907
1560	908
1561	908
1562	908
1563	908
1564	908
1565	908
1566	908
1567	908
1568	908
1569	908
1570	908
1571	908
1572	908
1573	909
1574	909
1575	910
1576	910
1577	910
1578	910
1579	910
1580	910
1581	910
1582	910
1583	910
1584	910
1585	910
1586	911
1587	911
1588	911
1589	911
1590	911
1591	911
1592	911
1593	911
1594	911
1595	911
1596	911
1597	911
1598	911
1599	912
1600	912
1601	912
1602	912
1603	912
1604	912
1605	912
1606	912
1607	913
1608	913
1609	913
1610	913
1611	914
1612	914
1613	914
1614	914
1615	914
1616	914
1617	914
1618	914
1619	914
1620	914
1621	916
1622	916
1623	917
1624	917
1625	918
1626	918
1627	918
1628	919
1629	919
1630	919
1631	919
1632	919
1633	919
1634	919
1635	919
1636	919
1637	919
1638	920
1639	921
1640	921
1641	921
1642	922
1643	922
1644	923
1645	923
1646	923
1647	923
1648	923
1649	923
1650	923
1651	923
1652	923
1653	923
1654	923
1655	923
1656	923
1657	924
1658	925
1659	925
1660	925
1661	926
1662	927
1663	927
1664	927
1665	927
1666	927
1667	927
1668	927
1669	927
1670	927
1671	927
1672	927
1673	928
1674	928
1675	928
1676	928
1677	928
1678	928
1679	928
1680	928
1681	928
1682	928
1683	928
1684	928
1685	928
1686	928
1687	928
1688	928
1689	928
1690	928
1691	928
1692	929
1693	929
1694	929
1695	929
1696	930
1697	930
1698	930
1699	931
1700	931
1701	932
1702	932
1703	932
1704	932
1705	933
1706	934
1707	934
1708	934
1709	935
1710	935
1711	935
1712	935
1713	935
1714	935
1715	935
1716	935
1717	935
1718	935
1719	935
1720	935
1721	935
1722	935
1723	935
1724	935
1725	935
1726	935
1727	935
1728	936
1729	936
1730	936
1731	936
1732	936
1733	936
1734	936
1735	936
1736	937
1737	937
1738	937
1739	937
1740	937
1741	937
1742	937
1743	938
1744	938
1745	938
1746	938
1747	938
1748	938
1749	938
1750	938
1751	938
1752	938
1753	938
1754	938
1755	938
1756	938
1757	938
1758	939
1759	939
1760	939
1761	939
1762	940
1763	940
1764	940
1765	940
1766	940
1767	940
1768	940
1769	940
1770	940
1771	940
1772	940
1773	941
1774	941
1775	942
1776	942
1777	942
1778	942
1779	942
1780	942
1781	943
1782	944
1783	944
1784	945
1785	945
1786	945
1787	945
1788	945
1789	946
1790	948
1791	948
1792	948
1793	948
1794	948
1795	948
1796	948
1797	948
1798	949
1799	949
1800	949
1801	949
1802	949
1803	950
1804	950
1805	950
1806	950
1807	950
1808	951
1809	951
1810	951
1811	951
1812	951
1813	951
1814	951
1815	953
1816	953
1817	953
1818	953
1819	953
1820	953
1821	953
1822	953
1823	953
1824	953
1825	953
1826	953
1827	953
1828	953
1829	953
1830	953
1831	954
1832	954
1833	954
1834	954
1835	954
1836	954
1837	954
1838	955
1839	955
1840	957
1841	957
1842	957
1843	957
1844	957
1845	957
1846	957
1847	957
1848	957
1849	957
1850	958
1851	958
1852	958
1853	958
1854	958
1855	958
1856	958
1857	958
1858	958
1859	958
1860	958
1861	958
1862	959
1863	959
1864	959
1865	960
1866	960
1867	960
1868	960
1869	960
1870	960
1871	960
1872	961
1873	961
1874	961
1875	961
1876	962
1877	962
1878	962
1879	962
1880	962
1881	962
1882	962
1883	962
1884	962
1885	963
1886	963
1887	963
1888	963
1889	964
1890	964
1891	964
1892	964
1893	964
1894	964
1895	964
1896	964
1897	964
1898	964
1899	964
1900	964
1901	964
1902	965
1903	965
1904	965
1905	965
1906	965
1907	965
1908	966
1909	966
1910	966
1911	966
1912	966
1913	966
1914	966
1915	966
1916	966
1917	966
1918	966
1919	966
1920	966
1921	966
1922	966
1923	966
1924	967
1925	967
1926	967
1927	967
1928	967
1929	967
1930	967
1931	967
1932	967
1933	967
1934	968
1935	968
1936	969
1937	969
1938	969
1939	970
1940	970
1941	970
1942	971
1943	971
1944	971
1945	971
1946	971
1947	971
1948	971
1949	971
1950	971
1951	971
1952	971
1953	971
1954	971
1955	971
1956	971
1957	971
1958	971
1959	971
1960	971
1961	971
1962	971
1963	971
1964	971
1965	971
1966	971
1967	971
1968	971
1969	972
1970	972
1971	972
1972	973
1973	973
1974	973
1975	974
1976	974
1977	974
1978	974
1979	974
1980	974
1981	974
1982	974
1983	974
1984	975
1985	975
1986	976
1987	976
1988	976
1989	976
1990	976
1991	976
1992	976
1993	976
1994	976
1995	976
1996	976
1997	976
1998	976
1999	976
2000	976
2001	977
2002	977
2003	977
2004	978
2005	978
2006	978
2007	978
2008	978
2009	978
2010	978
2011	978
2012	978
2013	978
2014	978
2015	978
2016	978
2017	979
2018	979
2019	979
2020	979
2021	979
2022	979
2023	979
2024	979
2025	979
2026	979
2027	979
2028	979
2029	979
2030	979
2031	979
2032	980
2033	980
2034	980
2035	980
2036	980
2037	980
2038	981
2039	981
2040	981
2041	981
2042	981
2043	981
2044	981
2045	981
2046	981
2047	981
2048	982
2049	982
2050	982
2051	984
2052	984
2053	984
2054	984
2055	985
2056	985
2057	986
2058	986
2059	986
2060	986
2061	986
2062	986
2063	986
2064	986
2065	986
2066	986
2067	986
2068	987
2069	987
2070	987
2071	987
2072	987
2073	987
2074	988
2075	988
2076	988
2077	988
2078	988
2079	988
2080	988
2081	988
2082	988
2083	989
2084	989
2085	989
2086	989
2087	989
2088	989
2089	989
2090	990
2091	990
2092	990
2093	990
2094	990
2095	990
2096	990
2097	990
2098	990
2099	990
2100	990
2101	990
2102	990
2103	990
2104	990
2105	990
2106	990
2107	990
2108	990
2109	990
2110	990
2111	991
2112	991
2113	991
2114	991
2115	992
2116	992
2117	992
2118	993
2119	993
2120	993
2121	993
2122	993
2123	993
2124	993
2125	993
2126	993
2127	993
2128	993
2129	994
2130	994
2131	994
2132	994
2133	994
2134	994
2135	994
2136	995
2137	995
2138	995
2139	995
2140	995
2141	995
2142	995
2143	995
2144	995
2145	995
2146	995
2147	995
2148	995
2149	995
2150	995
2151	995
2152	995
2153	995
2154	995
2155	995
2156	995
2157	995
2158	995
2159	995
2160	995
2161	995
2162	995
2163	995
2164	995
2165	995
2166	995
2167	995
2168	995
2169	995
2170	995
2171	995
2172	995
2173	995
2174	995
2175	995
2176	995
2177	996
2178	996
2179	996
2180	996
2181	996
2182	996
2183	996
2184	996
2185	996
2186	996
2187	996
2188	996
2189	998
2190	998
2191	998
2192	999
2193	999
2194	999
2195	999
2196	999
2197	999
2198	999
2199	999
2200	999
2201	999
2202	999
2203	999
2204	999
2205	999
2206	999
2207	999
2208	999
2209	999
2210	999
2211	999
2212	999
2213	999
2214	999
2215	999
2216	999
2217	999
2218	999
2219	999
2220	999
2221	999
2222	999
2223	999
2224	999
2225	999
2226	1000
2227	1000
2228	1000
2229	1000
2230	1000
2231	1000
2232	1000
2233	1000
2234	1000
2235	1000
2236	1000
2237	1000
2238	1000
2239	1000
2240	1000
2241	1000
2242	1000
2243	1000
2244	1000
2245	1000
2246	1000
2247	1000
2248	1000
2249	1000
2250	1000
2251	1000
2252	1000
2253	1000
2254	1000
2255	1000
2256	1000
2257	1000
2258	1000
2259	1000
2260	1000
2261	1000
2262	1000
2263	1000
2264	1000
2265	1000
2266	1000
2267	1000
2268	1000
2269	1001
2270	1001
2271	1001
2272	1001
2273	1001
2274	1001
2275	1001
2276	1001
2277	1001
2278	1001
2279	1002
2280	1002
2281	1002
2282	1002
2283	1003
2284	1003
2285	1003
2286	1003
2287	1003
2288	1003
2289	1003
2290	1004
2291	1004
2292	1004
2293	1004
2294	1004
2295	1004
2296	1005
2297	1006
2298	1006
2299	1006
2300	1006
2301	1006
2302	1006
2303	1006
2304	1006
2305	1006
2306	1006
2307	1006
2308	1006
2309	1006
2310	1006
2311	1006
2312	1006
2313	1006
2314	1007
2315	1007
2316	1007
2317	1007
2318	1007
2319	1007
2320	1007
2321	1007
2322	1007
2323	1007
2324	1007
2325	1007
2326	1007
2327	1007
2328	1007
2329	1007
2330	1007
2331	1007
2332	1007
2333	1007
2334	1007
2335	1007
2336	1007
2337	1007
2338	1007
2339	1008
2340	1008
2341	1008
2342	1009
2343	1009
2344	1010
2345	1011
2346	1011
2347	1011
2348	1011
2349	1011
2350	1011
2351	1011
2352	1011
2353	1011
2354	1011
2355	1011
2356	1011
2357	1011
2358	1011
2359	1011
2360	1011
2361	1011
2362	1011
2363	1011
2364	1011
2365	1011
2366	1011
2367	1011
2368	1011
2369	1011
2370	1011
2371	1011
2372	1011
2373	1011
2374	1011
2375	1011
2376	1011
2377	1011
2378	1011
2379	1012
2380	1012
2381	1012
2382	1012
2383	1012
2384	1012
2385	1012
2386	1012
2387	1012
2388	1012
2389	1012
2390	1012
2391	1012
2392	1012
2393	1012
2394	1012
2395	1014
2396	1014
2397	1014
2398	1014
2399	1014
2400	1014
2401	1014
2402	1014
2403	1014
2404	1014
2405	1014
2406	1014
2407	1014
2408	1014
2409	1014
2410	1014
2411	1014
2412	1014
2413	1015
2414	1015
2415	1015
2416	1015
2417	1015
2418	1015
2419	1015
2420	1015
2421	1015
2422	1016
2423	1016
2424	1016
2425	1016
2426	1016
2427	1016
2428	1016
2429	1016
2430	1016
2431	1016
2432	1016
2433	1016
2434	1016
2435	1016
2436	1016
2437	1017
2438	1017
2439	1017
2440	1017
2441	1017
2442	1018
2443	1018
2444	1018
2445	1018
2446	1018
2447	1018
2448	1018
2449	1018
2450	1018
2451	1018
2452	1018
2453	1018
2454	1018
2455	1018
2456	1018
2457	1018
2458	1018
2459	1018
2460	1018
2461	1018
2462	1018
2463	1019
2464	1019
2465	1019
2466	1019
2467	1019
2468	1019
2469	1019
2470	1019
2471	1019
2472	1019
2473	1019
2474	1019
2475	1019
2476	1019
2477	1019
2478	1019
2479	1019
2480	1019
2481	1019
2482	1020
2483	1020
2484	1020
2485	1020
2486	1020
2487	1020
2488	1020
2489	1020
2490	1020
2491	1020
2492	1020
2493	1020
2494	1020
2495	1020
2496	1020
2497	1021
2498	1021
2499	1021
2500	1021
2501	1021
2502	1021
2503	1021
2504	1021
2505	1021
2506	1022
2507	1022
2508	1022
2509	1022
2510	1022
2511	1022
2512	1022
2513	1022
2514	1022
2515	1022
2516	1022
2517	1022
2518	1022
2519	1022
2520	1023
2521	1023
2522	1023
2523	1023
2524	1023
2525	1023
2526	1023
2527	1023
2528	1023
2529	1023
2530	1023
2531	1024
2532	1025
2533	1025
2534	1025
2535	1025
2536	1025
2537	1025
2538	1025
2539	1026
2540	1026
2541	1026
2542	1026
2543	1027
2544	1027
2545	1027
2546	1027
2547	1027
2548	1027
2549	1028
2550	1028
2551	1028
2552	1028
2553	1028
2554	1028
2555	1029
2556	1029
2557	1029
2558	1029
2559	1029
2560	1029
2561	1029
2562	1029
2563	1029
2564	1029
2565	1029
2566	1029
2567	1030
2568	1030
2569	1030
2570	1030
2571	1030
2572	1030
2573	1030
2574	1030
2575	1030
2576	1030
2577	1030
2578	1030
2579	1030
2580	1030
2581	1030
2582	1032
2583	1032
2584	1032
2585	1032
2586	1032
2587	1032
2588	1032
2589	1032
2590	1032
2591	1032
2592	1032
2593	1032
2594	1032
2595	1032
2596	1032
2597	1032
2598	1032
2599	1032
2600	1032
2601	1032
2602	1032
2603	1032
2604	1032
2605	1033
2606	1033
2607	1033
2608	1034
2609	1034
2610	1035
2611	1035
2612	1035
2613	1035
2614	1035
2615	1035
2616	1035
2617	1035
2618	1036
2619	1036
2620	1036
2621	1036
2622	1036
2623	1036
2624	1036
2625	1036
2626	1036
2627	1036
2628	1036
2629	1036
2630	1036
2631	1036
2632	1036
2633	1036
2634	1036
2635	1036
2636	1036
2637	1037
2638	1037
2639	1037
2640	1038
2641	1038
2642	1038
2643	1038
2644	1038
2645	1038
2646	1038
2647	1038
2648	1038
2649	1038
2650	1038
2651	1039
2652	1039
2653	1039
2654	1040
2655	1040
2656	1040
2657	1040
2658	1040
2659	1040
2660	1040
2661	1040
2662	1040
2663	1040
2664	1040
2665	1041
2666	1041
2667	1041
2668	1041
2669	1041
2670	1041
2671	1041
2672	1041
2673	1041
2674	1041
2675	1041
2676	1041
2677	1041
2678	1041
2679	1041
2680	1041
2681	1041
2682	1041
2683	1042
2684	1042
2685	1042
2686	1042
2687	1042
2688	1042
2689	1042
2690	1042
2691	1042
2692	1042
2693	1042
2694	1042
2695	1042
2696	1042
2697	1042
2698	1043
2699	1043
2700	1044
2701	1045
2702	1045
2703	1046
2704	1046
2705	1046
2706	1046
2707	1046
2708	1046
2709	1046
2710	1046
2711	1046
2712	1046
2713	1046
2714	1046
2715	1046
2716	1046
2717	1046
2718	1046
2719	1046
2720	1046
2721	1046
2722	1046
2723	1046
2724	1046
2725	1046
2726	1046
2727	1046
2728	1046
2729	1046
2730	1046
2731	1046
2732	1046
2733	1046
2734	1046
2735	1046
2736	1046
2737	1046
2738	1046
2739	1046
2740	1046
2741	1046
2742	1046
2743	1046
2744	1046
2745	1046
2746	1047
2747	1047
2748	1047
2749	1047
2750	1047
2751	1047
2752	1047
2753	1047
2754	1047
2755	1047
2756	1047
2757	1047
2758	1047
2759	1048
2760	1048
2761	1048
2762	1048
2763	1049
2764	1049
2765	1049
2766	1049
2767	1049
2768	1049
2769	1049
2770	1049
2771	1049
2772	1049
2773	1049
2774	1049
2775	1049
2776	1049
2777	1049
2778	1049
2779	1049
2780	1049
2781	1049
2782	1049
2783	1049
2784	1049
2785	1049
2786	1049
2787	1050
2788	1050
2789	1050
2790	1050
2791	1051
2792	1051
2793	1051
2794	1051
2795	1051
2796	1051
2797	1051
2798	1051
2799	1051
2800	1051
2801	1051
2802	1051
2803	1051
2804	1051
2805	1051
2806	1051
2807	1051
2808	1051
2809	1052
2810	1052
2811	1052
2812	1053
2813	1053
2814	1053
2815	1053
2816	1053
2817	1053
2818	1053
2819	1054
2820	1054
2821	1054
2822	1054
2823	1054
2824	1054
2825	1054
2826	1054
2827	1054
2828	1054
2829	1054
2830	1054
2831	1054
2832	1054
2833	1054
2834	1054
2835	1054
2836	1054
2837	1054
2838	1054
2839	1054
2840	1054
2841	1054
2842	1054
2843	1054
2844	1054
2845	1054
2846	1054
2847	1055
2848	1055
2849	1055
2850	1055
2851	1055
2852	1055
2853	1056
2854	1057
2855	1057
2856	1057
2857	1057
2858	1057
2859	1057
2860	1057
2861	1057
2862	1057
2863	1057
2864	1057
2865	1057
2866	1057
2867	1057
2868	1057
2869	1057
2870	1057
2871	1057
2872	1057
2873	1057
2874	1057
2875	1057
2876	1057
2877	1057
2878	1057
2879	1057
2880	1057
2881	1057
2882	1057
2883	1057
2884	1057
2885	1057
2886	1057
2887	1057
2888	1057
2889	1058
2890	1058
2891	1058
2892	1058
2893	1058
2894	1058
2895	1058
2896	1058
2897	1059
2898	1059
2899	1059
2900	1059
2901	1059
2902	1059
2903	1059
2904	1059
2905	1059
2906	1059
2907	1060
2908	1060
2909	1060
2910	1060
2911	1060
2912	1060
2913	1060
2914	1060
2915	1060
2916	1060
2917	1060
2918	1060
2919	1060
2920	1060
2921	1060
2922	1060
2923	1060
2924	1060
2925	1061
2926	1061
2927	1061
2928	1061
2929	1061
2930	1061
2931	1061
2932	1061
2933	1061
2934	1061
2935	1061
2936	1061
2937	1062
2938	1062
2939	1062
2940	1062
2941	1062
2942	1063
2943	1063
2944	1063
2945	1063
2946	1063
2947	1063
2948	1063
2949	1063
2950	1063
2951	1063
2952	1063
2953	1063
2954	1064
2955	1064
2956	1064
2957	1064
2958	1064
2959	1064
2960	1064
2961	1064
2962	1064
2963	1064
2964	1064
2965	1064
2966	1064
2967	1064
2968	1064
2969	1064
2970	1064
2971	1064
2972	1064
2973	1064
2974	1064
2975	1064
2976	1064
2977	1064
2978	1064
2979	1065
2980	1066
2981	1066
2982	1066
2983	1066
2984	1066
2985	1066
2986	1066
2987	1066
2988	1066
2989	1066
2990	1066
2991	1066
2992	1066
2993	1066
2994	1066
2995	1066
2996	1066
2997	1066
2998	1066
2999	1066
3000	1066
3001	1066
3002	1066
3003	1066
3004	1066
3005	1066
3006	1066
3007	1066
3008	1066
3009	1066
3010	1066
3011	1067
3012	1067
3013	1067
3014	1067
3015	1067
3016	1067
3017	1067
3018	1067
3019	1067
3020	1067
3021	1067
3022	1067
3023	1067
3024	1067
3025	1067
3026	1067
3027	1067
3028	1067
3029	1067
3030	1067
3031	1067
3032	1067
3033	1067
3034	1067
3035	1067
3036	1067
3037	1067
3038	1067
3039	1068
3040	1068
3041	1068
3042	1068
3043	1068
3044	1068
3045	1068
3046	1068
3047	1068
3048	1068
3049	1068
3050	1068
3051	1068
3052	1068
3053	1068
3054	1068
3055	1068
3056	1068
3057	1068
3058	1068
3059	1068
3060	1068
3061	1068
3062	1068
3063	1068
3064	1068
3065	1068
3066	1068
3067	1068
3068	1068
3069	1068
3070	1068
3071	1068
3072	1068
3073	1068
3074	1068
3075	1068
3076	1068
3077	1068
3078	1068
3079	1068
3080	1068
3081	1069
3082	1069
3083	1069
3084	1069
3085	1069
3086	1069
3087	1069
3088	1069
3089	1069
3090	1070
3091	1070
3092	1070
3093	1070
3094	1070
3095	1070
3096	1070
3097	1070
3098	1070
3099	1070
3100	1070
3101	1070
3102	1070
3103	1070
3104	1070
3105	1070
3106	1070
3107	1070
3108	1070
3109	1070
3110	1070
3111	1070
3112	1070
3113	1070
3114	1070
3115	1070
3116	1070
3117	1070
3118	1070
3119	1070
3120	1070
3121	1070
3122	1070
3123	1070
3124	1070
3125	1070
3126	1070
3127	1070
3128	1070
3129	1070
3130	1070
3131	1070
3132	1070
3133	1070
3134	1071
3135	1071
3136	1071
3137	1071
3138	1071
3139	1071
3140	1071
3141	1071
3142	1071
3143	1071
3144	1071
3145	1071
3146	1071
3147	1071
3148	1071
3149	1071
3150	1071
3151	1071
3152	1071
3153	1071
3154	1071
3155	1071
3156	1071
3157	1071
3158	1071
3159	1071
3160	1071
3161	1071
3162	1071
3163	1071
3164	1071
3165	1071
3166	1071
3167	1071
3168	1072
3169	1072
3170	1072
3171	1072
3172	1072
3173	1072
3174	1072
3175	1072
3176	1072
3177	1072
3178	1072
3179	1072
3180	1072
3181	1072
3182	1072
3183	1072
3184	1072
3185	1072
3186	1072
3187	1072
3188	1072
3189	1073
3190	1073
3191	1073
3192	1073
3193	1073
3194	1073
3195	1073
3196	1073
3197	1073
3198	1073
3199	1073
3200	1073
3201	1073
3202	1073
3203	1073
3204	1073
3205	1073
3206	1073
3207	1073
3208	1073
3209	1073
3210	1073
3211	1073
3212	1073
3213	1073
3214	1074
3215	1074
3216	1074
3217	1074
3218	1074
3219	1074
3220	1074
3221	1074
3222	1074
3223	1074
3224	1074
3225	1074
3226	1074
3227	1074
3228	1074
3229	1074
3230	1074
3231	1074
3232	1074
3233	1074
3234	1074
3235	1074
3236	1074
3237	1074
3238	1075
3239	1075
3240	1075
3241	1075
3242	1075
3243	1075
3244	1075
3245	1075
3246	1075
3247	1075
3248	1075
3249	1075
3250	1075
3251	1075
3252	1075
3253	1075
3254	1075
3255	1075
3256	1075
3257	1075
3258	1075
3259	1075
3260	1075
3261	1075
3262	1075
3263	1075
3264	1075
3265	1075
3266	1075
3267	1075
3268	1075
3269	1075
3270	1075
3271	1075
3272	1075
3273	1075
3274	1075
3275	1075
3276	1075
3277	1075
3278	1075
3279	1075
3280	1075
3281	1075
3282	1075
3283	1075
3284	1075
3285	1075
3286	1075
3287	1076
3288	1076
3289	1076
3290	1076
3291	1076
3292	1076
3293	1076
3294	1076
3295	1076
3296	1076
3297	1076
3298	1076
3299	1077
3300	1077
3301	1077
3302	1077
3303	1077
3304	1077
3305	1077
3306	1077
3307	1077
3308	1077
3309	1077
3310	1077
3311	1077
3312	1077
3313	1077
3314	1077
3315	1078
3316	1078
3317	1078
3318	1078
3319	1078
3320	1078
3321	1078
3322	1078
3323	1078
3324	1078
3325	1078
3326	1078
3327	1078
3328	1078
3329	1078
3330	1078
3331	1078
3332	1078
3333	1078
3334	1078
3335	1078
3336	1078
3337	1078
3338	1078
3339	1078
3340	1078
3341	1078
3342	1078
3343	1078
3344	1078
3345	1078
3346	1078
3347	1078
3348	1078
3349	1078
3350	1078
3351	1078
3352	1078
3353	1078
3354	1078
3355	1078
3356	1078
3357	1078
3358	1078
3359	1078
3360	1078
3361	1078
3362	1078
3363	1078
3364	1078
3365	1078
3366	1079
3367	1079
3368	1079
3369	1080
3370	1080
3371	1080
3372	1080
3373	1080
3374	1080
3375	1080
3376	1080
3377	1080
3378	1080
3379	1080
3380	1080
3381	1080
3382	1080
3383	1080
3384	1080
3385	1080
3386	1080
3387	1080
3388	1080
3389	1080
3390	1080
3391	1080
3392	1080
3393	1080
3394	1080
3395	1080
3396	1080
3397	1080
3398	1080
3399	1080
3400	1080
3401	1080
3402	1080
3403	1080
3404	1080
3405	1080
3406	1080
3407	1080
3408	1080
3409	1080
3410	1080
3411	1080
3412	1080
3413	1080
3414	1080
3415	1081
3416	1081
3417	1081
3418	1081
3419	1081
3420	1081
3421	1081
3422	1081
3423	1081
3424	1081
3425	1081
3426	1081
3427	1081
3428	1081
3429	1081
3430	1081
3431	1081
3432	1081
3433	1081
3434	1082
3435	1082
3436	1082
3437	1082
3438	1082
3439	1082
3440	1082
3441	1082
3442	1082
3443	1082
3444	1082
3445	1082
3446	1082
3447	1082
3448	1082
3449	1082
3450	1082
3451	1082
3452	1082
3453	1083
3454	1083
3455	1083
3456	1083
3457	1083
3458	1083
3459	1083
3460	1083
3461	1083
3462	1083
3463	1083
3464	1083
3465	1083
3466	1083
3467	1083
3468	1083
3469	1083
3470	1083
3471	1083
3472	1083
3473	1083
3474	1083
3475	1083
3476	1083
3477	1083
3478	1083
3479	1083
3480	1083
3481	1084
3482	1084
3483	1084
3484	1084
3485	1084
3486	1084
3487	1084
3488	1084
3489	1085
3490	1085
3491	1085
3492	1085
3493	1085
3494	1085
3495	1085
3496	1085
3497	1085
3498	1085
3499	1085
3500	1085
3501	1085
3502	1085
3503	1085
3504	1085
3505	1085
3506	1085
3507	1085
3508	1085
3509	1085
3510	1085
3511	1085
3512	1085
3513	1085
3514	1085
3515	1085
3516	1085
3517	1085
3518	1085
3519	1085
3520	1085
3521	1085
3522	1085
3523	1085
3524	1085
3525	1085
3526	1085
3527	1085
3528	1085
3529	1085
3530	1085
3531	1086
3532	1086
3533	1086
3534	1086
3535	1086
3536	1086
3537	1086
3538	1086
3539	1086
3540	1086
3541	1086
3542	1086
3543	1086
3544	1086
3545	1086
3546	1086
3547	1086
3548	1086
3549	1086
3550	1086
3551	1086
3552	1086
3553	1086
3554	1086
3555	1086
3556	1086
3557	1086
3558	1086
3559	1086
3560	1086
3561	1086
3562	1086
3563	1086
3564	1086
3565	1086
3566	1086
3567	1086
3568	1086
3569	1086
3570	1086
3571	1086
3572	1086
3573	1086
3574	1086
3575	1086
3576	1086
3577	1086
3578	1086
3579	1086
3580	1086
3581	1086
3582	1086
3583	1086
3584	1086
3585	1086
3586	1086
3587	1086
3588	1086
3589	1086
3590	1086
3591	1086
3592	1086
3593	1086
3594	1086
3595	1086
3596	1086
3597	1086
3598	1087
3599	1087
3600	1087
3601	1088
3602	1088
3603	1088
3604	1088
3605	1088
3606	1088
3607	1088
3608	1088
3609	1088
3610	1088
3611	1088
3612	1088
3613	1088
3614	1088
3615	1088
3616	1088
3617	1088
3618	1088
3619	1088
3620	1088
3621	1088
3622	1088
3623	1088
3624	1088
3625	1088
3626	1088
3627	1088
3628	1088
3629	1088
3630	1088
3631	1088
3632	1088
3633	1088
3634	1088
3635	1088
3636	1088
3637	1088
3638	1088
3639	1088
3640	1088
3641	1088
3642	1088
3643	1088
3644	1088
3645	1088
3646	1088
3647	1088
3648	1088
3649	1088
3650	1088
3651	1088
3652	1088
3653	1088
3654	1088
3655	1088
3656	1088
3657	1088
3658	1088
3659	1088
3660	1088
3661	1088
3662	1088
3663	1088
3664	1088
3665	1088
3666	1088
3667	1089
3668	1089
3669	1089
3670	1089
3671	1089
3672	1089
3673	1089
3674	1089
3675	1089
3676	1089
3677	1089
3678	1089
3679	1089
3680	1089
3681	1089
3682	1089
3683	1089
3684	1089
3685	1089
3686	1089
3687	1089
3688	1089
3689	1089
3690	1089
3691	1089
3692	1089
3693	1089
3694	1089
3695	1089
3696	1089
3697	1089
3698	1089
3699	1089
3700	1089
3701	1089
3702	1089
3703	1089
3704	1089
3705	1089
3706	1089
3707	1089
3708	1089
3709	1089
3710	1089
3711	1089
3712	1089
3713	1089
3714	1089
3715	1089
3716	1089
3717	1089
3718	1089
3719	1089
3720	1089
3721	1089
3722	1089
3723	1089
3724	1089
3725	1089
3726	1089
3727	1089
3728	1089
3729	1089
3730	1089
3731	1089
3732	1089
3733	1089
3734	1089
3735	1089
3736	1089
3737	1089
3738	1089
3739	1089
3740	1089
3741	1090
3742	1090
3743	1090
3744	1090
3745	1090
3746	1090
3747	1090
3748	1090
3749	1091
3750	1091
3751	1091
3752	1091
3753	1091
3754	1091
3755	1091
3756	1091
3757	1091
3758	1091
3759	1091
3760	1091
3761	1091
3762	1091
3763	1091
3764	1091
3765	1091
3766	1091
3767	1091
3768	1091
3769	1091
3770	1091
3771	1091
3772	1092
3773	1092
3774	1092
3775	1092
3776	1092
3777	1092
3778	1092
3779	1092
3780	1092
3781	1093
3782	1093
3783	1093
3784	1093
3785	1093
3786	1093
3787	1093
3788	1093
3789	1093
3790	1093
3791	1093
3792	1093
3793	1093
3794	1093
3795	1093
3796	1093
3797	1093
3798	1093
3799	1093
3800	1093
3801	1093
3802	1093
3803	1093
3804	1093
3805	1093
3806	1093
3807	1093
3808	1093
3809	1093
3810	1093
3811	1093
3812	1093
3813	1093
3814	1093
3815	1093
3816	1093
3817	1094
3818	1094
3819	1094
3820	1094
3821	1094
3822	1094
3823	1094
3824	1094
3825	1094
3826	1094
3827	1094
3828	1095
3829	1095
3830	1095
3831	1095
3832	1095
3833	1095
3834	1096
3835	1096
3836	1096
3837	1096
3838	1096
3839	1096
3840	1096
3841	1096
3842	1096
3843	1096
3844	1096
3845	1096
3846	1096
3847	1096
3848	1096
3849	1096
3850	1096
3851	1096
3852	1096
3853	1096
3854	1096
3855	1096
3856	1096
3857	1096
3858	1096
3859	1096
3860	1096
3861	1096
3862	1096
3863	1096
3864	1096
3865	1096
3866	1096
3867	1096
3868	1096
3869	1096
3870	1096
3871	1096
3872	1096
3873	1096
3874	1096
3875	1096
3876	1096
3877	1096
3878	1096
3879	1096
3880	1096
3881	1096
3882	1096
3883	1096
3884	1096
3885	1096
3886	1097
3887	1097
3888	1097
3889	1097
3890	1097
3891	1097
3892	1097
3893	1097
3894	1097
3895	1097
3896	1097
3897	1097
3898	1097
3899	1097
3900	1097
3901	1097
3902	1097
3903	1097
3904	1097
3905	1097
3906	1097
3907	1097
3908	1097
3909	1097
3910	1097
3911	1097
3912	1097
3913	1097
3914	1097
3915	1097
3916	1097
3917	1097
3918	1097
3919	1097
3920	1097
3921	1097
3922	1097
3923	1097
3924	1097
3925	1097
3926	1097
3927	1097
3928	1097
3929	1097
3930	1097
3931	1097
3932	1097
3933	1097
3934	1097
3935	1097
3936	1097
3937	1097
3938	1097
3939	1097
3940	1097
3941	1098
3942	1098
3943	1098
3944	1098
3945	1098
3946	1098
3947	1098
3948	1099
3949	1099
3950	1099
3951	1099
3952	1099
3953	1099
3954	1099
3955	1099
3956	1099
3957	1099
3958	1099
3959	1099
3960	1099
3961	1099
3962	1099
3963	1099
3964	1099
3965	1099
3966	1099
3967	1099
3968	1099
3969	1099
3970	1099
3971	1099
3972	1099
3973	1099
3974	1099
3975	1099
3976	1099
3977	1099
3978	1099
3979	1099
3980	1099
3981	1099
3982	1099
3983	1099
3984	1099
3985	1099
3986	1099
3987	1099
3988	1100
3989	1100
3990	1100
3991	1100
3992	1100
3993	1100
3994	1100
3995	1100
3996	1100
3997	1100
3998	1100
3999	1100
4000	1100
4001	1100
4002	1100
4003	1101
4004	1101
4005	1101
4006	1101
4007	1101
4008	1101
4009	1101
4010	1101
4011	1101
4012	1101
4013	1101
4014	1101
4015	1101
4016	1101
4017	1101
4018	1101
4019	1101
4020	1101
4021	1101
4022	1101
4023	1101
4024	1101
4025	1101
4026	1101
4027	1101
4028	1101
4029	1101
4030	1101
4031	1101
4032	1101
4033	1101
4034	1101
4035	1101
4036	1101
4037	1101
4038	1101
4039	1101
4040	1101
4041	1101
4042	1101
4043	1101
4044	1101
4045	1101
4046	1101
4047	1101
4048	1101
4049	1101
4050	1101
4051	1101
4052	1101
4053	1101
4054	1101
4055	1101
4056	1101
4057	1101
4058	1101
4059	1101
4060	1101
4061	1101
4062	1101
4063	1101
4064	1101
4065	1101
4066	1101
4067	1101
4068	1101
4069	1101
4070	1101
4071	1101
4072	1101
4073	1101
4074	1101
4075	1101
4076	1101
4077	1101
4078	1101
4079	1101
4080	1101
4081	1101
4082	1101
4083	1101
4084	1101
4085	1101
4086	1101
4087	1101
4088	1101
4089	1101
4090	1101
4091	1101
4092	1101
4093	1101
4094	1101
4095	1101
4096	1101
4097	1101
4098	1101
4099	1101
4100	1101
4101	1102
4102	1102
4103	1102
4104	1103
4105	1103
4106	1103
4107	1103
4108	1103
4109	1103
4110	1103
4111	1103
4112	1103
4113	1103
4114	1103
4115	1103
4116	1103
4117	1103
4118	1103
4119	1103
4120	1103
4121	1103
4122	1103
4123	1103
4124	1104
4125	1104
4126	1104
4127	1104
4128	1104
4129	1104
4130	1104
4131	1104
4132	1104
4133	1104
4134	1104
4135	1104
4136	1104
4137	1104
4138	1104
4139	1104
4140	1104
4141	1105
4142	1105
4143	1105
4144	1105
4145	1105
4146	1105
4147	1105
4148	1105
4149	1105
4150	1105
4151	1105
4152	1105
4153	1105
4154	1105
4155	1105
4156	1105
4157	1106
4158	1106
4159	1106
4160	1106
4161	1106
4162	1106
4163	1106
4164	1106
4165	1106
4166	1106
4167	1106
4168	1106
4169	1106
4170	1106
4171	1106
4172	1106
4173	1106
4174	1106
4175	1106
4176	1106
4177	1106
4178	1106
4179	1106
4180	1106
4181	1106
4182	1106
4183	1106
4184	1106
4185	1106
4186	1106
4187	1106
4188	1106
4189	1106
4190	1106
4191	1106
4192	1106
4193	1106
4194	1106
4195	1106
4196	1106
4197	1106
4198	1106
4199	1106
4200	1106
4201	1106
4202	1106
4203	1106
4204	1106
4205	1106
4206	1106
4207	1106
4208	1106
4209	1106
4210	1106
4211	1106
4212	1106
4213	1106
4214	1106
4215	1106
4216	1106
4217	1106
4218	1106
4219	1106
4220	1106
4221	1107
4222	1107
4223	1107
4224	1107
4225	1107
4226	1107
4227	1107
4228	1107
4229	1107
4230	1107
4231	1107
4232	1107
4233	1107
4234	1107
4235	1107
4236	1108
4237	1108
4238	1109
4239	1109
4240	1109
4241	1109
4242	1109
4243	1109
4244	1109
4245	1109
4246	1109
4247	1109
4248	1109
4249	1109
4250	1109
4251	1109
4252	1109
4253	1109
4254	1109
4255	1111
4256	1111
4257	1111
4258	1111
4259	1111
4260	1111
4261	1111
4262	1111
4263	1111
4264	1111
4265	1111
4266	1111
4267	1111
4268	1111
4269	1111
4270	1111
4271	1111
4272	1111
4273	1111
4274	1111
4275	1111
4276	1111
4277	1111
4278	1111
4279	1111
4280	1111
4281	1111
4282	1111
4283	1111
4284	1111
4285	1111
4286	1111
4287	1111
4288	1111
4289	1111
4290	1111
4291	1111
4292	1111
4293	1111
4294	1111
4295	1111
4296	1111
4297	1111
4298	1111
4299	1111
4300	1111
4301	1111
4302	1111
4303	1111
4304	1111
4305	1111
4306	1111
4307	1111
4308	1111
4309	1111
4310	1111
4311	1111
4312	1111
4313	1111
4314	1111
4315	1111
4316	1111
4317	1111
4318	1111
4319	1111
4320	1111
4321	1111
4322	1111
4323	1111
4324	1112
4325	1112
4326	1112
4327	1112
4328	1112
4329	1112
4330	1112
4331	1112
4332	1112
4333	1112
4334	1112
4335	1112
4336	1112
4337	1112
4338	1112
4339	1112
4340	1112
4341	1112
4342	1112
4343	1112
4344	1112
4345	1112
4346	1112
4347	1112
4348	1112
4349	1112
4350	1112
4351	1112
4352	1112
4353	1112
4354	1112
4355	1113
4356	1113
4357	1113
4358	1113
4359	1113
4360	1113
4361	1113
4362	1113
4363	1113
4364	1113
4365	1113
4366	1113
4367	1113
4368	1113
4369	1113
4370	1113
4371	1113
4372	1113
4373	1113
4374	1113
4375	1113
4376	1113
4377	1113
4378	1113
4379	1113
4380	1113
4381	1113
4382	1113
4383	1113
4384	1113
4385	1113
4386	1113
4387	1113
4388	1113
4389	1113
4390	1113
4391	1113
4392	1113
4393	1113
4394	1113
4395	1113
4396	1113
4397	1113
4398	1113
4399	1113
4400	1113
4401	1114
4402	1114
4403	1114
4404	1114
4405	1114
4406	1114
4407	1114
4408	1114
4409	1114
4410	1114
4411	1114
4412	1115
4413	1115
4414	1115
4415	1116
4416	1116
4417	1116
4418	1116
4419	1116
4420	1116
4421	1116
4422	1116
4423	1116
4424	1116
4425	1116
4426	1116
4427	1116
4428	1116
4429	1116
4430	1116
4431	1116
4432	1116
4433	1116
4434	1116
4435	1116
4436	1116
4437	1116
4438	1116
4439	1116
4440	1116
4441	1116
4442	1116
4443	1116
4444	1116
4445	1116
4446	1116
4447	1116
4448	1116
4449	1116
4450	1116
4451	1116
4452	1116
4453	1116
4454	1116
4455	1116
4456	1116
4457	1116
4458	1116
4459	1116
4460	1116
4461	1116
4462	1116
4463	1116
4464	1116
4465	1116
4466	1116
4467	1116
4468	1116
4469	1116
4470	1116
4471	1116
4472	1116
4473	1116
4474	1116
4475	1116
4476	1116
4477	1116
4478	1117
4479	1117
4480	1117
4481	1117
4482	1117
4483	1117
4484	1117
4485	1117
4486	1117
4487	1117
4488	1117
4489	1117
4490	1117
4491	1117
4492	1117
4493	1117
4494	1117
4495	1117
4496	1117
4497	1117
4498	1117
4499	1117
4500	1117
4501	1117
4502	1117
4503	1117
4504	1117
4505	1118
4506	1118
4507	1118
4508	1118
4509	1118
4510	1118
4511	1118
4512	1118
4513	1118
4514	1118
4515	1118
4516	1118
4517	1118
4518	1118
4519	1118
4520	1118
4521	1118
4522	1118
4523	1118
4524	1118
4525	1118
4526	1118
4527	1118
4528	1118
4529	1118
4530	1118
4531	1119
4532	1119
4533	1119
4534	1119
4535	1119
4536	1119
4537	1119
4538	1119
4539	1119
4540	1119
4541	1119
4542	1119
4543	1119
4544	1119
4545	1119
4546	1119
4547	1119
4548	1119
4549	1119
4550	1119
4551	1119
4552	1119
4553	1119
4554	1119
4555	1119
4556	1119
4557	1119
4558	1119
4559	1119
4560	1119
4561	1119
4562	1119
4563	1120
4564	1120
4565	1120
4566	1120
4567	1120
4568	1120
4569	1120
4570	1120
4571	1120
4572	1120
4573	1120
4574	1120
4575	1120
4576	1120
4577	1120
4578	1120
4579	1120
4580	1120
4581	1120
4582	1120
4583	1120
4584	1120
4585	1120
4586	1120
4587	1120
4588	1120
4589	1120
4590	1120
4591	1120
4592	1120
4593	1120
4594	1120
4595	1120
4596	1120
4597	1120
4598	1120
4599	1120
4600	1120
4601	1120
4602	1120
4603	1120
4604	1120
4605	1120
4606	1120
4607	1120
4608	1120
4609	1120
4610	1120
4611	1120
4612	1120
4613	1120
4614	1120
4615	1120
4616	1120
4617	1120
4618	1120
4619	1120
4620	1120
4621	1120
4622	1120
4623	1120
4624	1120
4625	1120
4626	1120
4627	1120
4628	1120
4629	1120
4630	1120
4631	1120
4632	1120
4633	1120
4634	1121
4635	1121
4636	1121
4637	1121
4638	1121
4639	1121
4640	1121
4641	1121
4642	1121
4643	1121
4644	1121
4645	1121
4646	1121
4647	1121
4648	1121
4649	1121
4650	1121
4651	1121
4652	1121
4653	1121
4654	1121
4655	1121
4656	1121
4657	1121
4658	1121
4659	1121
4660	1121
4661	1121
4662	1121
4663	1121
4664	1121
4665	1121
4666	1121
4667	1121
4668	1121
4669	1121
4670	1121
4671	1121
4672	1121
4673	1121
4674	1121
4675	1121
4676	1121
4677	1121
4678	1121
4679	1121
4680	1121
4681	1121
4682	1121
4683	1121
4684	1121
4685	1121
4686	1121
4687	1121
4688	1121
4689	1121
4690	1121
4691	1121
4692	1121
4693	1121
4694	1121
4695	1121
4696	1121
4697	1121
4698	1121
4699	1121
4700	1121
4701	1121
4702	1121
4703	1121
4704	1121
4705	1122
4706	1123
4707	1123
4708	1123
4709	1123
4710	1123
4711	1123
4712	1123
4713	1123
4714	1123
4715	1123
4716	1123
4717	1123
4718	1123
4719	1123
4720	1123
4721	1123
4722	1123
4723	1123
4724	1123
4725	1123
4726	1123
4727	1123
4728	1123
4729	1123
4730	1123
4731	1123
4732	1123
4733	1123
4734	1123
4735	1123
4736	1123
4737	1123
4738	1123
4739	1123
4740	1123
4741	1123
4742	1123
4743	1123
4744	1123
4745	1123
4746	1123
4747	1123
4748	1123
4749	1123
4750	1123
4751	1123
4752	1123
4753	1123
4754	1123
4755	1123
4756	1123
4757	1123
4758	1123
4759	1124
4760	1124
4761	1124
4762	1124
4763	1124
4764	1124
4765	1124
4766	1124
4767	1124
4768	1124
4769	1124
4770	1124
4771	1124
4772	1124
4773	1124
4774	1124
4775	1124
4776	1124
4777	1124
4778	1124
4779	1124
4780	1125
4781	1125
4782	1125
4783	1125
4784	1125
4785	1125
4786	1125
4787	1125
4788	1125
4789	1125
4790	1125
4791	1125
4792	1125
4793	1125
4794	1125
4795	1125
4796	1125
4797	1125
4798	1125
4799	1125
4800	1125
4801	1125
4802	1125
4803	1125
4804	1125
4805	1125
4806	1125
4807	1125
4808	1125
4809	1125
4810	1125
4811	1125
4812	1125
4813	1125
4814	1125
4815	1125
4816	1125
4817	1125
4818	1125
4819	1125
4820	1125
4821	1125
4822	1126
4823	1126
4824	1126
4825	1126
4826	1126
4827	1126
4828	1126
4829	1126
4830	1126
4831	1126
4832	1126
4833	1126
4834	1126
4835	1126
4836	1126
4837	1126
4838	1126
4839	1126
4840	1126
4841	1126
4842	1126
4843	1126
4844	1126
4845	1127
4846	1127
4847	1127
4848	1127
4849	1127
4850	1127
4851	1127
4852	1127
4853	1127
4854	1127
4855	1127
4856	1127
4857	1127
4858	1127
4859	1127
4860	1127
4861	1127
4862	1127
4863	1127
4864	1127
4865	1127
4866	1127
4867	1127
4868	1127
4869	1127
4870	1127
4871	1127
4872	1127
4873	1127
4874	1127
4875	1127
4876	1127
4877	1127
4878	1127
4879	1127
4880	1127
4881	1127
4882	1127
4883	1127
4884	1127
4885	1127
4886	1127
4887	1127
4888	1127
4889	1127
4890	1127
4891	1127
4892	1127
4893	1127
4894	1127
4895	1127
4896	1127
4897	1127
4898	1127
4899	1127
4900	1127
4901	1127
4902	1127
4903	1127
4904	1127
4905	1127
4906	1127
4907	1127
4908	1127
4909	1128
4910	1128
4911	1128
4912	1128
4913	1128
4914	1128
4915	1128
4916	1128
4917	1128
4918	1128
4919	1128
4920	1128
4921	1128
4922	1128
4923	1128
4924	1128
4925	1128
4926	1128
4927	1128
4928	1128
4929	1128
4930	1128
4931	1128
4932	1128
4933	1128
4934	1128
4935	1128
4936	1128
4937	1128
4938	1128
4939	1128
4940	1128
4941	1128
4942	1128
4943	1128
4944	1128
4945	1128
4946	1128
4947	1128
4948	1128
4949	1128
4950	1128
4951	1128
4952	1128
4953	1128
4954	1128
4955	1128
4956	1128
4957	1128
4958	1128
4959	1128
4960	1128
4961	1128
4962	1128
4963	1128
4964	1128
4965	1128
4966	1128
4967	1128
4968	1128
4969	1128
4970	1128
4971	1128
4972	1128
4973	1128
4974	1128
4975	1128
4976	1128
4977	1128
4978	1128
4979	1128
4980	1128
4981	1128
4982	1128
4983	1128
4984	1128
4985	1128
4986	1128
4987	1128
4988	1128
4989	1128
4990	1128
4991	1128
4992	1128
4993	1128
4994	1128
4995	1128
4996	1128
4997	1128
4998	1128
4999	1128

