0	0
1	0
2	0
3	0
4	0
5	0
6	0
7	0
8	0
9	0
10	0
11	0
12	0
13	0
14	0
15	0
16	0
17	0
18	0
19	0
20	0
21	0
22	0
23	0
24	0
25	0
26	0
27	0
28	0
29	0
30	0
31	0
32	0
33	0
34	0
35	0
36	0
37	0
38	0
39	0
40	0
41	0
42	0
43	0
44	0
45	0
46	0
47	0
48	0
49	0
50	0
51	0
52	0
53	0
54	0
55	0
56	0
57	0
58	0
59	0
60	0
61	0
62	0
63	0
64	0
65	0
66	0
67	0
68	0
69	0
70	0
71	0
72	0
73	0
74	0
75	0
76	0
77	0
78	1
79	1
80	1
81	1
82	1
83	1
84	1
85	1
86	1
87	1
88	1
89	1
90	1
91	1
92	1
93	1
94	2
95	2
96	2
97	2
98	2
99	3
100	3
101	3
102	3
103	4
104	4
105	5
106	6
107	6
108	6
109	6
110	7
111	7
112	7
113	8
114	9
115	9
116	11
117	11
118	11
119	11
120	13
121	14
122	14
123	15
124	15
125	18
126	18
127	19
128	21
129	22
130	24
131	24
132	25
133	26
134	26
135	26
136	27
137	28
138	29
139	30
140	31
141	33
142	36
143	38
144	38
145	39
146	40
147	41
148	41
149	44
150	45
151	46
152	47
153	47
154	48
155	49
156	52
157	52
158	54
159	56
160	56
161	57
162	57
163	57
164	58
165	60
166	60
167	61
168	64
169	68
170	71
171	71
172	73
173	74
174	75
175	77
176	78
177	79
178	79
179	79
180	81
181	81
182	84
183	87
184	88
185	89
186	92
187	96
188	98
189	99
190	103
191	103
192	104
193	106
194	107
195	110
196	110
197	112
198	113
199	115
200	116
201	116
202	118
203	120
204	122
205	125
206	126
207	126
208	127
209	129
210	130
211	133
212	135
213	139
214	140
215	142
216	142
217	142
218	142
219	142
220	143
221	145
222	147
223	148
224	150
225	151
226	152
227	154
228	156
229	159
230	160
231	162
232	165
233	169
234	171
235	172
236	174
237	175
238	175
239	176
240	179
241	181
242	186
243	190
244	190
245	192
246	193
247	196
248	198
249	198
250	199
251	199
252	201
253	204
254	207
255	208
256	209
257	212
258	215
259	218
260	219
261	221
262	222
263	225
264	226
265	227
266	228
267	228
268	231
269	233
270	234
271	237
272	237
273	237
274	237
275	238
276	239
277	241
278	242
279	242
280	244
281	246
282	247
283	247
284	248
285	249
286	249
287	249
288	249
289	250
290	254
291	254
292	256
293	256
294	257
295	260
296	263
297	264
298	265
299	265
300	266
301	270
302	273
303	274
304	275
305	276
306	278
307	278
308	280
309	283
310	286
311	287
312	288
313	288
314	289
315	290
316	291
317	293
318	293
319	295
320	296
321	301
322	302
323	306
324	306
325	307
326	308
327	308
328	309
329	309
330	311
331	312
332	315
333	317
334	318
335	319
336	321
337	322
338	323
339	326
340	327
341	328
342	329
343	330
344	331
345	331
346	332
347	333
348	334
349	336
350	338
351	339
352	341
353	341
354	342
355	342
356	344
357	344
358	344
359	344
360	345
361	345
362	345
363	346
364	346
365	347
366	350
367	350
368	350
369	352
370	353
371	355
372	356
373	357
374	357
375	361
376	362
377	362
378	362
379	363
380	365
381	365
382	367
383	368
384	369
385	371
386	371
387	371
388	372
389	372
390	373
391	377
392	377
393	379
394	380
395	381
396	381
397	381
398	381
399	382
400	382
401	382
402	383
403	385
404	387
405	389
406	390
407	391
408	393
409	395
410	396
411	399
412	401
413	401
414	402
415	403
416	403
417	403
418	403
419	403
420	403
421	403
422	405
423	405
424	405
425	405
426	406
427	406
428	406
429	407
430	409
431	410
432	412
433	412
434	412
435	413
436	414
437	415
438	416
439	417
440	419
441	419
442	419
443	422
444	422
445	423
446	424
447	426
448	427
449	427
450	427
451	428
452	429
453	430
454	432
455	433
456	434
457	436
458	436
459	436
460	437
461	438
462	439
463	439
464	439
465	439
466	439
467	439
468	441
469	442
470	442
471	442
472	444
473	444
474	444
475	444
476	444
477	444
478	447
479	447
480	449
481	450
482	450
483	450
484	450
485	453
486	454
487	454
488	455
489	455
490	456
491	457
492	460
493	460
494	460
495	460
496	460
497	461
498	463
499	463
500	464
501	464
502	466
503	466
504	467
505	468
506	470
507	470
508	471
509	471
510	472
511	474
512	474
513	474
514	474
515	475
516	476
517	478
518	478
519	479
520	479
521	480
522	482
523	482
524	482
525	482
526	483
527	484
528	484
529	484
530	485
531	486
532	487
533	488
534	489
535	489
536	489
537	490
538	490
539	490
540	490
541	491
542	492
543	493
544	494
545	495
546	495
547	495
548	496
549	498
550	498
551	499
552	500
553	500
554	501
555	502
556	503
557	504
558	504
559	505
560	505
561	505
562	506
563	506
564	507
565	507
566	510
567	511
568	513
569	515
570	515
571	515
572	516
573	516
574	516
575	516
576	516
577	516
578	516
579	516
580	518
581	518
582	518
583	520
584	523
585	524
586	524
587	527
588	527
589	527
590	528
591	531
592	531
593	531
594	531
595	532
596	533
597	534
598	534
599	534
600	535
601	535
602	535
603	536
604	537
605	537
606	538
607	539
608	540
609	540
610	541
611	542
612	543
613	543
614	543
615	544
616	544
617	545
618	545
619	546
620	546
621	547
622	547
623	548
624	548
625	548
626	549
627	549
628	549
629	551
630	551
631	551
632	551
633	552
634	552
635	552
636	552
637	552
638	552
639	552
640	553
641	553
642	554
643	554
644	554
645	555
646	555
647	557
648	558
649	559
650	559
651	560
652	561
653	561
654	562
655	564
656	564
657	564
658	564
659	565
660	566
661	568
662	568
663	568
664	568
665	569
666	569
667	569
668	570
669	571
670	572
671	573
672	574
673	574
674	575
675	575
676	577
677	577
678	578
679	578
680	578
681	578
682	578
683	578
684	579
685	579
686	579
687	579
688	580
689	582
690	582
691	582
692	582
693	582
694	583
695	585
696	585
697	585
698	585
699	585
700	585
701	586
702	587
703	587
704	588
705	589
706	590
707	592
708	592
709	592
710	592
711	592
712	593
713	593
714	593
715	593
716	594
717	594
718	596
719	596
720	598
721	599
722	599
723	601
724	601
725	601
726	602
727	602
728	604
729	604
730	605
731	606
732	606
733	606
734	608
735	608
736	608
737	608
738	608
739	608
740	608
741	608
742	608
743	609
744	609
745	610
746	610
747	610
748	611
749	611
750	611
751	612
752	612
753	614
754	616
755	616
756	616
757	616
758	616
759	617
760	619
761	620
762	620
763	620
764	620
765	620
766	620
767	620
768	620
769	621
770	621
771	623
772	625
773	625
774	625
775	626
776	628
777	628
778	628
779	628
780	629
781	630
782	630
783	632
784	633
785	633
786	634
787	634
788	634
789	634
790	635
791	637
792	637
793	637
794	638
795	639
796	639
797	639
798	640
799	641
800	642
801	644
802	645
803	645
804	646
805	646
806	646
807	646
808	646
809	646
810	647
811	650
812	650
813	652
814	653
815	653
816	653
817	655
818	656
819	657
820	657
821	657
822	657
823	657
824	657
825	657
826	658
827	658
828	659
829	659
830	659
831	659
832	659
833	659
834	661
835	661
836	661
837	661
838	661
839	662
840	663
841	663
842	663
843	663
844	663
845	664
846	664
847	664
848	665
849	666
850	666
851	666
852	666
853	666
854	666
855	666
856	666
857	666
858	666
859	666
860	666
861	667
862	667
863	667
864	667
865	667
866	667
867	667
868	667
869	667
870	667
871	668
872	669
873	669
874	671
875	672
876	674
877	675
878	675
879	675
880	676
881	677
882	678
883	678
884	678
885	679
886	681
887	681
888	683
889	683
890	683
891	684
892	685
893	686
894	687
895	688
896	690
897	691
898	692
899	693
900	693
901	694
902	694
903	694
904	695
905	695
906	695
907	696
908	696
909	696
910	696
911	696
912	697
913	699
914	699
915	699
916	700
917	700
918	700
919	701
920	702
921	703
922	703
923	703
924	703
925	704
926	705
927	705
928	705
929	705
930	706
931	706
932	707
933	708
934	710
935	711
936	712
937	712
938	712
939	712
940	712
941	712
942	713
943	713
944	713
945	713
946	713
947	713
948	714
949	715
950	716
951	716
952	716
953	717
954	717
955	718
956	719
957	719
958	720
959	721
960	721
961	723
962	723
963	725
964	726
965	727
966	727
967	727
968	728
969	728
970	728
971	728
972	728
973	728
974	728
975	729
976	731
977	732
978	732
979	734
980	734
981	735
982	736
983	737
984	737
985	737
986	737
987	737
988	737
989	737
990	738
991	738
992	738
993	738
994	738
995	739
996	739
997	740
998	740
999	740
1000	741
1001	742
1002	742
1003	743
1004	743
1005	743
1006	743
1007	744
1008	744
1009	745
1010	745
1011	746
1012	746
1013	746
1014	746
1015	746
1016	746
1017	746
1018	747
1019	747
1020	747
1021	748
1022	748
1023	749
1024	750
1025	750
1026	751
1027	751
1028	752
1029	752
1030	754
1031	754
1032	757
1033	758
1034	758
1035	758
1036	759
1037	760
1038	761
1039	761
1040	762
1041	762
1042	762
1043	763
1044	764
1045	764
1046	765
1047	765
1048	765
1049	765
1050	767
1051	767
1052	767
1053	768
1054	768
1055	769
1056	769
1057	769
1058	769
1059	770
1060	770
1061	770
1062	773
1063	774
1064	775
1065	776
1066	776
1067	776
1068	777
1069	780
1070	780
1071	780
1072	780
1073	780
1074	781
1075	781
1076	781
1077	781
1078	781
1079	781
1080	782
1081	783
1082	785
1083	785
1084	785
1085	785
1086	785
1087	785
1088	785
1089	786
1090	787
1091	787
1092	787
1093	787
1094	787
1095	787
1096	787
1097	787
1098	788
1099	788
1100	788
1101	788
1102	788
1103	788
1104	789
1105	789
1106	789
1107	789
1108	789
1109	789
1110	789
1111	789
1112	789
1113	789
1114	789
1115	789
1116	789
1117	789
1118	789
1119	790
1120	791
1121	791
1122	792
1123	792
1124	792
1125	792
1126	792
1127	792
1128	792
1129	793
1130	793
1131	793
1132	793
1133	794
1134	794
1135	794
1136	794
1137	794
1138	794
1139	794
1140	795
1141	796
1142	796
1143	796
1144	797
1145	797
1146	797
1147	797
1148	797
1149	797
1150	797
1151	797
1152	798
1153	800
1154	800
1155	800
1156	800
1157	800
1158	801
1159	801
1160	801
1161	801
1162	802
1163	803
1164	803
1165	803
1166	803
1167	803
1168	803
1169	804
1170	804
1171	804
1172	804
1173	804
1174	804
1175	805
1176	805
1177	805
1178	805
1179	805
1180	805
1181	805
1182	805
1183	805
1184	805
1185	805
1186	805
1187	805
1188	805
1189	805
1190	807
1191	807
1192	807
1193	807
1194	807
1195	807
1196	807
1197	808
1198	808
1199	808
1200	808
1201	808
1202	808
1203	808
1204	808
1205	808
1206	808
1207	808
1208	810
1209	810
1210	810
1211	810
1212	810
1213	810
1214	812
1215	813
1216	813
1217	814
1218	814
1219	815
1220	815
1221	817
1222	817
1223	817
1224	817
1225	817
1226	817
1227	817
1228	818
1229	818
1230	818
1231	818
1232	818
1233	819
1234	820
1235	820
1236	820
1237	820
1238	820
1239	821
1240	822
1241	822
1242	822
1243	822
1244	822
1245	822
1246	822
1247	822
1248	822
1249	822
1250	823
1251	824
1252	824
1253	824
1254	824
1255	824
1256	824
1257	826
1258	826
1259	826
1260	826
1261	827
1262	827
1263	827
1264	828
1265	828
1266	829
1267	829
1268	829
1269	829
1270	829
1271	829
1272	829
1273	829
1274	829
1275	829
1276	829
1277	829
1278	829
1279	829
1280	829
1281	829
1282	829
1283	829
1284	829
1285	829
1286	830
1287	830
1288	830
1289	831
1290	831
1291	832
1292	832
1293	832
1294	833
1295	833
1296	833
1297	833
1298	833
1299	834
1300	834
1301	836
1302	836
1303	836
1304	837
1305	837
1306	838
1307	839
1308	839
1309	840
1310	840
1311	840
1312	841
1313	841
1314	841
1315	841
1316	841
1317	841
1318	841
1319	841
1320	841
1321	841
1322	841
1323	841
1324	842
1325	842
1326	843
1327	843
1328	843
1329	843
1330	843
1331	843
1332	843
1333	843
1334	844
1335	845
1336	845
1337	845
1338	845
1339	845
1340	846
1341	846
1342	846
1343	846
1344	846
1345	846
1346	846
1347	846
1348	846
1349	846
1350	847
1351	848
1352	849
1353	849
1354	849
1355	850
1356	850
1357	850
1358	850
1359	850
1360	850
1361	850
1362	850
1363	850
1364	851
1365	851
1366	851
1367	851
1368	851
1369	851
1370	851
1371	851
1372	851
1373	851
1374	851
1375	851
1376	852
1377	852
1378	852
1379	852
1380	852
1381	852
1382	852
1383	852
1384	852
1385	853
1386	853
1387	853
1388	853
1389	855
1390	855
1391	855
1392	856
1393	857
1394	858
1395	858
1396	858
1397	858
1398	858
1399	859
1400	860
1401	862
1402	862
1403	862
1404	862
1405	862
1406	863
1407	863
1408	863
1409	863
1410	863
1411	863
1412	863
1413	864
1414	864
1415	864
1416	865
1417	866
1418	866
1419	866
1420	866
1421	866
1422	866
1423	866
1424	866
1425	867
1426	867
1427	867
1428	868
1429	869
1430	869
1431	869
1432	869
1433	869
1434	869
1435	870
1436	870
1437	870
1438	870
1439	870
1440	870
1441	870
1442	871
1443	871
1444	871
1445	871
1446	872
1447	872
1448	873
1449	873
1450	873
1451	873
1452	873
1453	874
1454	874
1455	874
1456	874
1457	875
1458	875
1459	875
1460	875
1461	875
1462	875
1463	877
1464	877
1465	877
1466	877
1467	877
1468	879
1469	879
1470	879
1471	879
1472	879
1473	879
1474	879
1475	879
1476	879
1477	879
1478	879
1479	879
1480	880
1481	880
1482	880
1483	880
1484	880
1485	880
1486	881
1487	881
1488	882
1489	883
1490	883
1491	883
1492	885
1493	885
1494	885
1495	885
1496	885
1497	885
1498	886
1499	886
1500	886
1501	887
1502	887
1503	887
1504	887
1505	888
1506	888
1507	888
1508	888
1509	888
1510	888
1511	888
1512	889
1513	889
1514	889
1515	889
1516	889
1517	889
1518	889
1519	889
1520	889
1521	890
1522	890
1523	890
1524	890
1525	890
1526	890
1527	890
1528	890
1529	890
1530	891
1531	891
1532	891
1533	891
1534	892
1535	892
1536	892
1537	892
1538	892
1539	892
1540	892
1541	893
1542	893
1543	893
1544	893
1545	894
1546	895
1547	895
1548	895
1549	896
1550	896
1551	897
1552	897
1553	898
1554	898
1555	898
1556	899
1557	899
1558	900
1559	900
1560	900
1561	900
1562	901
1563	901
1564	901
1565	901
1566	901
1567	901
1568	901
1569	901
1570	903
1571	905
1572	905
1573	906
1574	907
1575	907
1576	907
1577	907
1578	907
1579	907
1580	908
1581	908
1582	908
1583	908
1584	908
1585	908
1586	908
1587	909
1588	909
1589	910
1590	910
1591	911
1592	912
1593	913
1594	914
1595	914
1596	914
1597	914
1598	914
1599	914
1600	914
1601	914
1602	914
1603	915
1604	915
1605	916
1606	916
1607	916
1608	916
1609	917
1610	917
1611	918
1612	918
1613	919
1614	919
1615	919
1616	919
1617	919
1618	919
1619	919
1620	919
1621	919
1622	919
1623	919
1624	919
1625	919
1626	920
1627	920
1628	921
1629	921
1630	921
1631	922
1632	922
1633	923
1634	923
1635	924
1636	925
1637	925
1638	925
1639	925
1640	925
1641	926
1642	926
1643	926
1644	926
1645	927
1646	927
1647	927
1648	927
1649	927
1650	927
1651	928
1652	928
1653	928
1654	928
1655	928
1656	928
1657	928
1658	928
1659	928
1660	928
1661	929
1662	929
1663	929
1664	929
1665	930
1666	930
1667	930
1668	930
1669	930
1670	930
1671	930
1672	930
1673	931
1674	931
1675	931
1676	931
1677	931
1678	932
1679	932
1680	932
1681	932
1682	932
1683	932
1684	932
1685	932
1686	933
1687	933
1688	934
1689	934
1690	934
1691	934
1692	935
1693	935
1694	935
1695	935
1696	935
1697	935
1698	935
1699	936
1700	936
1701	936
1702	936
1703	936
1704	936
1705	936
1706	936
1707	936
1708	936
1709	936
1710	936
1711	937
1712	937
1713	937
1714	938
1715	938
1716	938
1717	939
1718	940
1719	940
1720	940
1721	940
1722	940
1723	940
1724	940
1725	940
1726	940
1727	940
1728	941
1729	942
1730	942
1731	942
1732	942
1733	942
1734	942
1735	942
1736	942
1737	942
1738	942
1739	942
1740	943
1741	943
1742	943
1743	943
1744	944
1745	944
1746	944
1747	944
1748	944
1749	944
1750	944
1751	944
1752	944
1753	945
1754	945
1755	945
1756	945
1757	945
1758	945
1759	945
1760	946
1761	946
1762	946
1763	946
1764	946
1765	946
1766	946
1767	946
1768	946
1769	947
1770	947
1771	948
1772	948
1773	948
1774	948
1775	948
1776	948
1777	948
1778	948
1779	948
1780	948
1781	948
1782	948
1783	948
1784	948
1785	949
1786	949
1787	949
1788	949
1789	949
1790	949
1791	949
1792	949
1793	949
1794	949
1795	950
1796	950
1797	950
1798	950
1799	950
1800	950
1801	950
1802	950
1803	950
1804	950
1805	950
1806	951
1807	951
1808	951
1809	951
1810	951
1811	951
1812	951
1813	951
1814	951
1815	951
1816	952
1817	952
1818	952
1819	953
1820	953
1821	955
1822	955
1823	955
1824	956
1825	956
1826	956
1827	956
1828	956
1829	956
1830	956
1831	956
1832	957
1833	957
1834	958
1835	958
1836	958
1837	958
1838	958
1839	958
1840	958
1841	958
1842	958
1843	958
1844	958
1845	958
1846	958
1847	959
1848	959
1849	959
1850	961
1851	962
1852	962
1853	962
1854	962
1855	962
1856	962
1857	962
1858	962
1859	962
1860	962
1861	963
1862	963
1863	963
1864	963
1865	964
1866	964
1867	964
1868	965
1869	965
1870	965
1871	965
1872	965
1873	965
1874	965
1875	965
1876	966
1877	966
1878	966
1879	967
1880	967
1881	967
1882	967
1883	967
1884	967
1885	968
1886	968
1887	968
1888	968
1889	968
1890	969
1891	969
1892	969
1893	969
1894	969
1895	969
1896	969
1897	970
1898	970
1899	970
1900	970
1901	970
1902	970
1903	970
1904	970
1905	970
1906	970
1907	971
1908	971
1909	971
1910	971
1911	972
1912	972
1913	972
1914	972
1915	972
1916	972
1917	972
1918	973
1919	974
1920	974
1921	974
1922	974
1923	974
1924	974
1925	974
1926	974
1927	974
1928	974
1929	974
1930	974
1931	974
1932	974
1933	974
1934	974
1935	974
1936	974
1937	974
1938	974
1939	974
1940	974
1941	974
1942	974
1943	974
1944	975
1945	975
1946	975
1947	975
1948	975
1949	975
1950	976
1951	976
1952	976
1953	976
1954	976
1955	976
1956	976
1957	976
1958	976
1959	976
1960	977
1961	977
1962	977
1963	977
1964	977
1965	977
1966	977
1967	978
1968	978
1969	979
1970	979
1971	979
1972	979
1973	979
1974	980
1975	980
1976	980
1977	980
1978	980
1979	980
1980	980
1981	980
1982	980
1983	980
1984	980
1985	980
1986	980
1987	981
1988	981
1989	981
1990	981
1991	981
1992	981
1993	981
1994	982
1995	982
1996	982
1997	983
1998	984
1999	985
2000	985
2001	985
2002	985
2003	985
2004	985
2005	985
2006	986
2007	986
2008	986
2009	986
2010	986
2011	987
2012	987
2013	987
2014	987
2015	988
2016	988
2017	988
2018	989
2019	989
2020	989
2021	989
2022	989
2023	989
2024	990
2025	990
2026	990
2027	990
2028	990
2029	990
2030	990
2031	991
2032	992
2033	992
2034	992
2035	992
2036	992
2037	992
2038	992
2039	992
2040	992
2041	992
2042	992
2043	992
2044	992
2045	993
2046	993
2047	993
2048	993
2049	993
2050	993
2051	993
2052	994
2053	995
2054	995
2055	995
2056	995
2057	995
2058	995
2059	995
2060	995
2061	995
2062	995
2063	995
2064	995
2065	995
2066	995
2067	995
2068	995
2069	995
2070	995
2071	995
2072	995
2073	995
2074	995
2075	995
2076	995
2077	995
2078	995
2079	995
2080	995
2081	996
2082	996
2083	996
2084	996
2085	996
2086	996
2087	996
2088	997
2089	997
2090	997
2091	997
2092	997
2093	997
2094	997
2095	997
2096	997
2097	997
2098	997
2099	997
2100	997
2101	997
2102	997
2103	997
2104	997
2105	997
2106	997
2107	997
2108	998
2109	998
2110	998
2111	999
2112	999
2113	999
2114	999
2115	999
2116	999
2117	999
2118	999
2119	999
2120	999
2121	999
2122	999
2123	999
2124	1001
2125	1001
2126	1003
2127	1003
2128	1003
2129	1004
2130	1004
2131	1004
2132	1004
2133	1004
2134	1004
2135	1004
2136	1004
2137	1004
2138	1004
2139	1004
2140	1004
2141	1004
2142	1004
2143	1004
2144	1004
2145	1004
2146	1005
2147	1005
2148	1005
2149	1005
2150	1005
2151	1005
2152	1005
2153	1005
2154	1005
2155	1005
2156	1005
2157	1005
2158	1005
2159	1005
2160	1005
2161	1005
2162	1005
2163	1005
2164	1005
2165	1005
2166	1005
2167	1005
2168	1005
2169	1005
2170	1005
2171	1005
2172	1005
2173	1005
2174	1005
2175	1005
2176	1005
2177	1005
2178	1005
2179	1005
2180	1005
2181	1005
2182	1005
2183	1005
2184	1005
2185	1005
2186	1005
2187	1005
2188	1006
2189	1006
2190	1006
2191	1006
2192	1007
2193	1007
2194	1007
2195	1007
2196	1007
2197	1007
2198	1007
2199	1007
2200	1007
2201	1007
2202	1007
2203	1007
2204	1007
2205	1007
2206	1007
2207	1007
2208	1007
2209	1007
2210	1007
2211	1008
2212	1008
2213	1009
2214	1009
2215	1009
2216	1009
2217	1009
2218	1009
2219	1009
2220	1009
2221	1009
2222	1009
2223	1009
2224	1009
2225	1009
2226	1009
2227	1009
2228	1009
2229	1009
2230	1009
2231	1009
2232	1009
2233	1009
2234	1009
2235	1009
2236	1009
2237	1009
2238	1009
2239	1009
2240	1009
2241	1009
2242	1009
2243	1009
2244	1009
2245	1009
2246	1009
2247	1009
2248	1009
2249	1009
2250	1009
2251	1009
2252	1009
2253	1009
2254	1009
2255	1009
2256	1009
2257	1009
2258	1009
2259	1009
2260	1009
2261	1009
2262	1010
2263	1010
2264	1010
2265	1010
2266	1011
2267	1011
2268	1011
2269	1011
2270	1011
2271	1011
2272	1011
2273	1011
2274	1011
2275	1011
2276	1011
2277	1011
2278	1011
2279	1011
2280	1011
2281	1011
2282	1012
2283	1012
2284	1012
2285	1012
2286	1012
2287	1012
2288	1012
2289	1012
2290	1012
2291	1012
2292	1012
2293	1012
2294	1012
2295	1012
2296	1012
2297	1012
2298	1012
2299	1012
2300	1012
2301	1012
2302	1012
2303	1013
2304	1013
2305	1013
2306	1014
2307	1014
2308	1014
2309	1014
2310	1014
2311	1014
2312	1014
2313	1015
2314	1015
2315	1015
2316	1015
2317	1015
2318	1015
2319	1015
2320	1015
2321	1015
2322	1015
2323	1015
2324	1015
2325	1015
2326	1015
2327	1015
2328	1015
2329	1015
2330	1015
2331	1015
2332	1015
2333	1015
2334	1015
2335	1016
2336	1016
2337	1016
2338	1016
2339	1016
2340	1016
2341	1016
2342	1016
2343	1016
2344	1016
2345	1016
2346	1016
2347	1016
2348	1016
2349	1016
2350	1016
2351	1016
2352	1017
2353	1017
2354	1017
2355	1017
2356	1017
2357	1017
2358	1017
2359	1017
2360	1017
2361	1017
2362	1017
2363	1017
2364	1017
2365	1017
2366	1017
2367	1017
2368	1017
2369	1017
2370	1018
2371	1018
2372	1018
2373	1018
2374	1018
2375	1018
2376	1018
2377	1018
2378	1018
2379	1018
2380	1018
2381	1018
2382	1018
2383	1018
2384	1019
2385	1019
2386	1019
2387	1019
2388	1019
2389	1019
2390	1019
2391	1019
2392	1019
2393	1020
2394	1020
2395	1020
2396	1020
2397	1020
2398	1020
2399	1020
2400	1020
2401	1020
2402	1020
2403	1020
2404	1020
2405	1020
2406	1020
2407	1020
2408	1020
2409	1020
2410	1020
2411	1020
2412	1020
2413	1020
2414	1020
2415	1020
2416	1020
2417	1020
2418	1021
2419	1021
2420	1022
2421	1022
2422	1022
2423	1022
2424	1022
2425	1022
2426	1022
2427	1022
2428	1022
2429	1022
2430	1022
2431	1022
2432	1022
2433	1022
2434	1022
2435	1022
2436	1022
2437	1022
2438	1022
2439	1022
2440	1022
2441	1023
2442	1023
2443	1023
2444	1023
2445	1024
2446	1024
2447	1024
2448	1024
2449	1024
2450	1024
2451	1024
2452	1024
2453	1025
2454	1025
2455	1025
2456	1025
2457	1025
2458	1025
2459	1025
2460	1026
2461	1026
2462	1026
2463	1027
2464	1027
2465	1027
2466	1027
2467	1027
2468	1028
2469	1028
2470	1028
2471	1028
2472	1029
2473	1029
2474	1029
2475	1029
2476	1029
2477	1029
2478	1030
2479	1030
2480	1030
2481	1030
2482	1030
2483	1030
2484	1030
2485	1030
2486	1030
2487	1030
2488	1030
2489	1030
2490	1030
2491	1030
2492	1030
2493	1030
2494	1030
2495	1030
2496	1030
2497	1030
2498	1030
2499	1030
2500	1030
2501	1030
2502	1030
2503	1030
2504	1030
2505	1030
2506	1030
2507	1031
2508	1031
2509	1031
2510	1031
2511	1031
2512	1031
2513	1031
2514	1031
2515	1031
2516	1031
2517	1031
2518	1031
2519	1031
2520	1031
2521	1031
2522	1031
2523	1031
2524	1031
2525	1031
2526	1031
2527	1031
2528	1031
2529	1031
2530	1031
2531	1031
2532	1031
2533	1032
2534	1033
2535	1033
2536	1034
2537	1034
2538	1035
2539	1035
2540	1035
2541	1035
2542	1035
2543	1035
2544	1035
2545	1035
2546	1035
2547	1035
2548	1035
2549	1035
2550	1035
2551	1035
2552	1035
2553	1035
2554	1035
2555	1035
2556	1035
2557	1035
2558	1035
2559	1035
2560	1035
2561	1035
2562	1035
2563	1035
2564	1035
2565	1035
2566	1035
2567	1035
2568	1035
2569	1035
2570	1036
2571	1036
2572	1036
2573	1036
2574	1036
2575	1036
2576	1037
2577	1037
2578	1037
2579	1037
2580	1037
2581	1037
2582	1037
2583	1037
2584	1037
2585	1037
2586	1037
2587	1037
2588	1037
2589	1037
2590	1037
2591	1037
2592	1037
2593	1037
2594	1037
2595	1037
2596	1037
2597	1037
2598	1037
2599	1037
2600	1037
2601	1037
2602	1037
2603	1037
2604	1037
2605	1037
2606	1037
2607	1037
2608	1037
2609	1037
2610	1037
2611	1038
2612	1038
2613	1038
2614	1038
2615	1038
2616	1038
2617	1038
2618	1038
2619	1038
2620	1038
2621	1038
2622	1038
2623	1038
2624	1038
2625	1038
2626	1038
2627	1038
2628	1038
2629	1038
2630	1038
2631	1039
2632	1040
2633	1040
2634	1040
2635	1040
2636	1040
2637	1040
2638	1040
2639	1040
2640	1040
2641	1040
2642	1040
2643	1040
2644	1040
2645	1040
2646	1040
2647	1040
2648	1040
2649	1040
2650	1040
2651	1040
2652	1040
2653	1040
2654	1040
2655	1040
2656	1040
2657	1040
2658	1040
2659	1040
2660	1040
2661	1040
2662	1040
2663	1040
2664	1040
2665	1040
2666	1040
2667	1040
2668	1040
2669	1041
2670	1041
2671	1041
2672	1041
2673	1041
2674	1042
2675	1042
2676	1042
2677	1042
2678	1042
2679	1042
2680	1042
2681	1042
2682	1043
2683	1043
2684	1045
2685	1045
2686	1045
2687	1045
2688	1045
2689	1046
2690	1046
2691	1046
2692	1046
2693	1046
2694	1046
2695	1046
2696	1046
2697	1046
2698	1046
2699	1046
2700	1046
2701	1046
2702	1046
2703	1046
2704	1046
2705	1046
2706	1046
2707	1046
2708	1046
2709	1046
2710	1046
2711	1046
2712	1046
2713	1046
2714	1046
2715	1046
2716	1046
2717	1046
2718	1046
2719	1046
2720	1046
2721	1046
2722	1046
2723	1046
2724	1046
2725	1046
2726	1046
2727	1046
2728	1046
2729	1046
2730	1046
2731	1046
2732	1046
2733	1046
2734	1046
2735	1046
2736	1047
2737	1047
2738	1047
2739	1047
2740	1047
2741	1048
2742	1049
2743	1049
2744	1049
2745	1049
2746	1049
2747	1049
2748	1049
2749	1049
2750	1049
2751	1050
2752	1050
2753	1050
2754	1050
2755	1050
2756	1050
2757	1051
2758	1051
2759	1051
2760	1051
2761	1051
2762	1052
2763	1052
2764	1052
2765	1052
2766	1052
2767	1052
2768	1053
2769	1053
2770	1053
2771	1053
2772	1053
2773	1053
2774	1053
2775	1053
2776	1054
2777	1054
2778	1054
2779	1054
2780	1054
2781	1054
2782	1054
2783	1054
2784	1054
2785	1054
2786	1054
2787	1054
2788	1054
2789	1054
2790	1055
2791	1055
2792	1055
2793	1055
2794	1055
2795	1055
2796	1055
2797	1055
2798	1055
2799	1055
2800	1055
2801	1055
2802	1055
2803	1057
2804	1057
2805	1058
2806	1059
2807	1059
2808	1059
2809	1059
2810	1059
2811	1059
2812	1059
2813	1059
2814	1059
2815	1060
2816	1060
2817	1060
2818	1060
2819	1060
2820	1060
2821	1060
2822	1060
2823	1060
2824	1060
2825	1060
2826	1060
2827	1060
2828	1060
2829	1060
2830	1060
2831	1060
2832	1060
2833	1060
2834	1060
2835	1060
2836	1060
2837	1060
2838	1060
2839	1060
2840	1060
2841	1060
2842	1060
2843	1060
2844	1060
2845	1060
2846	1060
2847	1060
2848	1060
2849	1060
2850	1060
2851	1060
2852	1060
2853	1060
2854	1060
2855	1060
2856	1060
2857	1060
2858	1060
2859	1060
2860	1060
2861	1060
2862	1060
2863	1061
2864	1061
2865	1061
2866	1061
2867	1061
2868	1061
2869	1061
2870	1061
2871	1061
2872	1061
2873	1061
2874	1061
2875	1061
2876	1061
2877	1061
2878	1061
2879	1061
2880	1061
2881	1063
2882	1063
2883	1063
2884	1063
2885	1063
2886	1063
2887	1063
2888	1063
2889	1063
2890	1063
2891	1063
2892	1063
2893	1063
2894	1063
2895	1063
2896	1063
2897	1063
2898	1063
2899	1063
2900	1063
2901	1063
2902	1063
2903	1063
2904	1063
2905	1063
2906	1063
2907	1063
2908	1063
2909	1063
2910	1063
2911	1063
2912	1063
2913	1063
2914	1063
2915	1063
2916	1063
2917	1063
2918	1063
2919	1063
2920	1063
2921	1063
2922	1063
2923	1063
2924	1063
2925	1063
2926	1063
2927	1063
2928	1063
2929	1063
2930	1063
2931	1063
2932	1063
2933	1063
2934	1063
2935	1063
2936	1064
2937	1064
2938	1064
2939	1064
2940	1064
2941	1064
2942	1064
2943	1064
2944	1064
2945	1064
2946	1064
2947	1064
2948	1064
2949	1064
2950	1064
2951	1064
2952	1065
2953	1065
2954	1066
2955	1066
2956	1066
2957	1066
2958	1066
2959	1066
2960	1066
2961	1066
2962	1066
2963	1066
2964	1066
2965	1066
2966	1066
2967	1066
2968	1067
2969	1067
2970	1067
2971	1067
2972	1067
2973	1067
2974	1067
2975	1067
2976	1067
2977	1067
2978	1067
2979	1067
2980	1067
2981	1067
2982	1067
2983	1067
2984	1067
2985	1067
2986	1067
2987	1067
2988	1067
2989	1067
2990	1067
2991	1067
2992	1067
2993	1067
2994	1067
2995	1067
2996	1067
2997	1067
2998	1067
2999	1067
3000	1067
3001	1067
3002	1067
3003	1067
3004	1067
3005	1067
3006	1067
3007	1067
3008	1067
3009	1068
3010	1068
3011	1068
3012	1068
3013	1068
3014	1069
3015	1069
3016	1069
3017	1069
3018	1069
3019	1069
3020	1069
3021	1070
3022	1070
3023	1070
3024	1070
3025	1070
3026	1070
3027	1070
3028	1070
3029	1070
3030	1070
3031	1070
3032	1070
3033	1070
3034	1070
3035	1070
3036	1070
3037	1071
3038	1072
3039	1072
3040	1072
3041	1072
3042	1072
3043	1072
3044	1072
3045	1072
3046	1072
3047	1072
3048	1072
3049	1072
3050	1072
3051	1072
3052	1072
3053	1072
3054	1072
3055	1072
3056	1072
3057	1072
3058	1072
3059	1072
3060	1072
3061	1072
3062	1072
3063	1072
3064	1072
3065	1072
3066	1072
3067	1072
3068	1072
3069	1072
3070	1072
3071	1072
3072	1072
3073	1072
3074	1072
3075	1072
3076	1072
3077	1072
3078	1072
3079	1072
3080	1072
3081	1072
3082	1072
3083	1072
3084	1072
3085	1072
3086	1072
3087	1072
3088	1072
3089	1072
3090	1072
3091	1072
3092	1072
3093	1072
3094	1072
3095	1072
3096	1072
3097	1072
3098	1072
3099	1072
3100	1073
3101	1073
3102	1073
3103	1073
3104	1073
3105	1073
3106	1073
3107	1073
3108	1073
3109	1073
3110	1073
3111	1073
3112	1073
3113	1073
3114	1073
3115	1073
3116	1073
3117	1073
3118	1073
3119	1073
3120	1074
3121	1074
3122	1074
3123	1074
3124	1074
3125	1074
3126	1074
3127	1074
3128	1074
3129	1074
3130	1075
3131	1076
3132	1076
3133	1076
3134	1076
3135	1076
3136	1076
3137	1076
3138	1076
3139	1076
3140	1076
3141	1076
3142	1076
3143	1076
3144	1076
3145	1076
3146	1076
3147	1076
3148	1076
3149	1076
3150	1076
3151	1076
3152	1076
3153	1076
3154	1076
3155	1076
3156	1076
3157	1076
3158	1076
3159	1076
3160	1076
3161	1076
3162	1076
3163	1076
3164	1076
3165	1076
3166	1076
3167	1076
3168	1076
3169	1076
3170	1076
3171	1076
3172	1076
3173	1076
3174	1076
3175	1076
3176	1076
3177	1076
3178	1076
3179	1076
3180	1076
3181	1076
3182	1076
3183	1076
3184	1076
3185	1076
3186	1077
3187	1077
3188	1077
3189	1077
3190	1077
3191	1077
3192	1077
3193	1078
3194	1078
3195	1078
3196	1078
3197	1078
3198	1078
3199	1078
3200	1078
3201	1078
3202	1079
3203	1079
3204	1079
3205	1079
3206	1079
3207	1079
3208	1079
3209	1079
3210	1080
3211	1080
3212	1080
3213	1080
3214	1080
3215	1080
3216	1080
3217	1080
3218	1080
3219	1080
3220	1080
3221	1080
3222	1080
3223	1080
3224	1080
3225	1080
3226	1080
3227	1080
3228	1080
3229	1080
3230	1080
3231	1080
3232	1080
3233	1080
3234	1080
3235	1080
3236	1080
3237	1080
3238	1080
3239	1080
3240	1080
3241	1080
3242	1080
3243	1080
3244	1080
3245	1080
3246	1080
3247	1080
3248	1080
3249	1080
3250	1080
3251	1080
3252	1080
3253	1080
3254	1080
3255	1080
3256	1080
3257	1080
3258	1080
3259	1080
3260	1080
3261	1080
3262	1081
3263	1081
3264	1081
3265	1081
3266	1081
3267	1081
3268	1081
3269	1081
3270	1081
3271	1081
3272	1081
3273	1081
3274	1081
3275	1081
3276	1081
3277	1081
3278	1081
3279	1081
3280	1081
3281	1082
3282	1082
3283	1082
3284	1082
3285	1083
3286	1083
3287	1084
3288	1084
3289	1084
3290	1084
3291	1084
3292	1084
3293	1084
3294	1084
3295	1085
3296	1085
3297	1085
3298	1085
3299	1085
3300	1085
3301	1085
3302	1085
3303	1085
3304	1085
3305	1085
3306	1086
3307	1086
3308	1086
3309	1086
3310	1086
3311	1086
3312	1086
3313	1086
3314	1086
3315	1086
3316	1086
3317	1086
3318	1086
3319	1086
3320	1086
3321	1086
3322	1086
3323	1087
3324	1087
3325	1087
3326	1087
3327	1087
3328	1087
3329	1087
3330	1087
3331	1087
3332	1088
3333	1088
3334	1088
3335	1088
3336	1088
3337	1088
3338	1088
3339	1088
3340	1088
3341	1088
3342	1088
3343	1088
3344	1088
3345	1088
3346	1088
3347	1088
3348	1088
3349	1088
3350	1088
3351	1088
3352	1088
3353	1088
3354	1088
3355	1088
3356	1088
3357	1088
3358	1088
3359	1088
3360	1088
3361	1088
3362	1088
3363	1088
3364	1088
3365	1088
3366	1088
3367	1088
3368	1088
3369	1088
3370	1088
3371	1088
3372	1088
3373	1088
3374	1088
3375	1088
3376	1088
3377	1088
3378	1088
3379	1088
3380	1088
3381	1088
3382	1088
3383	1088
3384	1088
3385	1088
3386	1088
3387	1088
3388	1088
3389	1088
3390	1088
3391	1088
3392	1088
3393	1088
3394	1088
3395	1088
3396	1088
3397	1089
3398	1089
3399	1089
3400	1089
3401	1089
3402	1089
3403	1089
3404	1089
3405	1089
3406	1089
3407	1089
3408	1089
3409	1089
3410	1089
3411	1089
3412	1089
3413	1089
3414	1089
3415	1089
3416	1089
3417	1089
3418	1089
3419	1089
3420	1089
3421	1089
3422	1089
3423	1089
3424	1089
3425	1089
3426	1089
3427	1089
3428	1089
3429	1089
3430	1089
3431	1089
3432	1089
3433	1089
3434	1089
3435	1089
3436	1089
3437	1089
3438	1089
3439	1089
3440	1089
3441	1089
3442	1089
3443	1089
3444	1089
3445	1090
3446	1090
3447	1090
3448	1090
3449	1090
3450	1090
3451	1090
3452	1090
3453	1090
3454	1090
3455	1090
3456	1090
3457	1090
3458	1090
3459	1091
3460	1092
3461	1092
3462	1092
3463	1092
3464	1092
3465	1092
3466	1092
3467	1092
3468	1092
3469	1092
3470	1092
3471	1092
3472	1092
3473	1092
3474	1092
3475	1092
3476	1092
3477	1092
3478	1092
3479	1092
3480	1092
3481	1092
3482	1092
3483	1092
3484	1092
3485	1092
3486	1092
3487	1092
3488	1092
3489	1092
3490	1093
3491	1093
3492	1093
3493	1093
3494	1093
3495	1093
3496	1093
3497	1093
3498	1093
3499	1093
3500	1093
3501	1093
3502	1093
3503	1093
3504	1093
3505	1093
3506	1093
3507	1093
3508	1093
3509	1093
3510	1093
3511	1093
3512	1093
3513	1093
3514	1093
3515	1093
3516	1093
3517	1093
3518	1093
3519	1093
3520	1093
3521	1094
3522	1094
3523	1094
3524	1094
3525	1094
3526	1094
3527	1094
3528	1094
3529	1094
3530	1094
3531	1094
3532	1094
3533	1094
3534	1094
3535	1094
3536	1094
3537	1094
3538	1094
3539	1094
3540	1094
3541	1094
3542	1094
3543	1094
3544	1094
3545	1094
3546	1094
3547	1094
3548	1094
3549	1094
3550	1094
3551	1094
3552	1094
3553	1094
3554	1094
3555	1094
3556	1094
3557	1094
3558	1094
3559	1094
3560	1094
3561	1094
3562	1094
3563	1094
3564	1094
3565	1094
3566	1094
3567	1094
3568	1094
3569	1094
3570	1094
3571	1094
3572	1094
3573	1094
3574	1094
3575	1094
3576	1094
3577	1094
3578	1094
3579	1094
3580	1094
3581	1094
3582	1094
3583	1094
3584	1094
3585	1094
3586	1094
3587	1094
3588	1094
3589	1094
3590	1094
3591	1094
3592	1094
3593	1094
3594	1094
3595	1094
3596	1094
3597	1094
3598	1094
3599	1094
3600	1094
3601	1094
3602	1094
3603	1094
3604	1094
3605	1094
3606	1094
3607	1094
3608	1094
3609	1094
3610	1094
3611	1094
3612	1094
3613	1095
3614	1095
3615	1095
3616	1095
3617	1095
3618	1095
3619	1095
3620	1095
3621	1095
3622	1095
3623	1095
3624	1095
3625	1095
3626	1095
3627	1096
3628	1096
3629	1096
3630	1096
3631	1096
3632	1096
3633	1096
3634	1096
3635	1096
3636	1096
3637	1096
3638	1096
3639	1096
3640	1096
3641	1096
3642	1096
3643	1096
3644	1096
3645	1096
3646	1096
3647	1096
3648	1096
3649	1096
3650	1096
3651	1096
3652	1096
3653	1096
3654	1096
3655	1096
3656	1096
3657	1096
3658	1096
3659	1096
3660	1096
3661	1096
3662	1096
3663	1096
3664	1096
3665	1096
3666	1096
3667	1096
3668	1096
3669	1096
3670	1096
3671	1096
3672	1097
3673	1097
3674	1097
3675	1097
3676	1097
3677	1097
3678	1097
3679	1097
3680	1097
3681	1098
3682	1098
3683	1098
3684	1099
3685	1099
3686	1099
3687	1099
3688	1099
3689	1099
3690	1099
3691	1099
3692	1099
3693	1099
3694	1099
3695	1099
3696	1099
3697	1099
3698	1099
3699	1099
3700	1099
3701	1099
3702	1099
3703	1099
3704	1099
3705	1100
3706	1100
3707	1100
3708	1100
3709	1100
3710	1100
3711	1100
3712	1100
3713	1100
3714	1100
3715	1100
3716	1100
3717	1100
3718	1100
3719	1100
3720	1100
3721	1100
3722	1100
3723	1100
3724	1100
3725	1100
3726	1100
3727	1100
3728	1100
3729	1100
3730	1100
3731	1100
3732	1100
3733	1100
3734	1100
3735	1100
3736	1100
3737	1100
3738	1100
3739	1100
3740	1100
3741	1100
3742	1100
3743	1100
3744	1100
3745	1100
3746	1100
3747	1100
3748	1100
3749	1100
3750	1100
3751	1100
3752	1100
3753	1100
3754	1100
3755	1101
3756	1101
3757	1101
3758	1101
3759	1101
3760	1101
3761	1101
3762	1101
3763	1101
3764	1101
3765	1101
3766	1101
3767	1101
3768	1101
3769	1101
3770	1101
3771	1101
3772	1102
3773	1102
3774	1102
3775	1102
3776	1102
3777	1102
3778	1102
3779	1102
3780	1102
3781	1102
3782	1102
3783	1102
3784	1102
3785	1102
3786	1102
3787	1102
3788	1102
3789	1103
3790	1103
3791	1103
3792	1103
3793	1103
3794	1103
3795	1103
3796	1103
3797	1103
3798	1103
3799	1103
3800	1103
3801	1103
3802	1103
3803	1103
3804	1103
3805	1103
3806	1103
3807	1103
3808	1104
3809	1104
3810	1104
3811	1104
3812	1104
3813	1104
3814	1104
3815	1104
3816	1104
3817	1104
3818	1104
3819	1104
3820	1104
3821	1104
3822	1104
3823	1104
3824	1104
3825	1104
3826	1104
3827	1104
3828	1104
3829	1104
3830	1105
3831	1105
3832	1105
3833	1106
3834	1106
3835	1106
3836	1106
3837	1106
3838	1106
3839	1106
3840	1106
3841	1106
3842	1106
3843	1106
3844	1106
3845	1106
3846	1106
3847	1106
3848	1106
3849	1106
3850	1106
3851	1106
3852	1106
3853	1106
3854	1106
3855	1106
3856	1106
3857	1107
3858	1107
3859	1107
3860	1107
3861	1107
3862	1107
3863	1107
3864	1107
3865	1107
3866	1107
3867	1107
3868	1107
3869	1107
3870	1107
3871	1107
3872	1107
3873	1107
3874	1107
3875	1107
3876	1107
3877	1107
3878	1107
3879	1107
3880	1107
3881	1107
3882	1107
3883	1107
3884	1107
3885	1107
3886	1108
3887	1108
3888	1108
3889	1108
3890	1108
3891	1108
3892	1108
3893	1108
3894	1108
3895	1108
3896	1108
3897	1108
3898	1108
3899	1108
3900	1108
3901	1108
3902	1108
3903	1108
3904	1108
3905	1108
3906	1108
3907	1108
3908	1108
3909	1108
3910	1108
3911	1108
3912	1108
3913	1108
3914	1108
3915	1108
3916	1108
3917	1109
3918	1109
3919	1109
3920	1109
3921	1109
3922	1110
3923	1110
3924	1110
3925	1110
3926	1110
3927	1110
3928	1110
3929	1110
3930	1110
3931	1110
3932	1110
3933	1110
3934	1110
3935	1110
3936	1110
3937	1110
3938	1110
3939	1111
3940	1111
3941	1111
3942	1111
3943	1111
3944	1111
3945	1111
3946	1112
3947	1112
3948	1112
3949	1112
3950	1112
3951	1112
3952	1112
3953	1112
3954	1112
3955	1112
3956	1112
3957	1112
3958	1112
3959	1112
3960	1112
3961	1112
3962	1112
3963	1112
3964	1112
3965	1112
3966	1112
3967	1112
3968	1112
3969	1112
3970	1112
3971	1112
3972	1112
3973	1112
3974	1112
3975	1112
3976	1112
3977	1112
3978	1112
3979	1112
3980	1112
3981	1112
3982	1112
3983	1112
3984	1112
3985	1112
3986	1112
3987	1112
3988	1112
3989	1112
3990	1112
3991	1113
3992	1113
3993	1113
3994	1113
3995	1113
3996	1113
3997	1113
3998	1114
3999	1114
4000	1114
4001	1114
4002	1114
4003	1114
4004	1114
4005	1114
4006	1114
4007	1114
4008	1114
4009	1114
4010	1114
4011	1114
4012	1114
4013	1114
4014	1114
4015	1114
4016	1114
4017	1114
4018	1114
4019	1114
4020	1114
4021	1114
4022	1114
4023	1114
4024	1114
4025	1114
4026	1114
4027	1114
4028	1114
4029	1114
4030	1114
4031	1114
4032	1114
4033	1114
4034	1114
4035	1114
4036	1114
4037	1114
4038	1114
4039	1114
4040	1114
4041	1114
4042	1114
4043	1114
4044	1114
4045	1114
4046	1114
4047	1115
4048	1115
4049	1115
4050	1115
4051	1116
4052	1116
4053	1116
4054	1116
4055	1116
4056	1116
4057	1116
4058	1116
4059	1116
4060	1117
4061	1117
4062	1117
4063	1117
4064	1117
4065	1117
4066	1117
4067	1117
4068	1117
4069	1117
4070	1117
4071	1117
4072	1117
4073	1117
4074	1117
4075	1117
4076	1117
4077	1117
4078	1117
4079	1117
4080	1117
4081	1117
4082	1117
4083	1117
4084	1117
4085	1117
4086	1117
4087	1117
4088	1118
4089	1118
4090	1118
4091	1118
4092	1118
4093	1118
4094	1118
4095	1118
4096	1118
4097	1118
4098	1118
4099	1118
4100	1118
4101	1118
4102	1118
4103	1118
4104	1118
4105	1118
4106	1118
4107	1118
4108	1118
4109	1118
4110	1118
4111	1118
4112	1118
4113	1118
4114	1118
4115	1118
4116	1118
4117	1118
4118	1118
4119	1118
4120	1118
4121	1118
4122	1118
4123	1118
4124	1118
4125	1118
4126	1118
4127	1118
4128	1118
4129	1118
4130	1118
4131	1118
4132	1118
4133	1118
4134	1118
4135	1118
4136	1118
4137	1118
4138	1118
4139	1118
4140	1118
4141	1118
4142	1118
4143	1118
4144	1118
4145	1118
4146	1118
4147	1118
4148	1118
4149	1118
4150	1118
4151	1118
4152	1118
4153	1118
4154	1119
4155	1119
4156	1120
4157	1120
4158	1120
4159	1120
4160	1120
4161	1120
4162	1120
4163	1120
4164	1120
4165	1120
4166	1120
4167	1120
4168	1120
4169	1120
4170	1120
4171	1120
4172	1120
4173	1120
4174	1120
4175	1120
4176	1120
4177	1120
4178	1120
4179	1121
4180	1121
4181	1121
4182	1121
4183	1121
4184	1121
4185	1121
4186	1121
4187	1121
4188	1121
4189	1121
4190	1121
4191	1121
4192	1121
4193	1121
4194	1121
4195	1121
4196	1121
4197	1121
4198	1121
4199	1121
4200	1121
4201	1121
4202	1121
4203	1121
4204	1121
4205	1121
4206	1121
4207	1121
4208	1121
4209	1121
4210	1121
4211	1121
4212	1121
4213	1121
4214	1121
4215	1121
4216	1122
4217	1122
4218	1122
4219	1122
4220	1122
4221	1122
4222	1122
4223	1122
4224	1122
4225	1122
4226	1122
4227	1122
4228	1122
4229	1122
4230	1122
4231	1122
4232	1122
4233	1122
4234	1122
4235	1122
4236	1122
4237	1122
4238	1122
4239	1122
4240	1122
4241	1122
4242	1122
4243	1122
4244	1122
4245	1122
4246	1122
4247	1122
4248	1122
4249	1122
4250	1122
4251	1122
4252	1123
4253	1123
4254	1123
4255	1123
4256	1123
4257	1123
4258	1123
4259	1123
4260	1123
4261	1123
4262	1123
4263	1123
4264	1123
4265	1123
4266	1123
4267	1123
4268	1123
4269	1123
4270	1124
4271	1124
4272	1124
4273	1124
4274	1124
4275	1124
4276	1124
4277	1124
4278	1124
4279	1124
4280	1124
4281	1124
4282	1124
4283	1124
4284	1124
4285	1124
4286	1124
4287	1124
4288	1124
4289	1124
4290	1124
4291	1124
4292	1124
4293	1124
4294	1124
4295	1124
4296	1124
4297	1124
4298	1124
4299	1124
4300	1124
4301	1124
4302	1124
4303	1124
4304	1124
4305	1124
4306	1124
4307	1124
4308	1124
4309	1124
4310	1124
4311	1124
4312	1124
4313	1124
4314	1124
4315	1124
4316	1124
4317	1124
4318	1124
4319	1124
4320	1124
4321	1124
4322	1124
4323	1124
4324	1124
4325	1124
4326	1124
4327	1124
4328	1124
4329	1124
4330	1124
4331	1124
4332	1125
4333	1125
4334	1125
4335	1125
4336	1125
4337	1125
4338	1125
4339	1125
4340	1125
4341	1125
4342	1125
4343	1125
4344	1125
4345	1125
4346	1125
4347	1125
4348	1125
4349	1125
4350	1125
4351	1125
4352	1125
4353	1125
4354	1125
4355	1125
4356	1125
4357	1125
4358	1125
4359	1125
4360	1125
4361	1125
4362	1126
4363	1126
4364	1126
4365	1126
4366	1126
4367	1126
4368	1126
4369	1126
4370	1126
4371	1126
4372	1126
4373	1126
4374	1126
4375	1127
4376	1127
4377	1127
4378	1127
4379	1127
4380	1127
4381	1127
4382	1127
4383	1127
4384	1127
4385	1127
4386	1127
4387	1127
4388	1127
4389	1127
4390	1127
4391	1127
4392	1127
4393	1127
4394	1127
4395	1127
4396	1127
4397	1127
4398	1127
4399	1127
4400	1127
4401	1127
4402	1127
4403	1127
4404	1127
4405	1127
4406	1127
4407	1127
4408	1127
4409	1127
4410	1127
4411	1127
4412	1128
4413	1128
4414	1128
4415	1128
4416	1128
4417	1128
4418	1128
4419	1128
4420	1128
4421	1128
4422	1128
4423	1128
4424	1128
4425	1128
4426	1128
4427	1128
4428	1128
4429	1128
4430	1128
4431	1128
4432	1128
4433	1128
4434	1128
4435	1128
4436	1128
4437	1128
4438	1128
4439	1128
4440	1128
4441	1128
4442	1128
4443	1128
4444	1128
4445	1128
4446	1128
4447	1128
4448	1128
4449	1128
4450	1128
4451	1128
4452	1128
4453	1129
4454	1129
4455	1129
4456	1129
4457	1129
4458	1129
4459	1129
4460	1129
4461	1129
4462	1129
4463	1129
4464	1129
4465	1129
4466	1129
4467	1129
4468	1129
4469	1129
4470	1129
4471	1129
4472	1129
4473	1129
4474	1129
4475	1129
4476	1129
4477	1129
4478	1129
4479	1129
4480	1129
4481	1129
4482	1129
4483	1129
4484	1129
4485	1129
4486	1129
4487	1129
4488	1129
4489	1129
4490	1129
4491	1129
4492	1129
4493	1129
4494	1129
4495	1129
4496	1129
4497	1129
4498	1129
4499	1129
4500	1129
4501	1129
4502	1129
4503	1129
4504	1129
4505	1129
4506	1129
4507	1129
4508	1129
4509	1129
4510	1129
4511	1129
4512	1129
4513	1129
4514	1129
4515	1129
4516	1129
4517	1129
4518	1129
4519	1129
4520	1129
4521	1129
4522	1129
4523	1129
4524	1129
4525	1130
4526	1130
4527	1130
4528	1130
4529	1130
4530	1130
4531	1130
4532	1130
4533	1130
4534	1130
4535	1130
4536	1130
4537	1130
4538	1130
4539	1131
4540	1131
4541	1131
4542	1131
4543	1131
4544	1131
4545	1131
4546	1131
4547	1131
4548	1131
4549	1131
4550	1131
4551	1131
4552	1131
4553	1131
4554	1131
4555	1131
4556	1131
4557	1131
4558	1131
4559	1131
4560	1131
4561	1131
4562	1131
4563	1131
4564	1131
4565	1131
4566	1131
4567	1131
4568	1131
4569	1131
4570	1131
4571	1132
4572	1132
4573	1132
4574	1132
4575	1132
4576	1132
4577	1132
4578	1132
4579	1132
4580	1132
4581	1132
4582	1132
4583	1132
4584	1132
4585	1132
4586	1132
4587	1132
4588	1132
4589	1132
4590	1132
4591	1132
4592	1132
4593	1132
4594	1132
4595	1132
4596	1132
4597	1132
4598	1132
4599	1132
4600	1132
4601	1132
4602	1133
4603	1133
4604	1133
4605	1133
4606	1133
4607	1133
4608	1133
4609	1133
4610	1133
4611	1133
4612	1133
4613	1133
4614	1133
4615	1133
4616	1133
4617	1133
4618	1133
4619	1133
4620	1133
4621	1133
4622	1133
4623	1133
4624	1134
4625	1134
4626	1134
4627	1134
4628	1134
4629	1134
4630	1134
4631	1134
4632	1134
4633	1134
4634	1134
4635	1134
4636	1134
4637	1134
4638	1134
4639	1134
4640	1134
4641	1134
4642	1134
4643	1134
4644	1134
4645	1134
4646	1134
4647	1134
4648	1134
4649	1134
4650	1134
4651	1134
4652	1134
4653	1134
4654	1134
4655	1134
4656	1134
4657	1134
4658	1134
4659	1134
4660	1134
4661	1135
4662	1135
4663	1135
4664	1135
4665	1135
4666	1135
4667	1135
4668	1135
4669	1135
4670	1135
4671	1135
4672	1135
4673	1135
4674	1135
4675	1135
4676	1136
4677	1136
4678	1136
4679	1136
4680	1136
4681	1136
4682	1136
4683	1136
4684	1136
4685	1136
4686	1136
4687	1136
4688	1136
4689	1136
4690	1136
4691	1136
4692	1137
4693	1137
4694	1137
4695	1137
4696	1137
4697	1137
4698	1137
4699	1137
4700	1137
4701	1137
4702	1137
4703	1137
4704	1137
4705	1137
4706	1137
4707	1137
4708	1137
4709	1137
4710	1137
4711	1137
4712	1137
4713	1137
4714	1137
4715	1137
4716	1137
4717	1137
4718	1137
4719	1137
4720	1137
4721	1137
4722	1137
4723	1137
4724	1137
4725	1137
4726	1137
4727	1137
4728	1137
4729	1137
4730	1138
4731	1138
4732	1138
4733	1138
4734	1138
4735	1138
4736	1138
4737	1138
4738	1138
4739	1138
4740	1138
4741	1138
4742	1138
4743	1138
4744	1138
4745	1138
4746	1138
4747	1138
4748	1138
4749	1138
4750	1138
4751	1138
4752	1138
4753	1138
4754	1138
4755	1138
4756	1138
4757	1138
4758	1138
4759	1138
4760	1138
4761	1138
4762	1138
4763	1138
4764	1138
4765	1138
4766	1138
4767	1138
4768	1138
4769	1138
4770	1138
4771	1138
4772	1138
4773	1138
4774	1138
4775	1138
4776	1138
4777	1138
4778	1138
4779	1138
4780	1138
4781	1138
4782	1138
4783	1138
4784	1138
4785	1138
4786	1138
4787	1138
4788	1138
4789	1138
4790	1138
4791	1138
4792	1138
4793	1138
4794	1138
4795	1138
4796	1138
4797	1138
4798	1138
4799	1138
4800	1138
4801	1138
4802	1138
4803	1138
4804	1138
4805	1138
4806	1138
4807	1138
4808	1138
4809	1138
4810	1138
4811	1138
4812	1138
4813	1138
4814	1138
4815	1138
4816	1138
4817	1138
4818	1138
4819	1138
4820	1138
4821	1138
4822	1138
4823	1138
4824	1138
4825	1139
4826	1139
4827	1139
4828	1139
4829	1139
4830	1139
4831	1139
4832	1139
4833	1139
4834	1139
4835	1139
4836	1139
4837	1139
4838	1139
4839	1139
4840	1139
4841	1139
4842	1139
4843	1139
4844	1139
4845	1139
4846	1139
4847	1139
4848	1139
4849	1139
4850	1139
4851	1139
4852	1139
4853	1139
4854	1139
4855	1139
4856	1139
4857	1139
4858	1139
4859	1139
4860	1139
4861	1139
4862	1139
4863	1139
4864	1139
4865	1139
4866	1139
4867	1139
4868	1139
4869	1139
4870	1139
4871	1139
4872	1139
4873	1139
4874	1139
4875	1139
4876	1139
4877	1139
4878	1139
4879	1139
4880	1139
4881	1139
4882	1139
4883	1139
4884	1139
4885	1139
4886	1139
4887	1139
4888	1139
4889	1139
4890	1139
4891	1139
4892	1139
4893	1139
4894	1139
4895	1139
4896	1139
4897	1139
4898	1139
4899	1139
4900	1139
4901	1139
4902	1139
4903	1139
4904	1139
4905	1139
4906	1139
4907	1139
4908	1139
4909	1139
4910	1139
4911	1139
4912	1139
4913	1139
4914	1139
4915	1139
4916	1139
4917	1139
4918	1139
4919	1139
4920	1139
4921	1139
4922	1139
4923	1139
4924	1139
4925	1139
4926	1139
4927	1139
4928	1139
4929	1139
4930	1139
4931	1139
4932	1139
4933	1139
4934	1139
4935	1139
4936	1139
4937	1139
4938	1139
4939	1139
4940	1139
4941	1139
4942	1139
4943	1139
4944	1139
4945	1140
4946	1140
4947	1140
4948	1140
4949	1140
4950	1140
4951	1140
4952	1140
4953	1140
4954	1140
4955	1140
4956	1140
4957	1140
4958	1140
4959	1140
4960	1140
4961	1140
4962	1140
4963	1140
4964	1140
4965	1140
4966	1140
4967	1140
4968	1140
4969	1140
4970	1141
4971	1141
4972	1141
4973	1141
4974	1141
4975	1141
4976	1141
4977	1141
4978	1141
4979	1141
4980	1141
4981	1141
4982	1141
4983	1141
4984	1141
4985	1141
4986	1141
4987	1141
4988	1141
4989	1141
4990	1141
4991	1141
4992	1141
4993	1141
4994	1141
4995	1141
4996	1141
4997	1141
4998	1141
4999	1141

