0	0
1	0
2	0
3	0
4	0
5	0
6	0
7	0
8	0
9	0
10	0
11	0
12	0
13	0
14	0
15	0
16	0
17	0
18	0
19	0
20	0
21	0
22	0
23	0
24	0
25	0
26	0
27	0
28	0
29	0
30	0
31	0
32	0
33	0
34	0
35	0
36	0
37	0
38	0
39	0
40	0
41	0
42	0
43	0
44	0
45	0
46	0
47	0
48	0
49	0
50	0
51	0
52	0
53	0
54	0
55	0
56	0
57	0
58	0
59	0
60	0
61	0
62	0
63	0
64	0
65	0
66	0
67	0
68	0
69	0
70	0
71	0
72	0
73	0
74	0
75	0
76	0
77	0
78	0
79	0
80	0
81	0
82	0
83	0
84	1
85	1
86	2
87	2
88	2
89	2
90	3
91	3
92	3
93	4
94	4
95	4
96	4
97	4
98	4
99	4
100	4
101	4
102	4
103	5
104	5
105	5
106	5
107	5
108	5
109	6
110	6
111	6
112	6
113	6
114	6
115	7
116	8
117	8
118	10
119	10
120	11
121	11
122	11
123	11
124	11
125	13
126	14
127	15
128	15
129	16
130	18
131	18
132	18
133	19
134	21
135	21
136	22
137	22
138	24
139	25
140	27
141	28
142	29
143	31
144	31
145	33
146	33
147	33
148	35
149	37
150	41
151	42
152	42
153	44
154	45
155	45
156	46
157	48
158	51
159	53
160	55
161	59
162	59
163	59
164	63
165	67
166	69
167	70
168	71
169	71
170	74
171	74
172	75
173	76
174	80
175	82
176	84
177	86
178	88
179	89
180	89
181	92
182	96
183	96
184	98
185	103
186	104
187	105
188	107
189	108
190	110
191	113
192	114
193	116
194	118
195	119
196	119
197	121
198	123
199	126
200	127
201	130
202	130
203	134
204	135
205	136
206	138
207	142
208	144
209	145
210	145
211	145
212	147
213	148
214	151
215	152
216	153
217	154
218	158
219	160
220	161
221	161
222	163
223	166
224	167
225	170
226	172
227	173
228	177
229	177
230	178
231	179
232	180
233	182
234	184
235	188
236	189
237	189
238	190
239	190
240	193
241	194
242	195
243	196
244	196
245	201
246	205
247	205
248	210
249	211
250	212
251	212
252	214
253	216
254	219
255	220
256	223
257	224
258	225
259	227
260	228
261	229
262	232
263	234
264	234
265	234
266	235
267	237
268	237
269	242
270	243
271	243
272	245
273	246
274	248
275	251
276	255
277	257
278	258
279	259
280	260
281	261
282	263
283	263
284	268
285	271
286	272
287	273
288	275
289	276
290	277
291	277
292	278
293	280
294	281
295	282
296	282
297	284
298	285
299	286
300	286
301	286
302	290
303	290
304	291
305	292
306	293
307	294
308	297
309	300
310	301
311	301
312	302
313	302
314	304
315	304
316	304
317	306
318	308
319	308
320	308
321	308
322	308
323	310
324	310
325	311
326	311
327	313
328	313
329	313
330	313
331	313
332	316
333	317
334	318
335	319
336	319
337	319
338	320
339	323
340	324
341	324
342	326
343	328
344	330
345	330
346	331
347	335
348	336
349	337
350	337
351	338
352	339
353	339
354	341
355	341
356	341
357	341
358	344
359	344
360	346
361	347
362	347
363	349
364	350
365	350
366	351
367	353
368	357
369	357
370	357
371	357
372	357
373	357
374	357
375	359
376	360
377	362
378	363
379	364
380	364
381	364
382	364
383	368
384	368
385	369
386	370
387	370
388	371
389	374
390	374
391	378
392	379
393	379
394	380
395	381
396	383
397	383
398	384
399	384
400	385
401	388
402	390
403	390
404	390
405	391
406	394
407	396
408	396
409	397
410	398
411	399
412	399
413	399
414	399
415	399
416	403
417	403
418	404
419	404
420	406
421	408
422	410
423	410
424	410
425	410
426	411
427	411
428	412
429	413
430	413
431	413
432	415
433	416
434	416
435	418
436	419
437	419
438	420
439	422
440	423
441	425
442	426
443	429
444	429
445	429
446	430
447	431
448	432
449	432
450	433
451	435
452	435
453	436
454	440
455	440
456	441
457	444
458	444
459	445
460	445
461	445
462	445
463	445
464	445
465	446
466	447
467	448
468	448
469	448
470	449
471	450
472	452
473	454
474	455
475	456
476	457
477	458
478	459
479	459
480	459
481	460
482	461
483	462
484	462
485	463
486	464
487	465
488	465
489	466
490	466
491	467
492	467
493	467
494	470
495	470
496	470
497	471
498	471
499	472
500	472
501	472
502	472
503	472
504	474
505	474
506	476
507	478
508	478
509	480
510	481
511	481
512	481
513	483
514	484
515	485
516	485
517	485
518	487
519	487
520	487
521	487
522	488
523	488
524	489
525	489
526	489
527	492
528	492
529	492
530	492
531	492
532	494
533	494
534	494
535	494
536	494
537	494
538	494
539	497
540	498
541	498
542	499
543	499
544	499
545	500
546	500
547	501
548	504
549	505
550	505
551	506
552	507
553	507
554	507
555	508
556	508
557	508
558	508
559	510
560	510
561	511
562	511
563	511
564	511
565	513
566	513
567	513
568	514
569	514
570	516
571	517
572	517
573	517
574	517
575	517
576	518
577	519
578	519
579	519
580	519
581	519
582	519
583	519
584	519
585	519
586	519
587	520
588	520
589	520
590	520
591	520
592	520
593	520
594	521
595	521
596	521
597	523
598	523
599	523
600	525
601	526
602	527
603	528
604	529
605	529
606	529
607	529
608	531
609	533
610	534
611	534
612	534
613	535
614	535
615	537
616	538
617	539
618	540
619	540
620	540
621	540
622	541
623	542
624	545
625	545
626	546
627	547
628	549
629	550
630	550
631	551
632	551
633	552
634	552
635	553
636	553
637	553
638	554
639	555
640	555
641	556
642	556
643	556
644	556
645	556
646	556
647	556
648	556
649	557
650	558
651	558
652	558
653	561
654	561
655	562
656	563
657	563
658	563
659	564
660	565
661	565
662	567
663	567
664	567
665	567
666	568
667	569
668	570
669	571
670	571
671	571
672	572
673	572
674	573
675	574
676	575
677	575
678	576
679	577
680	577
681	578
682	579
683	579
684	581
685	581
686	582
687	583
688	583
689	583
690	584
691	585
692	585
693	588
694	588
695	589
696	590
697	590
698	591
699	595
700	596
701	596
702	597
703	597
704	599
705	601
706	601
707	601
708	602
709	603
710	604
711	606
712	608
713	609
714	609
715	609
716	610
717	611
718	611
719	613
720	614
721	615
722	616
723	617
724	618
725	618
726	620
727	620
728	621
729	622
730	622
731	622
732	622
733	622
734	622
735	622
736	622
737	623
738	624
739	625
740	626
741	627
742	627
743	627
744	628
745	628
746	629
747	629
748	631
749	632
750	633
751	633
752	634
753	634
754	634
755	634
756	634
757	638
758	639
759	640
760	640
761	640
762	640
763	641
764	642
765	642
766	643
767	645
768	645
769	645
770	645
771	645
772	646
773	646
774	646
775	646
776	646
777	646
778	648
779	650
780	652
781	653
782	655
783	655
784	656
785	656
786	656
787	657
788	658
789	659
790	659
791	659
792	659
793	660
794	660
795	661
796	661
797	662
798	663
799	663
800	663
801	664
802	665
803	665
804	667
805	667
806	667
807	668
808	668
809	670
810	670
811	670
812	670
813	670
814	670
815	670
816	670
817	672
818	672
819	672
820	673
821	673
822	673
823	673
824	673
825	673
826	673
827	674
828	674
829	675
830	675
831	675
832	676
833	676
834	676
835	677
836	678
837	678
838	679
839	680
840	680
841	682
842	682
843	682
844	682
845	682
846	682
847	683
848	683
849	684
850	685
851	686
852	686
853	686
854	687
855	687
856	687
857	688
858	688
859	688
860	688
861	688
862	690
863	691
864	692
865	693
866	693
867	693
868	693
869	693
870	694
871	694
872	694
873	694
874	694
875	694
876	695
877	695
878	696
879	696
880	696
881	697
882	697
883	697
884	697
885	697
886	697
887	697
888	697
889	697
890	698
891	700
892	700
893	700
894	701
895	701
896	701
897	701
898	701
899	701
900	701
901	702
902	703
903	703
904	704
905	704
906	705
907	705
908	705
909	706
910	707
911	707
912	707
913	707
914	708
915	708
916	708
917	708
918	710
919	710
920	711
921	712
922	712
923	713
924	715
925	715
926	717
927	717
928	717
929	717
930	717
931	718
932	718
933	718
934	720
935	722
936	723
937	723
938	723
939	723
940	723
941	723
942	723
943	723
944	723
945	723
946	726
947	726
948	726
949	726
950	727
951	727
952	727
953	727
954	727
955	727
956	728
957	729
958	730
959	730
960	732
961	732
962	732
963	732
964	732
965	733
966	733
967	735
968	736
969	736
970	736
971	737
972	737
973	738
974	738
975	738
976	738
977	739
978	739
979	739
980	739
981	740
982	740
983	740
984	740
985	741
986	741
987	742
988	742
989	744
990	744
991	744
992	744
993	744
994	744
995	744
996	744
997	744
998	747
999	748
1000	748
1001	748
1002	748
1003	748
1004	750
1005	751
1006	751
1007	751
1008	751
1009	751
1010	751
1011	751
1012	751
1013	751
1014	751
1015	751
1016	751
1017	751
1018	751
1019	751
1020	751
1021	751
1022	754
1023	755
1024	755
1025	756
1026	756
1027	757
1028	757
1029	757
1030	757
1031	758
1032	758
1033	758
1034	759
1035	759
1036	761
1037	761
1038	762
1039	762
1040	763
1041	763
1042	763
1043	763
1044	763
1045	763
1046	763
1047	763
1048	764
1049	764
1050	765
1051	765
1052	765
1053	765
1054	765
1055	766
1056	767
1057	767
1058	767
1059	768
1060	768
1061	769
1062	770
1063	772
1064	772
1065	772
1066	772
1067	772
1068	772
1069	772
1070	772
1071	773
1072	773
1073	774
1074	774
1075	774
1076	774
1077	774
1078	775
1079	775
1080	775
1081	776
1082	778
1083	778
1084	778
1085	778
1086	778
1087	778
1088	779
1089	779
1090	779
1091	779
1092	779
1093	779
1094	779
1095	779
1096	780
1097	780
1098	781
1099	782
1100	782
1101	782
1102	782
1103	782
1104	783
1105	783
1106	783
1107	784
1108	784
1109	785
1110	786
1111	786
1112	786
1113	786
1114	786
1115	787
1116	787
1117	788
1118	788
1119	788
1120	788
1121	788
1122	788
1123	788
1124	788
1125	788
1126	788
1127	788
1128	788
1129	788
1130	789
1131	789
1132	789
1133	790
1134	790
1135	790
1136	790
1137	790
1138	790
1139	790
1140	790
1141	790
1142	790
1143	791
1144	791
1145	791
1146	791
1147	791
1148	791
1149	791
1150	791
1151	792
1152	793
1153	793
1154	793
1155	793
1156	793
1157	794
1158	795
1159	795
1160	795
1161	795
1162	796
1163	796
1164	796
1165	796
1166	796
1167	796
1168	796
1169	796
1170	796
1171	796
1172	796
1173	797
1174	797
1175	797
1176	797
1177	797
1178	797
1179	798
1180	798
1181	799
1182	799
1183	799
1184	799
1185	800
1186	800
1187	802
1188	802
1189	803
1190	803
1191	806
1192	806
1193	806
1194	806
1195	806
1196	806
1197	807
1198	807
1199	807
1200	809
1201	809
1202	810
1203	810
1204	810
1205	811
1206	811
1207	811
1208	811
1209	811
1210	811
1211	811
1212	811
1213	811
1214	811
1215	811
1216	811
1217	811
1218	812
1219	812
1220	812
1221	812
1222	812
1223	813
1224	814
1225	814
1226	814
1227	816
1228	816
1229	816
1230	816
1231	816
1232	816
1233	817
1234	818
1235	818
1236	818
1237	818
1238	819
1239	819
1240	819
1241	819
1242	819
1243	819
1244	819
1245	819
1246	819
1247	819
1248	819
1249	819
1250	820
1251	820
1252	820
1253	820
1254	820
1255	820
1256	821
1257	821
1258	821
1259	821
1260	821
1261	821
1262	822
1263	822
1264	822
1265	823
1266	823
1267	823
1268	823
1269	823
1270	824
1271	825
1272	825
1273	825
1274	825
1275	825
1276	825
1277	827
1278	828
1279	828
1280	828
1281	828
1282	828
1283	828
1284	828
1285	828
1286	828
1287	828
1288	828
1289	828
1290	828
1291	829
1292	830
1293	831
1294	831
1295	832
1296	833
1297	834
1298	834
1299	835
1300	835
1301	835
1302	835
1303	836
1304	836
1305	836
1306	836
1307	836
1308	836
1309	836
1310	836
1311	837
1312	837
1313	837
1314	838
1315	838
1316	838
1317	838
1318	838
1319	838
1320	838
1321	838
1322	838
1323	838
1324	838
1325	839
1326	839
1327	839
1328	839
1329	839
1330	840
1331	840
1332	840
1333	840
1334	840
1335	840
1336	842
1337	843
1338	843
1339	843
1340	843
1341	843
1342	844
1343	844
1344	844
1345	845
1346	845
1347	846
1348	846
1349	846
1350	846
1351	846
1352	847
1353	847
1354	847
1355	847
1356	847
1357	847
1358	847
1359	847
1360	847
1361	847
1362	848
1363	849
1364	851
1365	851
1366	851
1367	851
1368	852
1369	852
1370	852
1371	852
1372	852
1373	852
1374	852
1375	852
1376	852
1377	854
1378	854
1379	854
1380	855
1381	855
1382	855
1383	855
1384	855
1385	855
1386	855
1387	855
1388	855
1389	855
1390	855
1391	855
1392	855
1393	855
1394	856
1395	857
1396	857
1397	857
1398	857
1399	858
1400	858
1401	858
1402	858
1403	858
1404	860
1405	860
1406	860
1407	860
1408	860
1409	860
1410	860
1411	860
1412	860
1413	860
1414	860
1415	860
1416	860
1417	860
1418	860
1419	861
1420	861
1421	861
1422	861
1423	861
1424	861
1425	861
1426	862
1427	862
1428	862
1429	862
1430	862
1431	862
1432	862
1433	862
1434	863
1435	863
1436	863
1437	864
1438	864
1439	866
1440	866
1441	866
1442	866
1443	866
1444	866
1445	866
1446	866
1447	867
1448	868
1449	868
1450	869
1451	869
1452	869
1453	870
1454	870
1455	870
1456	871
1457	871
1458	872
1459	872
1460	872
1461	872
1462	872
1463	872
1464	872
1465	872
1466	872
1467	873
1468	873
1469	873
1470	873
1471	873
1472	873
1473	874
1474	874
1475	874
1476	874
1477	874
1478	874
1479	875
1480	875
1481	875
1482	875
1483	875
1484	875
1485	875
1486	875
1487	875
1488	875
1489	875
1490	875
1491	875
1492	875
1493	875
1494	875
1495	876
1496	877
1497	877
1498	878
1499	879
1500	879
1501	879
1502	879
1503	879
1504	879
1505	879
1506	879
1507	879
1508	879
1509	880
1510	880
1511	880
1512	880
1513	880
1514	880
1515	881
1516	881
1517	882
1518	882
1519	882
1520	882
1521	883
1522	883
1523	883
1524	883
1525	883
1526	884
1527	884
1528	884
1529	885
1530	885
1531	886
1532	886
1533	886
1534	886
1535	886
1536	886
1537	886
1538	886
1539	887
1540	887
1541	887
1542	887
1543	887
1544	887
1545	887
1546	887
1547	887
1548	887
1549	887
1550	887
1551	887
1552	888
1553	889
1554	889
1555	889
1556	889
1557	889
1558	889
1559	890
1560	890
1561	891
1562	891
1563	891
1564	892
1565	892
1566	894
1567	894
1568	894
1569	895
1570	895
1571	895
1572	895
1573	896
1574	896
1575	896
1576	897
1577	897
1578	898
1579	898
1580	898
1581	899
1582	899
1583	899
1584	899
1585	900
1586	902
1587	902
1588	902
1589	904
1590	904
1591	904
1592	904
1593	904
1594	904
1595	904
1596	904
1597	905
1598	905
1599	906
1600	906
1601	906
1602	906
1603	906
1604	906
1605	906
1606	907
1607	907
1608	907
1609	908
1610	908
1611	908
1612	908
1613	910
1614	911
1615	911
1616	911
1617	911
1618	911
1619	913
1620	913
1621	913
1622	913
1623	913
1624	913
1625	913
1626	913
1627	913
1628	913
1629	913
1630	913
1631	914
1632	914
1633	914
1634	914
1635	914
1636	914
1637	914
1638	914
1639	914
1640	916
1641	916
1642	917
1643	917
1644	917
1645	917
1646	917
1647	918
1648	918
1649	918
1650	918
1651	918
1652	920
1653	920
1654	920
1655	920
1656	920
1657	920
1658	920
1659	920
1660	920
1661	920
1662	920
1663	920
1664	920
1665	920
1666	920
1667	920
1668	920
1669	920
1670	920
1671	920
1672	920
1673	920
1674	920
1675	920
1676	920
1677	920
1678	921
1679	921
1680	921
1681	921
1682	921
1683	921
1684	921
1685	921
1686	921
1687	921
1688	921
1689	921
1690	921
1691	921
1692	921
1693	922
1694	922
1695	922
1696	924
1697	924
1698	924
1699	924
1700	925
1701	925
1702	925
1703	925
1704	925
1705	925
1706	925
1707	925
1708	925
1709	925
1710	925
1711	925
1712	925
1713	926
1714	926
1715	927
1716	927
1717	927
1718	927
1719	927
1720	928
1721	928
1722	928
1723	930
1724	930
1725	930
1726	931
1727	931
1728	931
1729	931
1730	932
1731	932
1732	932
1733	932
1734	932
1735	932
1736	932
1737	932
1738	932
1739	932
1740	932
1741	932
1742	932
1743	932
1744	932
1745	932
1746	932
1747	932
1748	932
1749	932
1750	933
1751	933
1752	934
1753	934
1754	934
1755	934
1756	934
1757	935
1758	935
1759	935
1760	935
1761	935
1762	935
1763	936
1764	936
1765	936
1766	936
1767	936
1768	936
1769	936
1770	937
1771	937
1772	938
1773	938
1774	938
1775	938
1776	938
1777	938
1778	938
1779	938
1780	938
1781	938
1782	938
1783	938
1784	939
1785	939
1786	939
1787	939
1788	939
1789	939
1790	939
1791	939
1792	940
1793	940
1794	940
1795	940
1796	940
1797	940
1798	940
1799	940
1800	940
1801	941
1802	941
1803	941
1804	941
1805	941
1806	941
1807	941
1808	941
1809	941
1810	941
1811	941
1812	941
1813	941
1814	941
1815	941
1816	941
1817	941
1818	941
1819	941
1820	942
1821	942
1822	942
1823	942
1824	942
1825	942
1826	942
1827	942
1828	942
1829	942
1830	942
1831	942
1832	942
1833	942
1834	942
1835	942
1836	942
1837	942
1838	942
1839	942
1840	942
1841	943
1842	944
1843	944
1844	944
1845	944
1846	946
1847	946
1848	946
1849	946
1850	946
1851	946
1852	946
1853	948
1854	948
1855	948
1856	948
1857	948
1858	948
1859	948
1860	948
1861	948
1862	948
1863	948
1864	948
1865	948
1866	948
1867	948
1868	949
1869	949
1870	949
1871	949
1872	949
1873	949
1874	950
1875	950
1876	950
1877	950
1878	951
1879	951
1880	951
1881	951
1882	951
1883	951
1884	951
1885	952
1886	952
1887	952
1888	952
1889	952
1890	952
1891	952
1892	952
1893	952
1894	953
1895	953
1896	953
1897	953
1898	953
1899	953
1900	953
1901	953
1902	953
1903	953
1904	953
1905	953
1906	953
1907	953
1908	953
1909	953
1910	953
1911	953
1912	953
1913	953
1914	954
1915	954
1916	954
1917	954
1918	954
1919	954
1920	955
1921	955
1922	955
1923	955
1924	955
1925	955
1926	955
1927	955
1928	955
1929	955
1930	955
1931	956
1932	956
1933	956
1934	957
1935	957
1936	957
1937	957
1938	957
1939	957
1940	958
1941	959
1942	959
1943	959
1944	959
1945	959
1946	959
1947	959
1948	959
1949	959
1950	959
1951	959
1952	959
1953	959
1954	960
1955	960
1956	960
1957	960
1958	961
1959	961
1960	961
1961	962
1962	962
1963	962
1964	962
1965	962
1966	963
1967	963
1968	963
1969	963
1970	963
1971	963
1972	963
1973	963
1974	964
1975	964
1976	964
1977	964
1978	964
1979	964
1980	964
1981	964
1982	964
1983	964
1984	964
1985	964
1986	964
1987	964
1988	964
1989	965
1990	965
1991	966
1992	966
1993	966
1994	966
1995	966
1996	966
1997	966
1998	966
1999	966
2000	966
2001	966
2002	966
2003	966
2004	966
2005	966
2006	966
2007	966
2008	966
2009	966
2010	966
2011	966
2012	966
2013	966
2014	967
2015	967
2016	967
2017	967
2018	967
2019	967
2020	967
2021	967
2022	967
2023	968
2024	968
2025	969
2026	969
2027	969
2028	969
2029	971
2030	971
2031	971
2032	971
2033	971
2034	971
2035	971
2036	971
2037	971
2038	971
2039	971
2040	971
2041	971
2042	972
2043	972
2044	972
2045	972
2046	972
2047	972
2048	972
2049	973
2050	973
2051	975
2052	975
2053	975
2054	975
2055	975
2056	976
2057	976
2058	976
2059	976
2060	976
2061	976
2062	976
2063	976
2064	976
2065	976
2066	976
2067	976
2068	976
2069	977
2070	977
2071	977
2072	977
2073	977
2074	977
2075	977
2076	977
2077	978
2078	979
2079	979
2080	979
2081	979
2082	979
2083	979
2084	979
2085	979
2086	979
2087	979
2088	979
2089	979
2090	979
2091	980
2092	980
2093	980
2094	982
2095	982
2096	982
2097	982
2098	982
2099	982
2100	982
2101	982
2102	983
2103	983
2104	984
2105	984
2106	984
2107	984
2108	984
2109	984
2110	984
2111	984
2112	984
2113	984
2114	984
2115	984
2116	984
2117	984
2118	984
2119	984
2120	984
2121	985
2122	986
2123	986
2124	986
2125	986
2126	986
2127	986
2128	986
2129	986
2130	986
2131	986
2132	986
2133	986
2134	986
2135	986
2136	986
2137	986
2138	986
2139	986
2140	986
2141	986
2142	987
2143	987
2144	987
2145	987
2146	987
2147	987
2148	987
2149	987
2150	987
2151	987
2152	987
2153	987
2154	987
2155	987
2156	987
2157	987
2158	987
2159	987
2160	987
2161	988
2162	988
2163	988
2164	988
2165	988
2166	988
2167	988
2168	988
2169	988
2170	988
2171	988
2172	988
2173	988
2174	988
2175	988
2176	988
2177	988
2178	988
2179	989
2180	989
2181	990
2182	990
2183	990
2184	990
2185	990
2186	990
2187	990
2188	990
2189	992
2190	992
2191	992
2192	992
2193	992
2194	992
2195	993
2196	994
2197	994
2198	994
2199	994
2200	994
2201	995
2202	995
2203	995
2204	995
2205	995
2206	995
2207	995
2208	995
2209	995
2210	995
2211	995
2212	996
2213	996
2214	997
2215	997
2216	997
2217	997
2218	997
2219	997
2220	997
2221	997
2222	997
2223	997
2224	997
2225	997
2226	997
2227	997
2228	997
2229	997
2230	998
2231	998
2232	1000
2233	1000
2234	1000
2235	1000
2236	1000
2237	1000
2238	1000
2239	1000
2240	1000
2241	1000
2242	1000
2243	1000
2244	1000
2245	1000
2246	1000
2247	1000
2248	1000
2249	1000
2250	1002
2251	1002
2252	1002
2253	1002
2254	1002
2255	1002
2256	1002
2257	1002
2258	1002
2259	1003
2260	1003
2261	1003
2262	1003
2263	1003
2264	1004
2265	1004
2266	1005
2267	1005
2268	1005
2269	1005
2270	1005
2271	1005
2272	1005
2273	1005
2274	1005
2275	1005
2276	1005
2277	1005
2278	1005
2279	1005
2280	1005
2281	1005
2282	1005
2283	1005
2284	1005
2285	1005
2286	1005
2287	1006
2288	1006
2289	1006
2290	1006
2291	1006
2292	1006
2293	1006
2294	1006
2295	1006
2296	1007
2297	1007
2298	1007
2299	1007
2300	1007
2301	1007
2302	1008
2303	1008
2304	1008
2305	1008
2306	1008
2307	1008
2308	1008
2309	1008
2310	1008
2311	1008
2312	1009
2313	1010
2314	1010
2315	1010
2316	1010
2317	1010
2318	1010
2319	1010
2320	1010
2321	1010
2322	1010
2323	1010
2324	1010
2325	1010
2326	1010
2327	1010
2328	1010
2329	1010
2330	1011
2331	1011
2332	1011
2333	1011
2334	1011
2335	1011
2336	1011
2337	1011
2338	1011
2339	1011
2340	1011
2341	1011
2342	1011
2343	1011
2344	1011
2345	1011
2346	1011
2347	1011
2348	1011
2349	1011
2350	1011
2351	1011
2352	1011
2353	1011
2354	1011
2355	1012
2356	1012
2357	1012
2358	1012
2359	1012
2360	1012
2361	1012
2362	1012
2363	1012
2364	1012
2365	1012
2366	1012
2367	1012
2368	1012
2369	1012
2370	1012
2371	1012
2372	1012
2373	1012
2374	1012
2375	1012
2376	1012
2377	1012
2378	1012
2379	1012
2380	1012
2381	1012
2382	1012
2383	1012
2384	1012
2385	1012
2386	1012
2387	1012
2388	1012
2389	1012
2390	1012
2391	1012
2392	1012
2393	1012
2394	1013
2395	1013
2396	1013
2397	1013
2398	1013
2399	1013
2400	1013
2401	1014
2402	1014
2403	1014
2404	1015
2405	1015
2406	1016
2407	1016
2408	1016
2409	1016
2410	1016
2411	1016
2412	1016
2413	1016
2414	1016
2415	1016
2416	1016
2417	1016
2418	1016
2419	1016
2420	1016
2421	1016
2422	1016
2423	1016
2424	1016
2425	1016
2426	1016
2427	1016
2428	1016
2429	1016
2430	1016
2431	1016
2432	1017
2433	1017
2434	1017
2435	1017
2436	1017
2437	1017
2438	1017
2439	1017
2440	1017
2441	1017
2442	1017
2443	1017
2444	1017
2445	1017
2446	1017
2447	1017
2448	1017
2449	1017
2450	1017
2451	1017
2452	1017
2453	1017
2454	1017
2455	1017
2456	1018
2457	1019
2458	1019
2459	1019
2460	1020
2461	1021
2462	1021
2463	1021
2464	1021
2465	1021
2466	1021
2467	1021
2468	1021
2469	1021
2470	1021
2471	1021
2472	1021
2473	1021
2474	1021
2475	1021
2476	1021
2477	1021
2478	1021
2479	1021
2480	1021
2481	1021
2482	1021
2483	1021
2484	1021
2485	1021
2486	1021
2487	1021
2488	1021
2489	1021
2490	1021
2491	1021
2492	1021
2493	1021
2494	1021
2495	1021
2496	1021
2497	1021
2498	1022
2499	1022
2500	1022
2501	1022
2502	1022
2503	1022
2504	1022
2505	1022
2506	1023
2507	1023
2508	1023
2509	1025
2510	1025
2511	1025
2512	1025
2513	1025
2514	1025
2515	1025
2516	1025
2517	1025
2518	1025
2519	1025
2520	1025
2521	1025
2522	1025
2523	1025
2524	1025
2525	1026
2526	1026
2527	1026
2528	1026
2529	1026
2530	1026
2531	1026
2532	1026
2533	1027
2534	1027
2535	1027
2536	1027
2537	1027
2538	1027
2539	1028
2540	1028
2541	1028
2542	1029
2543	1029
2544	1029
2545	1029
2546	1029
2547	1029
2548	1029
2549	1029
2550	1029
2551	1029
2552	1029
2553	1030
2554	1030
2555	1030
2556	1030
2557	1030
2558	1030
2559	1030
2560	1030
2561	1030
2562	1030
2563	1030
2564	1030
2565	1030
2566	1030
2567	1030
2568	1030
2569	1030
2570	1031
2571	1031
2572	1031
2573	1031
2574	1031
2575	1032
2576	1032
2577	1032
2578	1032
2579	1032
2580	1032
2581	1032
2582	1032
2583	1032
2584	1032
2585	1032
2586	1032
2587	1032
2588	1032
2589	1032
2590	1032
2591	1032
2592	1033
2593	1033
2594	1033
2595	1033
2596	1033
2597	1033
2598	1033
2599	1033
2600	1033
2601	1033
2602	1033
2603	1033
2604	1033
2605	1033
2606	1033
2607	1033
2608	1033
2609	1033
2610	1033
2611	1033
2612	1034
2613	1034
2614	1035
2615	1035
2616	1035
2617	1035
2618	1035
2619	1035
2620	1035
2621	1035
2622	1035
2623	1035
2624	1035
2625	1035
2626	1035
2627	1035
2628	1035
2629	1035
2630	1035
2631	1035
2632	1035
2633	1035
2634	1035
2635	1035
2636	1035
2637	1035
2638	1035
2639	1035
2640	1036
2641	1036
2642	1036
2643	1036
2644	1036
2645	1036
2646	1036
2647	1036
2648	1036
2649	1036
2650	1036
2651	1036
2652	1036
2653	1036
2654	1037
2655	1037
2656	1037
2657	1037
2658	1037
2659	1037
2660	1037
2661	1037
2662	1037
2663	1037
2664	1037
2665	1037
2666	1037
2667	1037
2668	1037
2669	1037
2670	1037
2671	1037
2672	1038
2673	1038
2674	1038
2675	1038
2676	1038
2677	1038
2678	1038
2679	1039
2680	1039
2681	1039
2682	1039
2683	1039
2684	1039
2685	1039
2686	1039
2687	1039
2688	1039
2689	1039
2690	1039
2691	1039
2692	1039
2693	1039
2694	1039
2695	1040
2696	1040
2697	1040
2698	1040
2699	1040
2700	1040
2701	1040
2702	1040
2703	1040
2704	1040
2705	1040
2706	1040
2707	1040
2708	1040
2709	1040
2710	1040
2711	1041
2712	1041
2713	1041
2714	1041
2715	1041
2716	1041
2717	1041
2718	1041
2719	1041
2720	1041
2721	1041
2722	1041
2723	1041
2724	1041
2725	1041
2726	1041
2727	1042
2728	1042
2729	1042
2730	1042
2731	1042
2732	1042
2733	1042
2734	1042
2735	1043
2736	1043
2737	1043
2738	1043
2739	1043
2740	1043
2741	1043
2742	1043
2743	1043
2744	1043
2745	1043
2746	1043
2747	1043
2748	1043
2749	1043
2750	1043
2751	1043
2752	1043
2753	1043
2754	1043
2755	1043
2756	1043
2757	1043
2758	1043
2759	1043
2760	1043
2761	1043
2762	1043
2763	1043
2764	1043
2765	1043
2766	1043
2767	1043
2768	1043
2769	1044
2770	1044
2771	1044
2772	1044
2773	1044
2774	1045
2775	1045
2776	1045
2777	1045
2778	1045
2779	1045
2780	1045
2781	1045
2782	1045
2783	1045
2784	1045
2785	1045
2786	1045
2787	1045
2788	1045
2789	1045
2790	1045
2791	1045
2792	1045
2793	1045
2794	1045
2795	1045
2796	1045
2797	1045
2798	1045
2799	1045
2800	1045
2801	1045
2802	1045
2803	1045
2804	1045
2805	1045
2806	1045
2807	1045
2808	1045
2809	1045
2810	1045
2811	1045
2812	1045
2813	1047
2814	1047
2815	1047
2816	1047
2817	1047
2818	1047
2819	1047
2820	1047
2821	1047
2822	1047
2823	1047
2824	1047
2825	1047
2826	1047
2827	1047
2828	1047
2829	1047
2830	1048
2831	1048
2832	1048
2833	1048
2834	1048
2835	1048
2836	1048
2837	1048
2838	1048
2839	1049
2840	1049
2841	1049
2842	1049
2843	1050
2844	1050
2845	1050
2846	1050
2847	1050
2848	1050
2849	1050
2850	1050
2851	1050
2852	1050
2853	1050
2854	1050
2855	1050
2856	1050
2857	1050
2858	1050
2859	1050
2860	1050
2861	1051
2862	1051
2863	1052
2864	1052
2865	1052
2866	1052
2867	1052
2868	1052
2869	1052
2870	1052
2871	1052
2872	1052
2873	1053
2874	1053
2875	1054
2876	1054
2877	1054
2878	1054
2879	1054
2880	1054
2881	1054
2882	1054
2883	1054
2884	1054
2885	1054
2886	1054
2887	1054
2888	1054
2889	1054
2890	1055
2891	1055
2892	1055
2893	1055
2894	1055
2895	1055
2896	1055
2897	1055
2898	1055
2899	1055
2900	1055
2901	1055
2902	1055
2903	1055
2904	1055
2905	1055
2906	1055
2907	1055
2908	1055
2909	1055
2910	1055
2911	1055
2912	1055
2913	1055
2914	1055
2915	1055
2916	1055
2917	1055
2918	1055
2919	1055
2920	1055
2921	1055
2922	1056
2923	1056
2924	1056
2925	1056
2926	1056
2927	1056
2928	1056
2929	1056
2930	1056
2931	1056
2932	1056
2933	1056
2934	1056
2935	1056
2936	1056
2937	1056
2938	1056
2939	1056
2940	1056
2941	1056
2942	1056
2943	1056
2944	1056
2945	1057
2946	1057
2947	1057
2948	1057
2949	1057
2950	1057
2951	1057
2952	1057
2953	1057
2954	1057
2955	1057
2956	1057
2957	1057
2958	1057
2959	1057
2960	1057
2961	1057
2962	1057
2963	1057
2964	1057
2965	1057
2966	1057
2967	1057
2968	1057
2969	1057
2970	1057
2971	1058
2972	1058
2973	1058
2974	1058
2975	1058
2976	1058
2977	1058
2978	1058
2979	1058
2980	1059
2981	1059
2982	1059
2983	1059
2984	1059
2985	1059
2986	1059
2987	1059
2988	1059
2989	1059
2990	1059
2991	1059
2992	1059
2993	1059
2994	1059
2995	1059
2996	1059
2997	1059
2998	1059
2999	1059
3000	1059
3001	1059
3002	1059
3003	1059
3004	1059
3005	1059
3006	1059
3007	1059
3008	1059
3009	1059
3010	1059
3011	1059
3012	1059
3013	1059
3014	1059
3015	1059
3016	1059
3017	1059
3018	1059
3019	1059
3020	1059
3021	1059
3022	1060
3023	1060
3024	1060
3025	1060
3026	1060
3027	1060
3028	1060
3029	1060
3030	1061
3031	1061
3032	1061
3033	1061
3034	1061
3035	1061
3036	1061
3037	1061
3038	1061
3039	1061
3040	1061
3041	1061
3042	1061
3043	1061
3044	1061
3045	1061
3046	1061
3047	1061
3048	1061
3049	1061
3050	1061
3051	1061
3052	1061
3053	1061
3054	1061
3055	1061
3056	1061
3057	1061
3058	1061
3059	1061
3060	1061
3061	1061
3062	1061
3063	1061
3064	1061
3065	1061
3066	1062
3067	1062
3068	1062
3069	1062
3070	1062
3071	1062
3072	1062
3073	1062
3074	1062
3075	1062
3076	1062
3077	1062
3078	1062
3079	1062
3080	1062
3081	1062
3082	1062
3083	1062
3084	1062
3085	1062
3086	1062
3087	1062
3088	1062
3089	1062
3090	1062
3091	1062
3092	1062
3093	1062
3094	1062
3095	1062
3096	1062
3097	1062
3098	1062
3099	1062
3100	1062
3101	1062
3102	1062
3103	1062
3104	1062
3105	1062
3106	1062
3107	1062
3108	1062
3109	1062
3110	1063
3111	1063
3112	1063
3113	1063
3114	1063
3115	1063
3116	1064
3117	1064
3118	1064
3119	1064
3120	1064
3121	1064
3122	1064
3123	1064
3124	1064
3125	1064
3126	1065
3127	1065
3128	1065
3129	1065
3130	1065
3131	1065
3132	1065
3133	1065
3134	1065
3135	1065
3136	1065
3137	1065
3138	1065
3139	1065
3140	1065
3141	1066
3142	1067
3143	1067
3144	1067
3145	1067
3146	1067
3147	1067
3148	1067
3149	1067
3150	1067
3151	1067
3152	1067
3153	1067
3154	1067
3155	1067
3156	1067
3157	1068
3158	1068
3159	1068
3160	1068
3161	1068
3162	1068
3163	1068
3164	1068
3165	1068
3166	1068
3167	1068
3168	1069
3169	1069
3170	1069
3171	1069
3172	1069
3173	1069
3174	1069
3175	1069
3176	1069
3177	1069
3178	1069
3179	1069
3180	1069
3181	1069
3182	1069
3183	1069
3184	1069
3185	1069
3186	1069
3187	1069
3188	1069
3189	1069
3190	1069
3191	1069
3192	1069
3193	1069
3194	1070
3195	1070
3196	1070
3197	1070
3198	1070
3199	1070
3200	1070
3201	1070
3202	1070
3203	1070
3204	1070
3205	1070
3206	1070
3207	1070
3208	1070
3209	1070
3210	1071
3211	1071
3212	1071
3213	1071
3214	1071
3215	1071
3216	1071
3217	1071
3218	1071
3219	1071
3220	1071
3221	1071
3222	1071
3223	1071
3224	1071
3225	1071
3226	1071
3227	1071
3228	1071
3229	1071
3230	1071
3231	1072
3232	1072
3233	1072
3234	1072
3235	1072
3236	1072
3237	1072
3238	1072
3239	1072
3240	1072
3241	1073
3242	1073
3243	1073
3244	1073
3245	1073
3246	1073
3247	1073
3248	1073
3249	1073
3250	1073
3251	1073
3252	1073
3253	1073
3254	1073
3255	1073
3256	1073
3257	1073
3258	1073
3259	1073
3260	1073
3261	1073
3262	1073
3263	1073
3264	1073
3265	1073
3266	1073
3267	1073
3268	1073
3269	1073
3270	1073
3271	1073
3272	1073
3273	1073
3274	1073
3275	1073
3276	1073
3277	1073
3278	1073
3279	1073
3280	1073
3281	1073
3282	1073
3283	1073
3284	1073
3285	1073
3286	1073
3287	1073
3288	1073
3289	1073
3290	1073
3291	1073
3292	1073
3293	1073
3294	1073
3295	1074
3296	1074
3297	1074
3298	1074
3299	1074
3300	1074
3301	1074
3302	1074
3303	1074
3304	1074
3305	1074
3306	1074
3307	1074
3308	1074
3309	1074
3310	1074
3311	1074
3312	1074
3313	1074
3314	1074
3315	1074
3316	1074
3317	1074
3318	1074
3319	1074
3320	1074
3321	1074
3322	1074
3323	1075
3324	1075
3325	1075
3326	1075
3327	1075
3328	1075
3329	1076
3330	1076
3331	1076
3332	1076
3333	1076
3334	1076
3335	1076
3336	1076
3337	1076
3338	1076
3339	1076
3340	1076
3341	1076
3342	1076
3343	1076
3344	1076
3345	1076
3346	1076
3347	1076
3348	1076
3349	1076
3350	1076
3351	1076
3352	1076
3353	1076
3354	1077
3355	1077
3356	1077
3357	1077
3358	1077
3359	1077
3360	1077
3361	1077
3362	1077
3363	1077
3364	1077
3365	1078
3366	1078
3367	1078
3368	1078
3369	1078
3370	1078
3371	1078
3372	1078
3373	1078
3374	1078
3375	1078
3376	1078
3377	1078
3378	1078
3379	1078
3380	1078
3381	1079
3382	1079
3383	1079
3384	1079
3385	1079
3386	1079
3387	1079
3388	1079
3389	1079
3390	1079
3391	1079
3392	1079
3393	1079
3394	1079
3395	1079
3396	1079
3397	1079
3398	1079
3399	1079
3400	1079
3401	1079
3402	1079
3403	1079
3404	1079
3405	1079
3406	1079
3407	1079
3408	1079
3409	1079
3410	1079
3411	1079
3412	1079
3413	1079
3414	1079
3415	1079
3416	1079
3417	1079
3418	1079
3419	1079
3420	1079
3421	1079
3422	1079
3423	1079
3424	1079
3425	1079
3426	1079
3427	1079
3428	1079
3429	1079
3430	1079
3431	1079
3432	1079
3433	1079
3434	1079
3435	1079
3436	1079
3437	1079
3438	1079
3439	1079
3440	1079
3441	1079
3442	1079
3443	1079
3444	1079
3445	1079
3446	1079
3447	1079
3448	1079
3449	1079
3450	1079
3451	1079
3452	1079
3453	1079
3454	1079
3455	1079
3456	1079
3457	1079
3458	1079
3459	1079
3460	1079
3461	1079
3462	1079
3463	1079
3464	1079
3465	1080
3466	1080
3467	1080
3468	1080
3469	1081
3470	1081
3471	1081
3472	1081
3473	1081
3474	1081
3475	1081
3476	1081
3477	1081
3478	1081
3479	1081
3480	1081
3481	1082
3482	1082
3483	1082
3484	1082
3485	1082
3486	1082
3487	1082
3488	1082
3489	1082
3490	1082
3491	1082
3492	1082
3493	1082
3494	1082
3495	1082
3496	1082
3497	1082
3498	1082
3499	1082
3500	1082
3501	1082
3502	1082
3503	1082
3504	1082
3505	1082
3506	1082
3507	1082
3508	1082
3509	1082
3510	1082
3511	1082
3512	1082
3513	1082
3514	1082
3515	1082
3516	1082
3517	1082
3518	1082
3519	1082
3520	1082
3521	1082
3522	1082
3523	1082
3524	1082
3525	1082
3526	1082
3527	1082
3528	1082
3529	1082
3530	1082
3531	1082
3532	1082
3533	1082
3534	1082
3535	1082
3536	1082
3537	1082
3538	1082
3539	1082
3540	1082
3541	1082
3542	1082
3543	1082
3544	1082
3545	1083
3546	1083
3547	1083
3548	1083
3549	1083
3550	1083
3551	1083
3552	1083
3553	1083
3554	1083
3555	1083
3556	1083
3557	1083
3558	1083
3559	1083
3560	1083
3561	1083
3562	1083
3563	1084
3564	1084
3565	1084
3566	1084
3567	1084
3568	1084
3569	1084
3570	1084
3571	1084
3572	1084
3573	1084
3574	1084
3575	1084
3576	1084
3577	1084
3578	1084
3579	1084
3580	1084
3581	1084
3582	1084
3583	1084
3584	1084
3585	1084
3586	1084
3587	1084
3588	1084
3589	1084
3590	1084
3591	1084
3592	1084
3593	1084
3594	1084
3595	1085
3596	1085
3597	1085
3598	1085
3599	1086
3600	1086
3601	1086
3602	1086
3603	1086
3604	1086
3605	1087
3606	1087
3607	1087
3608	1087
3609	1087
3610	1087
3611	1087
3612	1087
3613	1087
3614	1087
3615	1087
3616	1087
3617	1087
3618	1087
3619	1087
3620	1087
3621	1087
3622	1087
3623	1087
3624	1087
3625	1087
3626	1087
3627	1087
3628	1088
3629	1088
3630	1088
3631	1088
3632	1088
3633	1088
3634	1088
3635	1088
3636	1088
3637	1088
3638	1088
3639	1088
3640	1088
3641	1088
3642	1089
3643	1089
3644	1089
3645	1089
3646	1089
3647	1089
3648	1089
3649	1089
3650	1089
3651	1089
3652	1089
3653	1089
3654	1089
3655	1089
3656	1090
3657	1090
3658	1090
3659	1090
3660	1090
3661	1090
3662	1090
3663	1090
3664	1090
3665	1091
3666	1091
3667	1091
3668	1091
3669	1091
3670	1091
3671	1091
3672	1091
3673	1091
3674	1091
3675	1091
3676	1091
3677	1091
3678	1091
3679	1091
3680	1091
3681	1091
3682	1091
3683	1091
3684	1091
3685	1091
3686	1091
3687	1091
3688	1091
3689	1091
3690	1091
3691	1091
3692	1091
3693	1091
3694	1091
3695	1091
3696	1091
3697	1091
3698	1091
3699	1091
3700	1091
3701	1091
3702	1091
3703	1091
3704	1091
3705	1091
3706	1091
3707	1091
3708	1091
3709	1091
3710	1091
3711	1092
3712	1092
3713	1092
3714	1092
3715	1092
3716	1092
3717	1092
3718	1092
3719	1092
3720	1092
3721	1092
3722	1092
3723	1092
3724	1092
3725	1092
3726	1092
3727	1092
3728	1092
3729	1092
3730	1092
3731	1092
3732	1092
3733	1092
3734	1092
3735	1092
3736	1092
3737	1092
3738	1092
3739	1092
3740	1092
3741	1092
3742	1092
3743	1092
3744	1092
3745	1092
3746	1092
3747	1092
3748	1092
3749	1092
3750	1092
3751	1092
3752	1092
3753	1092
3754	1092
3755	1092
3756	1092
3757	1092
3758	1092
3759	1092
3760	1092
3761	1092
3762	1092
3763	1092
3764	1092
3765	1092
3766	1092
3767	1092
3768	1092
3769	1092
3770	1092
3771	1092
3772	1092
3773	1092
3774	1092
3775	1092
3776	1092
3777	1092
3778	1092
3779	1092
3780	1092
3781	1092
3782	1092
3783	1093
3784	1093
3785	1093
3786	1093
3787	1093
3788	1093
3789	1093
3790	1093
3791	1093
3792	1093
3793	1093
3794	1093
3795	1093
3796	1093
3797	1093
3798	1093
3799	1093
3800	1093
3801	1093
3802	1093
3803	1093
3804	1093
3805	1093
3806	1093
3807	1093
3808	1093
3809	1093
3810	1093
3811	1093
3812	1093
3813	1093
3814	1093
3815	1093
3816	1093
3817	1094
3818	1094
3819	1094
3820	1094
3821	1094
3822	1094
3823	1094
3824	1094
3825	1094
3826	1094
3827	1094
3828	1094
3829	1094
3830	1094
3831	1094
3832	1094
3833	1096
3834	1097
3835	1097
3836	1097
3837	1097
3838	1097
3839	1097
3840	1097
3841	1097
3842	1097
3843	1097
3844	1097
3845	1097
3846	1097
3847	1097
3848	1097
3849	1097
3850	1097
3851	1097
3852	1097
3853	1097
3854	1097
3855	1097
3856	1097
3857	1097
3858	1097
3859	1097
3860	1097
3861	1097
3862	1097
3863	1097
3864	1097
3865	1097
3866	1097
3867	1097
3868	1097
3869	1097
3870	1097
3871	1097
3872	1097
3873	1097
3874	1097
3875	1097
3876	1097
3877	1097
3878	1097
3879	1097
3880	1097
3881	1097
3882	1097
3883	1097
3884	1097
3885	1097
3886	1097
3887	1097
3888	1097
3889	1097
3890	1097
3891	1097
3892	1097
3893	1097
3894	1097
3895	1097
3896	1097
3897	1097
3898	1097
3899	1097
3900	1097
3901	1097
3902	1097
3903	1097
3904	1097
3905	1097
3906	1097
3907	1097
3908	1097
3909	1097
3910	1097
3911	1097
3912	1097
3913	1097
3914	1097
3915	1097
3916	1097
3917	1097
3918	1097
3919	1097
3920	1097
3921	1097
3922	1097
3923	1098
3924	1098
3925	1098
3926	1098
3927	1098
3928	1098
3929	1098
3930	1098
3931	1098
3932	1098
3933	1098
3934	1098
3935	1098
3936	1098
3937	1098
3938	1098
3939	1098
3940	1098
3941	1098
3942	1098
3943	1099
3944	1099
3945	1099
3946	1099
3947	1099
3948	1099
3949	1099
3950	1099
3951	1099
3952	1099
3953	1099
3954	1099
3955	1099
3956	1099
3957	1099
3958	1099
3959	1099
3960	1099
3961	1099
3962	1099
3963	1099
3964	1099
3965	1099
3966	1099
3967	1099
3968	1099
3969	1099
3970	1099
3971	1099
3972	1099
3973	1099
3974	1099
3975	1100
3976	1101
3977	1101
3978	1101
3979	1101
3980	1101
3981	1101
3982	1101
3983	1101
3984	1101
3985	1101
3986	1101
3987	1101
3988	1101
3989	1101
3990	1101
3991	1101
3992	1101
3993	1101
3994	1101
3995	1101
3996	1101
3997	1101
3998	1101
3999	1101
4000	1101
4001	1101
4002	1101
4003	1101
4004	1101
4005	1101
4006	1101
4007	1101
4008	1101
4009	1101
4010	1101
4011	1101
4012	1101
4013	1101
4014	1101
4015	1101
4016	1102
4017	1102
4018	1102
4019	1102
4020	1102
4021	1102
4022	1102
4023	1102
4024	1102
4025	1102
4026	1102
4027	1102
4028	1102
4029	1102
4030	1102
4031	1102
4032	1102
4033	1102
4034	1102
4035	1103
4036	1103
4037	1103
4038	1103
4039	1103
4040	1103
4041	1103
4042	1103
4043	1103
4044	1103
4045	1103
4046	1103
4047	1103
4048	1103
4049	1104
4050	1104
4051	1104
4052	1104
4053	1104
4054	1104
4055	1104
4056	1104
4057	1104
4058	1104
4059	1104
4060	1105
4061	1105
4062	1105
4063	1105
4064	1105
4065	1105
4066	1105
4067	1105
4068	1105
4069	1105
4070	1106
4071	1106
4072	1106
4073	1106
4074	1106
4075	1106
4076	1106
4077	1106
4078	1106
4079	1106
4080	1106
4081	1106
4082	1106
4083	1106
4084	1106
4085	1106
4086	1106
4087	1106
4088	1106
4089	1106
4090	1106
4091	1106
4092	1107
4093	1107
4094	1107
4095	1107
4096	1107
4097	1107
4098	1107
4099	1107
4100	1107
4101	1107
4102	1107
4103	1107
4104	1107
4105	1107
4106	1107
4107	1107
4108	1107
4109	1107
4110	1107
4111	1107
4112	1107
4113	1108
4114	1108
4115	1108
4116	1108
4117	1109
4118	1110
4119	1110
4120	1110
4121	1110
4122	1110
4123	1110
4124	1110
4125	1110
4126	1110
4127	1110
4128	1110
4129	1110
4130	1111
4131	1111
4132	1112
4133	1112
4134	1112
4135	1112
4136	1112
4137	1112
4138	1112
4139	1112
4140	1112
4141	1112
4142	1112
4143	1112
4144	1112
4145	1112
4146	1112
4147	1112
4148	1112
4149	1112
4150	1112
4151	1112
4152	1114
4153	1114
4154	1114
4155	1114
4156	1114
4157	1114
4158	1114
4159	1114
4160	1114
4161	1114
4162	1114
4163	1114
4164	1114
4165	1114
4166	1114
4167	1114
4168	1114
4169	1114
4170	1114
4171	1114
4172	1114
4173	1114
4174	1114
4175	1114
4176	1114
4177	1114
4178	1114
4179	1114
4180	1114
4181	1114
4182	1114
4183	1114
4184	1114
4185	1114
4186	1114
4187	1114
4188	1114
4189	1114
4190	1114
4191	1114
4192	1114
4193	1114
4194	1114
4195	1114
4196	1114
4197	1114
4198	1114
4199	1114
4200	1115
4201	1115
4202	1115
4203	1115
4204	1115
4205	1115
4206	1115
4207	1115
4208	1115
4209	1115
4210	1115
4211	1115
4212	1115
4213	1115
4214	1115
4215	1115
4216	1115
4217	1116
4218	1116
4219	1116
4220	1116
4221	1116
4222	1116
4223	1116
4224	1116
4225	1116
4226	1116
4227	1116
4228	1116
4229	1116
4230	1116
4231	1117
4232	1117
4233	1117
4234	1117
4235	1117
4236	1117
4237	1117
4238	1117
4239	1117
4240	1117
4241	1117
4242	1117
4243	1117
4244	1117
4245	1117
4246	1117
4247	1117
4248	1117
4249	1117
4250	1117
4251	1117
4252	1117
4253	1117
4254	1117
4255	1117
4256	1117
4257	1117
4258	1117
4259	1117
4260	1117
4261	1117
4262	1117
4263	1117
4264	1117
4265	1117
4266	1117
4267	1117
4268	1117
4269	1117
4270	1117
4271	1117
4272	1117
4273	1117
4274	1117
4275	1117
4276	1117
4277	1117
4278	1117
4279	1117
4280	1117
4281	1117
4282	1117
4283	1117
4284	1117
4285	1117
4286	1117
4287	1117
4288	1117
4289	1117
4290	1117
4291	1117
4292	1117
4293	1117
4294	1117
4295	1117
4296	1117
4297	1117
4298	1117
4299	1117
4300	1117
4301	1117
4302	1117
4303	1117
4304	1117
4305	1117
4306	1117
4307	1118
4308	1118
4309	1118
4310	1118
4311	1118
4312	1118
4313	1118
4314	1118
4315	1118
4316	1118
4317	1118
4318	1118
4319	1118
4320	1118
4321	1118
4322	1118
4323	1118
4324	1118
4325	1118
4326	1118
4327	1118
4328	1118
4329	1118
4330	1118
4331	1118
4332	1118
4333	1118
4334	1118
4335	1118
4336	1118
4337	1118
4338	1118
4339	1118
4340	1118
4341	1118
4342	1118
4343	1118
4344	1118
4345	1118
4346	1118
4347	1118
4348	1118
4349	1118
4350	1118
4351	1118
4352	1118
4353	1118
4354	1119
4355	1119
4356	1119
4357	1119
4358	1119
4359	1119
4360	1119
4361	1119
4362	1119
4363	1119
4364	1119
4365	1119
4366	1119
4367	1119
4368	1119
4369	1119
4370	1119
4371	1119
4372	1119
4373	1119
4374	1119
4375	1119
4376	1119
4377	1119
4378	1119
4379	1119
4380	1119
4381	1119
4382	1119
4383	1119
4384	1119
4385	1119
4386	1119
4387	1119
4388	1119
4389	1119
4390	1119
4391	1119
4392	1119
4393	1120
4394	1120
4395	1121
4396	1121
4397	1121
4398	1121
4399	1121
4400	1121
4401	1121
4402	1121
4403	1121
4404	1121
4405	1121
4406	1121
4407	1121
4408	1121
4409	1121
4410	1121
4411	1121
4412	1121
4413	1121
4414	1121
4415	1121
4416	1121
4417	1121
4418	1121
4419	1121
4420	1121
4421	1121
4422	1121
4423	1121
4424	1121
4425	1121
4426	1121
4427	1121
4428	1121
4429	1121
4430	1121
4431	1121
4432	1121
4433	1121
4434	1121
4435	1121
4436	1121
4437	1121
4438	1122
4439	1122
4440	1122
4441	1122
4442	1122
4443	1122
4444	1123
4445	1123
4446	1123
4447	1123
4448	1123
4449	1123
4450	1123
4451	1123
4452	1123
4453	1123
4454	1123
4455	1123
4456	1123
4457	1123
4458	1123
4459	1123
4460	1123
4461	1123
4462	1123
4463	1123
4464	1123
4465	1123
4466	1123
4467	1123
4468	1123
4469	1123
4470	1123
4471	1123
4472	1123
4473	1123
4474	1123
4475	1123
4476	1123
4477	1123
4478	1123
4479	1123
4480	1123
4481	1123
4482	1123
4483	1123
4484	1123
4485	1123
4486	1123
4487	1123
4488	1123
4489	1123
4490	1123
4491	1123
4492	1123
4493	1123
4494	1123
4495	1123
4496	1123
4497	1123
4498	1123
4499	1123
4500	1123
4501	1123
4502	1123
4503	1123
4504	1123
4505	1123
4506	1123
4507	1123
4508	1123
4509	1123
4510	1123
4511	1123
4512	1124
4513	1124
4514	1124
4515	1124
4516	1124
4517	1124
4518	1124
4519	1124
4520	1124
4521	1124
4522	1124
4523	1124
4524	1124
4525	1124
4526	1124
4527	1124
4528	1124
4529	1124
4530	1124
4531	1124
4532	1124
4533	1124
4534	1124
4535	1124
4536	1124
4537	1125
4538	1125
4539	1125
4540	1125
4541	1125
4542	1125
4543	1125
4544	1125
4545	1125
4546	1125
4547	1125
4548	1125
4549	1125
4550	1125
4551	1126
4552	1126
4553	1126
4554	1126
4555	1126
4556	1126
4557	1126
4558	1126
4559	1126
4560	1126
4561	1126
4562	1126
4563	1126
4564	1126
4565	1126
4566	1126
4567	1126
4568	1127
4569	1127
4570	1127
4571	1128
4572	1128
4573	1128
4574	1128
4575	1128
4576	1128
4577	1128
4578	1128
4579	1128
4580	1128
4581	1128
4582	1128
4583	1128
4584	1128
4585	1128
4586	1128
4587	1128
4588	1128
4589	1128
4590	1128
4591	1128
4592	1128
4593	1128
4594	1128
4595	1128
4596	1128
4597	1128
4598	1128
4599	1128
4600	1128
4601	1128
4602	1128
4603	1128
4604	1128
4605	1128
4606	1128
4607	1128
4608	1128
4609	1128
4610	1128
4611	1128
4612	1128
4613	1128
4614	1128
4615	1128
4616	1128
4617	1128
4618	1128
4619	1128
4620	1128
4621	1128
4622	1128
4623	1128
4624	1128
4625	1128
4626	1128
4627	1128
4628	1128
4629	1128
4630	1128
4631	1128
4632	1128
4633	1128
4634	1128
4635	1128
4636	1128
4637	1128
4638	1128
4639	1128
4640	1128
4641	1128
4642	1128
4643	1128
4644	1128
4645	1128
4646	1128
4647	1128
4648	1128
4649	1128
4650	1128
4651	1128
4652	1128
4653	1128
4654	1128
4655	1128
4656	1128
4657	1128
4658	1128
4659	1128
4660	1128
4661	1128
4662	1128
4663	1128
4664	1128
4665	1128
4666	1128
4667	1128
4668	1128
4669	1128
4670	1128
4671	1128
4672	1128
4673	1128
4674	1128
4675	1128
4676	1128
4677	1128
4678	1128
4679	1128
4680	1128
4681	1128
4682	1128
4683	1128
4684	1128
4685	1128
4686	1128
4687	1128
4688	1128
4689	1128
4690	1128
4691	1128
4692	1128
4693	1128
4694	1128
4695	1128
4696	1129
4697	1129
4698	1129
4699	1129
4700	1129
4701	1129
4702	1129
4703	1129
4704	1129
4705	1129
4706	1129
4707	1129
4708	1129
4709	1129
4710	1129
4711	1129
4712	1129
4713	1129
4714	1129
4715	1129
4716	1129
4717	1129
4718	1129
4719	1129
4720	1129
4721	1129
4722	1129
4723	1129
4724	1129
4725	1129
4726	1129
4727	1130
4728	1130
4729	1130
4730	1130
4731	1130
4732	1130
4733	1130
4734	1130
4735	1130
4736	1130
4737	1130
4738	1130
4739	1130
4740	1130
4741	1130
4742	1130
4743	1130
4744	1130
4745	1130
4746	1130
4747	1131
4748	1131
4749	1131
4750	1131
4751	1131
4752	1131
4753	1131
4754	1131
4755	1131
4756	1131
4757	1131
4758	1131
4759	1131
4760	1131
4761	1131
4762	1131
4763	1131
4764	1131
4765	1131
4766	1131
4767	1131
4768	1131
4769	1131
4770	1131
4771	1131
4772	1131
4773	1131
4774	1131
4775	1131
4776	1131
4777	1131
4778	1131
4779	1131
4780	1131
4781	1131
4782	1131
4783	1131
4784	1131
4785	1131
4786	1131
4787	1131
4788	1131
4789	1131
4790	1131
4791	1131
4792	1131
4793	1131
4794	1131
4795	1131
4796	1131
4797	1131
4798	1131
4799	1131
4800	1131
4801	1131
4802	1131
4803	1131
4804	1131
4805	1131
4806	1131
4807	1131
4808	1131
4809	1131
4810	1132
4811	1132
4812	1132
4813	1132
4814	1132
4815	1132
4816	1132
4817	1132
4818	1132
4819	1132
4820	1132
4821	1132
4822	1132
4823	1132
4824	1132
4825	1132
4826	1132
4827	1132
4828	1132
4829	1132
4830	1132
4831	1132
4832	1132
4833	1132
4834	1132
4835	1132
4836	1132
4837	1132
4838	1132
4839	1132
4840	1132
4841	1132
4842	1132
4843	1132
4844	1132
4845	1132
4846	1132
4847	1132
4848	1132
4849	1132
4850	1132
4851	1132
4852	1132
4853	1132
4854	1132
4855	1132
4856	1132
4857	1132
4858	1132
4859	1132
4860	1132
4861	1132
4862	1132
4863	1132
4864	1132
4865	1132
4866	1132
4867	1132
4868	1132
4869	1132
4870	1132
4871	1132
4872	1132
4873	1132
4874	1132
4875	1132
4876	1132
4877	1132
4878	1132
4879	1132
4880	1132
4881	1132
4882	1132
4883	1132
4884	1132
4885	1132
4886	1132
4887	1132
4888	1132
4889	1132
4890	1132
4891	1132
4892	1132
4893	1132
4894	1132
4895	1132
4896	1132
4897	1132
4898	1132
4899	1132
4900	1132
4901	1133
4902	1133
4903	1133
4904	1133
4905	1133
4906	1133
4907	1133
4908	1133
4909	1133
4910	1133
4911	1133
4912	1133
4913	1133
4914	1133
4915	1133
4916	1133
4917	1133
4918	1133
4919	1133
4920	1133
4921	1133
4922	1133
4923	1133
4924	1133
4925	1133
4926	1133
4927	1133
4928	1133
4929	1133
4930	1133
4931	1133
4932	1133
4933	1133
4934	1133
4935	1133
4936	1133
4937	1133
4938	1133
4939	1133
4940	1133
4941	1133
4942	1133
4943	1133
4944	1133
4945	1133
4946	1133
4947	1133
4948	1133
4949	1133
4950	1133
4951	1133
4952	1133
4953	1133
4954	1133
4955	1133
4956	1133
4957	1133
4958	1133
4959	1133
4960	1133
4961	1133
4962	1133
4963	1133
4964	1133
4965	1133
4966	1133
4967	1133
4968	1133
4969	1133
4970	1133
4971	1133
4972	1133
4973	1133
4974	1133
4975	1133
4976	1133
4977	1133
4978	1133
4979	1133
4980	1133
4981	1133
4982	1133
4983	1133
4984	1133
4985	1133
4986	1133
4987	1133
4988	1133
4989	1133
4990	1133
4991	1133
4992	1133
4993	1133
4994	1133
4995	1133
4996	1133
4997	1133
4998	1133
4999	1133

