0	0
1	0
2	0
3	0
4	0
5	0
6	0
7	0
8	0
9	0
10	0
11	0
12	0
13	0
14	0
15	0
16	0
17	0
18	0
19	0
20	0
21	0
22	0
23	0
24	0
25	0
26	0
27	0
28	0
29	0
30	0
31	0
32	0
33	0
34	0
35	0
36	0
37	0
38	0
39	0
40	0
41	0
42	0
43	0
44	0
45	0
46	0
47	0
48	0
49	0
50	0
51	0
52	0
53	0
54	0
55	0
56	0
57	0
58	0
59	0
60	0
61	0
62	0
63	0
64	0
65	0
66	0
67	0
68	0
69	0
70	0
71	0
72	0
73	0
74	0
75	0
76	0
77	0
78	0
79	0
80	0
81	0
82	0
83	0
84	0
85	0
86	0
87	0
88	0
89	0
90	0
91	0
92	1
93	1
94	1
95	1
96	1
97	1
98	2
99	4
100	4
101	4
102	4
103	6
104	6
105	7
106	7
107	7
108	7
109	9
110	9
111	10
112	10
113	10
114	10
115	10
116	10
117	11
118	11
119	11
120	11
121	12
122	12
123	13
124	16
125	17
126	18
127	20
128	21
129	23
130	24
131	25
132	26
133	26
134	28
135	28
136	28
137	28
138	29
139	29
140	31
141	32
142	33
143	35
144	35
145	36
146	38
147	38
148	41
149	42
150	44
151	46
152	48
153	48
154	52
155	52
156	52
157	53
158	53
159	53
160	53
161	57
162	59
163	59
164	65
165	65
166	66
167	68
168	70
169	73
170	73
171	74
172	77
173	77
174	80
175	82
176	87
177	90
178	95
179	97
180	99
181	100
182	102
183	104
184	104
185	105
186	105
187	108
188	111
189	111
190	111
191	113
192	116
193	116
194	116
195	116
196	119
197	119
198	122
199	123
200	123
201	125
202	127
203	129
204	129
205	131
206	132
207	132
208	133
209	134
210	137
211	140
212	144
213	145
214	147
215	149
216	151
217	154
218	155
219	157
220	160
221	160
222	162
223	164
224	165
225	166
226	168
227	169
228	170
229	174
230	174
231	175
232	178
233	183
234	184
235	184
236	188
237	189
238	191
239	191
240	192
241	194
242	200
243	201
244	201
245	203
246	204
247	205
248	208
249	209
250	213
251	215
252	216
253	216
254	216
255	218
256	219
257	221
258	222
259	223
260	224
261	224
262	225
263	227
264	228
265	228
266	229
267	231
268	231
269	231
270	233
271	236
272	238
273	242
274	243
275	245
276	246
277	247
278	248
279	249
280	249
281	251
282	254
283	254
284	256
285	258
286	260
287	260
288	260
289	262
290	265
291	267
292	269
293	271
294	272
295	274
296	275
297	275
298	275
299	277
300	277
301	278
302	281
303	283
304	283
305	283
306	286
307	288
308	289
309	289
310	289
311	290
312	291
313	291
314	294
315	296
316	296
317	297
318	298
319	299
320	300
321	301
322	303
323	304
324	304
325	305
326	309
327	309
328	310
329	311
330	311
331	312
332	312
333	313
334	313
335	314
336	314
337	314
338	316
339	316
340	319
341	320
342	321
343	322
344	322
345	322
346	323
347	323
348	325
349	326
350	329
351	330
352	330
353	330
354	332
355	333
356	335
357	335
358	335
359	338
360	340
361	341
362	343
363	343
364	345
365	348
366	348
367	350
368	352
369	352
370	352
371	355
372	355
373	355
374	356
375	356
376	358
377	358
378	358
379	359
380	359
381	360
382	361
383	361
384	361
385	361
386	364
387	366
388	366
389	368
390	369
391	372
392	373
393	374
394	375
395	376
396	376
397	376
398	377
399	379
400	379
401	380
402	380
403	382
404	382
405	382
406	382
407	382
408	384
409	385
410	385
411	385
412	385
413	388
414	388
415	388
416	388
417	388
418	389
419	389
420	389
421	389
422	389
423	390
424	390
425	391
426	391
427	391
428	392
429	392
430	393
431	393
432	393
433	394
434	396
435	396
436	396
437	396
438	398
439	398
440	398
441	399
442	400
443	401
444	401
445	401
446	401
447	403
448	404
449	405
450	406
451	408
452	408
453	408
454	410
455	411
456	413
457	415
458	415
459	415
460	416
461	416
462	416
463	418
464	418
465	419
466	419
467	419
468	420
469	422
470	422
471	424
472	424
473	424
474	426
475	426
476	428
477	428
478	429
479	429
480	431
481	433
482	433
483	434
484	436
485	437
486	438
487	438
488	439
489	440
490	440
491	441
492	442
493	443
494	444
495	445
496	447
497	447
498	449
499	450
500	450
501	452
502	454
503	454
504	455
505	456
506	456
507	456
508	457
509	457
510	457
511	458
512	458
513	458
514	460
515	461
516	464
517	464
518	464
519	465
520	468
521	468
522	469
523	469
524	469
525	470
526	470
527	471
528	471
529	472
530	473
531	475
532	476
533	476
534	477
535	477
536	478
537	479
538	480
539	480
540	481
541	481
542	482
543	482
544	482
545	482
546	482
547	483
548	484
549	484
550	485
551	487
552	487
553	489
554	490
555	490
556	493
557	493
558	493
559	494
560	495
561	495
562	495
563	496
564	497
565	497
566	498
567	498
568	501
569	501
570	502
571	503
572	504
573	505
574	506
575	506
576	506
577	509
578	512
579	514
580	514
581	515
582	515
583	515
584	515
585	516
586	517
587	518
588	519
589	519
590	520
591	521
592	521
593	521
594	521
595	522
596	522
597	522
598	522
599	522
600	524
601	524
602	524
603	526
604	526
605	527
606	527
607	528
608	528
609	528
610	528
611	529
612	530
613	532
614	532
615	532
616	532
617	532
618	532
619	532
620	534
621	534
622	534
623	535
624	537
625	539
626	541
627	542
628	542
629	542
630	542
631	543
632	543
633	543
634	543
635	543
636	544
637	544
638	544
639	545
640	545
641	545
642	545
643	546
644	546
645	547
646	549
647	550
648	550
649	550
650	551
651	551
652	552
653	552
654	554
655	555
656	556
657	557
658	558
659	559
660	559
661	559
662	561
663	561
664	561
665	561
666	562
667	562
668	562
669	562
670	562
671	563
672	564
673	566
674	567
675	567
676	568
677	569
678	571
679	571
680	571
681	572
682	572
683	572
684	573
685	574
686	574
687	575
688	576
689	577
690	577
691	580
692	583
693	584
694	585
695	585
696	587
697	587
698	587
699	588
700	589
701	589
702	590
703	590
704	590
705	591
706	592
707	593
708	593
709	597
710	597
711	597
712	597
713	597
714	597
715	597
716	597
717	597
718	597
719	597
720	597
721	598
722	598
723	598
724	600
725	601
726	602
727	603
728	604
729	605
730	607
731	607
732	608
733	608
734	610
735	610
736	611
737	611
738	611
739	612
740	613
741	614
742	615
743	615
744	615
745	615
746	615
747	616
748	616
749	617
750	622
751	622
752	622
753	623
754	623
755	627
756	629
757	629
758	630
759	630
760	630
761	630
762	630
763	630
764	630
765	631
766	631
767	631
768	631
769	631
770	631
771	631
772	632
773	632
774	632
775	632
776	632
777	634
778	634
779	635
780	635
781	636
782	636
783	636
784	636
785	636
786	636
787	636
788	636
789	636
790	636
791	637
792	637
793	637
794	639
795	639
796	639
797	639
798	639
799	639
800	640
801	641
802	641
803	642
804	645
805	646
806	647
807	648
808	648
809	648
810	648
811	649
812	649
813	650
814	651
815	651
816	651
817	652
818	652
819	652
820	652
821	652
822	653
823	654
824	655
825	656
826	656
827	656
828	657
829	657
830	658
831	659
832	659
833	659
834	659
835	661
836	661
837	661
838	661
839	662
840	663
841	664
842	665
843	665
844	665
845	667
846	669
847	669
848	670
849	670
850	671
851	671
852	671
853	672
854	672
855	672
856	674
857	674
858	676
859	678
860	678
861	679
862	680
863	680
864	680
865	680
866	680
867	681
868	681
869	681
870	681
871	682
872	683
873	684
874	684
875	685
876	685
877	685
878	686
879	686
880	686
881	686
882	686
883	686
884	687
885	687
886	687
887	687
888	688
889	688
890	688
891	689
892	689
893	689
894	689
895	689
896	689
897	689
898	689
899	689
900	690
901	690
902	692
903	692
904	692
905	692
906	693
907	693
908	694
909	694
910	696
911	696
912	696
913	696
914	697
915	697
916	697
917	697
918	698
919	698
920	699
921	701
922	701
923	701
924	701
925	701
926	702
927	702
928	703
929	703
930	703
931	704
932	706
933	707
934	707
935	709
936	709
937	710
938	710
939	711
940	711
941	711
942	711
943	712
944	712
945	712
946	712
947	712
948	713
949	713
950	713
951	714
952	714
953	714
954	714
955	715
956	716
957	717
958	718
959	718
960	718
961	718
962	720
963	720
964	721
965	721
966	722
967	722
968	723
969	724
970	724
971	724
972	724
973	725
974	725
975	726
976	726
977	726
978	727
979	728
980	729
981	729
982	729
983	729
984	729
985	729
986	729
987	731
988	731
989	731
990	731
991	731
992	731
993	732
994	732
995	733
996	733
997	733
998	733
999	734
1000	734
1001	734
1002	735
1003	736
1004	736
1005	737
1006	737
1007	738
1008	738
1009	740
1010	741
1011	741
1012	741
1013	744
1014	744
1015	745
1016	745
1017	745
1018	746
1019	746
1020	746
1021	746
1022	746
1023	746
1024	747
1025	747
1026	747
1027	747
1028	748
1029	748
1030	748
1031	749
1032	750
1033	750
1034	751
1035	751
1036	751
1037	751
1038	751
1039	751
1040	753
1041	753
1042	753
1043	753
1044	753
1045	754
1046	754
1047	754
1048	754
1049	754
1050	754
1051	754
1052	754
1053	754
1054	754
1055	754
1056	754
1057	755
1058	756
1059	756
1060	757
1061	757
1062	758
1063	758
1064	758
1065	759
1066	759
1067	760
1068	760
1069	760
1070	760
1071	761
1072	763
1073	763
1074	763
1075	763
1076	765
1077	765
1078	765
1079	765
1080	765
1081	765
1082	766
1083	767
1084	769
1085	770
1086	771
1087	772
1088	773
1089	774
1090	775
1091	776
1092	776
1093	777
1094	778
1095	778
1096	778
1097	778
1098	779
1099	779
1100	779
1101	780
1102	780
1103	780
1104	781
1105	781
1106	781
1107	781
1108	781
1109	782
1110	782
1111	783
1112	783
1113	783
1114	784
1115	785
1116	785
1117	785
1118	786
1119	786
1120	786
1121	787
1122	787
1123	787
1124	787
1125	788
1126	788
1127	788
1128	788
1129	789
1130	789
1131	789
1132	789
1133	789
1134	789
1135	790
1136	790
1137	790
1138	791
1139	792
1140	793
1141	793
1142	794
1143	794
1144	794
1145	794
1146	795
1147	795
1148	796
1149	797
1150	798
1151	798
1152	799
1153	799
1154	799
1155	799
1156	799
1157	800
1158	800
1159	800
1160	800
1161	800
1162	800
1163	800
1164	800
1165	800
1166	801
1167	801
1168	801
1169	804
1170	805
1171	805
1172	805
1173	805
1174	805
1175	805
1176	805
1177	805
1178	805
1179	806
1180	806
1181	806
1182	806
1183	806
1184	807
1185	807
1186	807
1187	807
1188	807
1189	807
1190	807
1191	807
1192	807
1193	807
1194	808
1195	808
1196	809
1197	810
1198	811
1199	811
1200	811
1201	811
1202	812
1203	812
1204	813
1205	813
1206	813
1207	813
1208	813
1209	813
1210	813
1211	813
1212	813
1213	813
1214	813
1215	814
1216	815
1217	816
1218	817
1219	818
1220	818
1221	818
1222	818
1223	818
1224	818
1225	818
1226	818
1227	818
1228	818
1229	818
1230	818
1231	818
1232	818
1233	818
1234	818
1235	818
1236	818
1237	819
1238	820
1239	820
1240	820
1241	821
1242	823
1243	823
1244	825
1245	825
1246	825
1247	825
1248	825
1249	825
1250	825
1251	825
1252	825
1253	825
1254	826
1255	827
1256	827
1257	828
1258	828
1259	829
1260	829
1261	829
1262	830
1263	831
1264	831
1265	831
1266	831
1267	831
1268	831
1269	832
1270	832
1271	832
1272	832
1273	832
1274	832
1275	833
1276	833
1277	834
1278	834
1279	834
1280	834
1281	835
1282	835
1283	835
1284	835
1285	835
1286	835
1287	837
1288	837
1289	837
1290	837
1291	837
1292	838
1293	838
1294	838
1295	839
1296	840
1297	840
1298	840
1299	840
1300	841
1301	841
1302	842
1303	843
1304	843
1305	843
1306	843
1307	844
1308	844
1309	844
1310	845
1311	845
1312	845
1313	845
1314	845
1315	846
1316	846
1317	846
1318	846
1319	847
1320	847
1321	849
1322	850
1323	850
1324	851
1325	852
1326	852
1327	852
1328	852
1329	852
1330	852
1331	853
1332	853
1333	853
1334	853
1335	855
1336	855
1337	855
1338	855
1339	855
1340	856
1341	856
1342	856
1343	857
1344	858
1345	858
1346	858
1347	859
1348	859
1349	859
1350	859
1351	859
1352	859
1353	859
1354	859
1355	859
1356	859
1357	859
1358	859
1359	859
1360	859
1361	859
1362	859
1363	859
1364	859
1365	859
1366	861
1367	862
1368	862
1369	862
1370	862
1371	862
1372	863
1373	863
1374	863
1375	863
1376	863
1377	863
1378	863
1379	863
1380	863
1381	863
1382	863
1383	863
1384	864
1385	864
1386	865
1387	865
1388	865
1389	865
1390	866
1391	866
1392	866
1393	868
1394	868
1395	868
1396	869
1397	870
1398	871
1399	872
1400	872
1401	872
1402	872
1403	872
1404	873
1405	873
1406	873
1407	873
1408	873
1409	873
1410	873
1411	873
1412	873
1413	873
1414	874
1415	874
1416	875
1417	875
1418	875
1419	876
1420	876
1421	876
1422	876
1423	876
1424	876
1425	877
1426	879
1427	879
1428	880
1429	880
1430	880
1431	881
1432	881
1433	882
1434	882
1435	882
1436	882
1437	882
1438	882
1439	882
1440	882
1441	883
1442	884
1443	884
1444	884
1445	885
1446	885
1447	885
1448	885
1449	885
1450	885
1451	885
1452	885
1453	886
1454	886
1455	886
1456	886
1457	886
1458	886
1459	886
1460	886
1461	886
1462	886
1463	886
1464	886
1465	886
1466	886
1467	886
1468	886
1469	886
1470	886
1471	887
1472	887
1473	887
1474	887
1475	887
1476	889
1477	889
1478	889
1479	889
1480	889
1481	889
1482	889
1483	889
1484	889
1485	889
1486	889
1487	889
1488	889
1489	889
1490	889
1491	889
1492	889
1493	889
1494	890
1495	890
1496	890
1497	890
1498	890
1499	891
1500	891
1501	891
1502	891
1503	892
1504	893
1505	893
1506	893
1507	893
1508	893
1509	894
1510	894
1511	894
1512	894
1513	894
1514	894
1515	894
1516	895
1517	895
1518	896
1519	897
1520	897
1521	897
1522	898
1523	898
1524	898
1525	898
1526	898
1527	898
1528	898
1529	898
1530	898
1531	898
1532	898
1533	898
1534	898
1535	899
1536	899
1537	899
1538	900
1539	900
1540	900
1541	900
1542	900
1543	901
1544	902
1545	902
1546	902
1547	902
1548	902
1549	902
1550	902
1551	902
1552	902
1553	902
1554	902
1555	902
1556	902
1557	903
1558	903
1559	904
1560	905
1561	907
1562	907
1563	908
1564	909
1565	909
1566	909
1567	909
1568	909
1569	909
1570	909
1571	909
1572	909
1573	909
1574	909
1575	909
1576	911
1577	911
1578	911
1579	911
1580	911
1581	911
1582	911
1583	912
1584	912
1585	912
1586	912
1587	912
1588	913
1589	913
1590	913
1591	913
1592	913
1593	913
1594	913
1595	913
1596	913
1597	913
1598	913
1599	913
1600	913
1601	913
1602	913
1603	913
1604	913
1605	913
1606	913
1607	913
1608	914
1609	914
1610	914
1611	914
1612	915
1613	915
1614	915
1615	915
1616	915
1617	915
1618	915
1619	915
1620	915
1621	918
1622	919
1623	920
1624	921
1625	921
1626	921
1627	921
1628	922
1629	922
1630	922
1631	922
1632	922
1633	922
1634	922
1635	922
1636	922
1637	922
1638	922
1639	922
1640	922
1641	922
1642	922
1643	922
1644	923
1645	923
1646	923
1647	923
1648	923
1649	923
1650	923
1651	923
1652	924
1653	925
1654	925
1655	925
1656	925
1657	925
1658	926
1659	926
1660	926
1661	927
1662	927
1663	927
1664	927
1665	927
1666	927
1667	927
1668	927
1669	927
1670	927
1671	927
1672	927
1673	928
1674	929
1675	929
1676	929
1677	929
1678	929
1679	929
1680	929
1681	929
1682	929
1683	929
1684	930
1685	931
1686	931
1687	931
1688	932
1689	932
1690	932
1691	932
1692	932
1693	933
1694	933
1695	933
1696	933
1697	933
1698	934
1699	934
1700	934
1701	934
1702	934
1703	934
1704	935
1705	935
1706	935
1707	935
1708	935
1709	935
1710	935
1711	935
1712	935
1713	935
1714	935
1715	935
1716	935
1717	936
1718	937
1719	937
1720	937
1721	938
1722	939
1723	939
1724	939
1725	939
1726	940
1727	940
1728	940
1729	940
1730	940
1731	940
1732	940
1733	940
1734	940
1735	941
1736	941
1737	942
1738	942
1739	942
1740	942
1741	942
1742	942
1743	942
1744	942
1745	943
1746	943
1747	943
1748	943
1749	943
1750	944
1751	944
1752	944
1753	945
1754	945
1755	945
1756	945
1757	945
1758	945
1759	945
1760	946
1761	946
1762	946
1763	946
1764	946
1765	946
1766	946
1767	946
1768	946
1769	946
1770	946
1771	946
1772	946
1773	946
1774	946
1775	946
1776	946
1777	946
1778	946
1779	946
1780	946
1781	946
1782	946
1783	946
1784	946
1785	946
1786	946
1787	946
1788	946
1789	946
1790	946
1791	947
1792	947
1793	948
1794	948
1795	948
1796	948
1797	948
1798	948
1799	948
1800	949
1801	950
1802	950
1803	950
1804	950
1805	951
1806	952
1807	952
1808	952
1809	952
1810	953
1811	953
1812	953
1813	953
1814	953
1815	953
1816	953
1817	954
1818	954
1819	954
1820	954
1821	954
1822	954
1823	954
1824	954
1825	954
1826	954
1827	954
1828	955
1829	955
1830	955
1831	955
1832	955
1833	955
1834	955
1835	955
1836	955
1837	955
1838	956
1839	956
1840	956
1841	956
1842	956
1843	956
1844	956
1845	957
1846	958
1847	958
1848	958
1849	958
1850	958
1851	958
1852	958
1853	958
1854	958
1855	959
1856	959
1857	959
1858	960
1859	960
1860	961
1861	961
1862	961
1863	961
1864	961
1865	961
1866	961
1867	961
1868	961
1869	961
1870	961
1871	961
1872	961
1873	962
1874	962
1875	962
1876	962
1877	962
1878	962
1879	962
1880	962
1881	962
1882	962
1883	962
1884	962
1885	962
1886	962
1887	962
1888	962
1889	962
1890	962
1891	962
1892	962
1893	963
1894	963
1895	963
1896	964
1897	965
1898	965
1899	965
1900	965
1901	965
1902	965
1903	965
1904	965
1905	965
1906	965
1907	965
1908	965
1909	965
1910	965
1911	965
1912	965
1913	965
1914	965
1915	965
1916	965
1917	966
1918	966
1919	966
1920	966
1921	966
1922	966
1923	966
1924	966
1925	966
1926	966
1927	966
1928	966
1929	966
1930	966
1931	966
1932	966
1933	966
1934	966
1935	966
1936	966
1937	966
1938	966
1939	966
1940	966
1941	966
1942	966
1943	966
1944	966
1945	966
1946	966
1947	966
1948	966
1949	966
1950	966
1951	966
1952	966
1953	966
1954	966
1955	966
1956	966
1957	968
1958	968
1959	968
1960	968
1961	969
1962	969
1963	969
1964	970
1965	970
1966	970
1967	970
1968	970
1969	970
1970	970
1971	971
1972	971
1973	971
1974	971
1975	972
1976	972
1977	972
1978	972
1979	972
1980	972
1981	972
1982	973
1983	973
1984	973
1985	973
1986	973
1987	974
1988	974
1989	974
1990	974
1991	974
1992	974
1993	974
1994	975
1995	975
1996	975
1997	975
1998	975
1999	975
2000	976
2001	976
2002	976
2003	977
2004	977
2005	977
2006	977
2007	977
2008	977
2009	977
2010	977
2011	977
2012	978
2013	978
2014	978
2015	978
2016	978
2017	978
2018	978
2019	978
2020	978
2021	978
2022	978
2023	978
2024	978
2025	978
2026	978
2027	978
2028	978
2029	978
2030	978
2031	978
2032	978
2033	978
2034	978
2035	978
2036	978
2037	978
2038	978
2039	978
2040	978
2041	978
2042	978
2043	978
2044	978
2045	978
2046	978
2047	978
2048	978
2049	981
2050	981
2051	981
2052	981
2053	981
2054	981
2055	981
2056	981
2057	981
2058	981
2059	981
2060	981
2061	981
2062	981
2063	981
2064	981
2065	981
2066	982
2067	982
2068	982
2069	982
2070	982
2071	983
2072	983
2073	984
2074	984
2075	984
2076	984
2077	984
2078	984
2079	984
2080	984
2081	984
2082	984
2083	984
2084	984
2085	985
2086	985
2087	985
2088	985
2089	985
2090	986
2091	986
2092	986
2093	986
2094	986
2095	987
2096	987
2097	987
2098	987
2099	987
2100	987
2101	987
2102	987
2103	987
2104	987
2105	987
2106	987
2107	987
2108	987
2109	987
2110	987
2111	987
2112	987
2113	987
2114	987
2115	987
2116	987
2117	987
2118	987
2119	988
2120	988
2121	988
2122	989
2123	989
2124	989
2125	989
2126	991
2127	992
2128	992
2129	992
2130	993
2131	993
2132	993
2133	994
2134	994
2135	994
2136	994
2137	994
2138	994
2139	994
2140	994
2141	994
2142	994
2143	994
2144	994
2145	994
2146	994
2147	994
2148	994
2149	995
2150	995
2151	995
2152	995
2153	995
2154	995
2155	996
2156	996
2157	996
2158	996
2159	996
2160	996
2161	996
2162	996
2163	996
2164	996
2165	996
2166	996
2167	996
2168	996
2169	996
2170	996
2171	996
2172	996
2173	996
2174	996
2175	996
2176	996
2177	996
2178	996
2179	996
2180	996
2181	996
2182	997
2183	997
2184	997
2185	997
2186	997
2187	997
2188	997
2189	998
2190	999
2191	999
2192	999
2193	1000
2194	1000
2195	1000
2196	1000
2197	1000
2198	1000
2199	1000
2200	1000
2201	1000
2202	1001
2203	1001
2204	1001
2205	1001
2206	1001
2207	1002
2208	1002
2209	1002
2210	1002
2211	1002
2212	1002
2213	1002
2214	1002
2215	1003
2216	1003
2217	1003
2218	1003
2219	1003
2220	1003
2221	1003
2222	1003
2223	1003
2224	1003
2225	1003
2226	1004
2227	1004
2228	1004
2229	1004
2230	1004
2231	1004
2232	1004
2233	1004
2234	1004
2235	1004
2236	1004
2237	1004
2238	1004
2239	1004
2240	1004
2241	1004
2242	1004
2243	1004
2244	1004
2245	1004
2246	1005
2247	1005
2248	1005
2249	1005
2250	1007
2251	1007
2252	1007
2253	1008
2254	1009
2255	1009
2256	1009
2257	1009
2258	1009
2259	1009
2260	1009
2261	1009
2262	1009
2263	1009
2264	1009
2265	1009
2266	1009
2267	1009
2268	1009
2269	1010
2270	1010
2271	1010
2272	1010
2273	1010
2274	1010
2275	1010
2276	1010
2277	1010
2278	1010
2279	1010
2280	1011
2281	1011
2282	1011
2283	1011
2284	1011
2285	1012
2286	1012
2287	1012
2288	1012
2289	1013
2290	1014
2291	1015
2292	1015
2293	1015
2294	1015
2295	1016
2296	1016
2297	1017
2298	1017
2299	1017
2300	1017
2301	1017
2302	1017
2303	1017
2304	1017
2305	1017
2306	1017
2307	1017
2308	1017
2309	1017
2310	1017
2311	1017
2312	1017
2313	1017
2314	1018
2315	1018
2316	1018
2317	1018
2318	1018
2319	1018
2320	1018
2321	1019
2322	1019
2323	1019
2324	1019
2325	1019
2326	1019
2327	1019
2328	1020
2329	1020
2330	1021
2331	1021
2332	1021
2333	1021
2334	1021
2335	1021
2336	1021
2337	1021
2338	1021
2339	1021
2340	1021
2341	1021
2342	1021
2343	1021
2344	1022
2345	1022
2346	1022
2347	1022
2348	1022
2349	1022
2350	1022
2351	1022
2352	1022
2353	1022
2354	1022
2355	1022
2356	1022
2357	1022
2358	1022
2359	1022
2360	1023
2361	1023
2362	1023
2363	1023
2364	1023
2365	1023
2366	1023
2367	1023
2368	1023
2369	1023
2370	1023
2371	1023
2372	1023
2373	1023
2374	1023
2375	1023
2376	1023
2377	1023
2378	1023
2379	1023
2380	1023
2381	1024
2382	1024
2383	1024
2384	1024
2385	1024
2386	1024
2387	1024
2388	1024
2389	1024
2390	1024
2391	1024
2392	1024
2393	1024
2394	1025
2395	1025
2396	1025
2397	1025
2398	1025
2399	1025
2400	1025
2401	1026
2402	1026
2403	1026
2404	1026
2405	1026
2406	1027
2407	1028
2408	1028
2409	1028
2410	1028
2411	1028
2412	1028
2413	1028
2414	1028
2415	1028
2416	1029
2417	1029
2418	1029
2419	1029
2420	1029
2421	1029
2422	1029
2423	1029
2424	1029
2425	1029
2426	1030
2427	1030
2428	1030
2429	1030
2430	1030
2431	1031
2432	1031
2433	1031
2434	1031
2435	1031
2436	1032
2437	1032
2438	1032
2439	1033
2440	1033
2441	1033
2442	1033
2443	1033
2444	1033
2445	1033
2446	1033
2447	1033
2448	1033
2449	1033
2450	1033
2451	1033
2452	1033
2453	1033
2454	1033
2455	1033
2456	1033
2457	1033
2458	1033
2459	1034
2460	1034
2461	1034
2462	1034
2463	1034
2464	1034
2465	1034
2466	1034
2467	1034
2468	1034
2469	1034
2470	1034
2471	1034
2472	1034
2473	1034
2474	1034
2475	1034
2476	1034
2477	1034
2478	1034
2479	1034
2480	1034
2481	1034
2482	1034
2483	1034
2484	1034
2485	1034
2486	1034
2487	1034
2488	1034
2489	1034
2490	1034
2491	1034
2492	1034
2493	1034
2494	1034
2495	1034
2496	1034
2497	1034
2498	1034
2499	1034
2500	1034
2501	1034
2502	1034
2503	1034
2504	1034
2505	1034
2506	1035
2507	1035
2508	1035
2509	1035
2510	1035
2511	1035
2512	1036
2513	1037
2514	1037
2515	1037
2516	1037
2517	1037
2518	1037
2519	1037
2520	1037
2521	1037
2522	1037
2523	1037
2524	1037
2525	1037
2526	1037
2527	1037
2528	1037
2529	1038
2530	1038
2531	1038
2532	1038
2533	1038
2534	1038
2535	1038
2536	1038
2537	1038
2538	1038
2539	1038
2540	1038
2541	1038
2542	1038
2543	1038
2544	1038
2545	1038
2546	1038
2547	1038
2548	1038
2549	1038
2550	1038
2551	1038
2552	1038
2553	1038
2554	1038
2555	1038
2556	1038
2557	1038
2558	1038
2559	1038
2560	1038
2561	1038
2562	1038
2563	1038
2564	1038
2565	1038
2566	1038
2567	1038
2568	1039
2569	1039
2570	1039
2571	1039
2572	1039
2573	1039
2574	1039
2575	1040
2576	1040
2577	1040
2578	1040
2579	1040
2580	1040
2581	1040
2582	1040
2583	1040
2584	1040
2585	1040
2586	1040
2587	1040
2588	1040
2589	1040
2590	1040
2591	1040
2592	1040
2593	1041
2594	1041
2595	1041
2596	1041
2597	1041
2598	1041
2599	1041
2600	1042
2601	1042
2602	1042
2603	1042
2604	1042
2605	1042
2606	1042
2607	1042
2608	1042
2609	1042
2610	1042
2611	1042
2612	1042
2613	1042
2614	1042
2615	1042
2616	1042
2617	1042
2618	1042
2619	1042
2620	1042
2621	1042
2622	1042
2623	1042
2624	1042
2625	1043
2626	1043
2627	1043
2628	1043
2629	1043
2630	1043
2631	1043
2632	1043
2633	1043
2634	1043
2635	1043
2636	1043
2637	1043
2638	1043
2639	1043
2640	1043
2641	1043
2642	1043
2643	1043
2644	1044
2645	1044
2646	1045
2647	1045
2648	1045
2649	1045
2650	1045
2651	1045
2652	1045
2653	1045
2654	1045
2655	1045
2656	1045
2657	1045
2658	1045
2659	1045
2660	1045
2661	1045
2662	1045
2663	1045
2664	1045
2665	1045
2666	1045
2667	1045
2668	1045
2669	1045
2670	1045
2671	1045
2672	1045
2673	1045
2674	1046
2675	1046
2676	1046
2677	1046
2678	1046
2679	1046
2680	1046
2681	1046
2682	1046
2683	1046
2684	1047
2685	1047
2686	1047
2687	1047
2688	1048
2689	1048
2690	1048
2691	1048
2692	1048
2693	1049
2694	1049
2695	1049
2696	1049
2697	1049
2698	1049
2699	1049
2700	1050
2701	1050
2702	1050
2703	1050
2704	1050
2705	1050
2706	1050
2707	1050
2708	1050
2709	1050
2710	1050
2711	1050
2712	1050
2713	1050
2714	1051
2715	1051
2716	1051
2717	1051
2718	1051
2719	1051
2720	1051
2721	1051
2722	1051
2723	1051
2724	1051
2725	1051
2726	1051
2727	1051
2728	1051
2729	1051
2730	1051
2731	1051
2732	1052
2733	1052
2734	1052
2735	1052
2736	1052
2737	1052
2738	1052
2739	1052
2740	1052
2741	1053
2742	1053
2743	1053
2744	1053
2745	1053
2746	1053
2747	1053
2748	1054
2749	1054
2750	1054
2751	1054
2752	1054
2753	1054
2754	1054
2755	1054
2756	1054
2757	1054
2758	1054
2759	1054
2760	1054
2761	1055
2762	1055
2763	1055
2764	1055
2765	1055
2766	1055
2767	1055
2768	1055
2769	1055
2770	1055
2771	1055
2772	1055
2773	1055
2774	1055
2775	1055
2776	1055
2777	1055
2778	1055
2779	1055
2780	1055
2781	1055
2782	1055
2783	1055
2784	1055
2785	1055
2786	1055
2787	1055
2788	1055
2789	1055
2790	1055
2791	1055
2792	1055
2793	1056
2794	1056
2795	1056
2796	1056
2797	1056
2798	1056
2799	1056
2800	1056
2801	1056
2802	1056
2803	1056
2804	1056
2805	1056
2806	1056
2807	1056
2808	1056
2809	1056
2810	1056
2811	1056
2812	1056
2813	1056
2814	1056
2815	1056
2816	1057
2817	1058
2818	1058
2819	1058
2820	1058
2821	1058
2822	1058
2823	1058
2824	1058
2825	1058
2826	1059
2827	1059
2828	1059
2829	1059
2830	1059
2831	1059
2832	1060
2833	1060
2834	1060
2835	1060
2836	1060
2837	1060
2838	1060
2839	1060
2840	1060
2841	1060
2842	1060
2843	1060
2844	1060
2845	1060
2846	1060
2847	1060
2848	1060
2849	1060
2850	1060
2851	1060
2852	1060
2853	1060
2854	1060
2855	1060
2856	1060
2857	1060
2858	1060
2859	1060
2860	1060
2861	1060
2862	1060
2863	1061
2864	1061
2865	1061
2866	1061
2867	1061
2868	1061
2869	1061
2870	1061
2871	1061
2872	1061
2873	1061
2874	1061
2875	1061
2876	1061
2877	1061
2878	1061
2879	1061
2880	1061
2881	1061
2882	1061
2883	1061
2884	1061
2885	1061
2886	1061
2887	1061
2888	1061
2889	1061
2890	1061
2891	1061
2892	1061
2893	1061
2894	1061
2895	1061
2896	1062
2897	1064
2898	1064
2899	1064
2900	1064
2901	1064
2902	1064
2903	1064
2904	1064
2905	1064
2906	1064
2907	1064
2908	1064
2909	1064
2910	1064
2911	1064
2912	1064
2913	1064
2914	1064
2915	1064
2916	1064
2917	1064
2918	1064
2919	1064
2920	1064
2921	1064
2922	1064
2923	1064
2924	1064
2925	1064
2926	1064
2927	1064
2928	1064
2929	1064
2930	1064
2931	1064
2932	1064
2933	1064
2934	1064
2935	1064
2936	1065
2937	1065
2938	1065
2939	1065
2940	1065
2941	1065
2942	1065
2943	1065
2944	1065
2945	1065
2946	1065
2947	1065
2948	1065
2949	1065
2950	1065
2951	1065
2952	1065
2953	1065
2954	1065
2955	1065
2956	1065
2957	1065
2958	1065
2959	1065
2960	1065
2961	1065
2962	1065
2963	1065
2964	1065
2965	1065
2966	1065
2967	1065
2968	1065
2969	1065
2970	1065
2971	1065
2972	1065
2973	1065
2974	1065
2975	1065
2976	1066
2977	1066
2978	1066
2979	1066
2980	1066
2981	1066
2982	1066
2983	1066
2984	1066
2985	1066
2986	1066
2987	1066
2988	1066
2989	1067
2990	1067
2991	1067
2992	1067
2993	1067
2994	1067
2995	1067
2996	1067
2997	1067
2998	1067
2999	1067
3000	1067
3001	1067
3002	1067
3003	1067
3004	1067
3005	1067
3006	1067
3007	1067
3008	1067
3009	1067
3010	1067
3011	1068
3012	1068
3013	1068
3014	1068
3015	1068
3016	1068
3017	1068
3018	1068
3019	1068
3020	1068
3021	1068
3022	1068
3023	1068
3024	1068
3025	1068
3026	1068
3027	1068
3028	1068
3029	1068
3030	1068
3031	1068
3032	1068
3033	1068
3034	1068
3035	1068
3036	1068
3037	1068
3038	1068
3039	1068
3040	1068
3041	1068
3042	1068
3043	1068
3044	1068
3045	1068
3046	1068
3047	1068
3048	1068
3049	1069
3050	1069
3051	1069
3052	1069
3053	1069
3054	1069
3055	1069
3056	1069
3057	1071
3058	1071
3059	1071
3060	1071
3061	1071
3062	1071
3063	1071
3064	1071
3065	1071
3066	1071
3067	1071
3068	1071
3069	1071
3070	1071
3071	1071
3072	1071
3073	1071
3074	1071
3075	1071
3076	1071
3077	1071
3078	1071
3079	1071
3080	1071
3081	1071
3082	1071
3083	1071
3084	1071
3085	1071
3086	1071
3087	1071
3088	1071
3089	1071
3090	1071
3091	1071
3092	1071
3093	1071
3094	1071
3095	1071
3096	1071
3097	1071
3098	1071
3099	1071
3100	1071
3101	1071
3102	1071
3103	1071
3104	1071
3105	1071
3106	1072
3107	1072
3108	1072
3109	1072
3110	1072
3111	1072
3112	1072
3113	1072
3114	1072
3115	1072
3116	1072
3117	1072
3118	1072
3119	1072
3120	1072
3121	1072
3122	1072
3123	1072
3124	1072
3125	1072
3126	1072
3127	1072
3128	1072
3129	1072
3130	1072
3131	1073
3132	1073
3133	1073
3134	1073
3135	1073
3136	1073
3137	1073
3138	1073
3139	1073
3140	1074
3141	1074
3142	1074
3143	1074
3144	1074
3145	1074
3146	1074
3147	1074
3148	1075
3149	1075
3150	1075
3151	1075
3152	1075
3153	1075
3154	1075
3155	1075
3156	1075
3157	1075
3158	1075
3159	1075
3160	1075
3161	1075
3162	1076
3163	1076
3164	1076
3165	1076
3166	1076
3167	1076
3168	1076
3169	1076
3170	1076
3171	1076
3172	1076
3173	1076
3174	1076
3175	1076
3176	1076
3177	1076
3178	1076
3179	1076
3180	1076
3181	1077
3182	1077
3183	1077
3184	1077
3185	1077
3186	1077
3187	1077
3188	1077
3189	1078
3190	1078
3191	1078
3192	1078
3193	1078
3194	1078
3195	1079
3196	1079
3197	1080
3198	1080
3199	1080
3200	1080
3201	1080
3202	1080
3203	1080
3204	1080
3205	1080
3206	1080
3207	1080
3208	1080
3209	1080
3210	1080
3211	1081
3212	1081
3213	1081
3214	1081
3215	1081
3216	1082
3217	1082
3218	1082
3219	1082
3220	1082
3221	1082
3222	1082
3223	1082
3224	1082
3225	1082
3226	1082
3227	1082
3228	1082
3229	1082
3230	1082
3231	1082
3232	1082
3233	1082
3234	1082
3235	1083
3236	1083
3237	1083
3238	1083
3239	1083
3240	1083
3241	1083
3242	1083
3243	1083
3244	1083
3245	1083
3246	1083
3247	1083
3248	1083
3249	1083
3250	1083
3251	1083
3252	1083
3253	1083
3254	1084
3255	1084
3256	1084
3257	1084
3258	1084
3259	1084
3260	1084
3261	1084
3262	1084
3263	1084
3264	1084
3265	1084
3266	1084
3267	1084
3268	1084
3269	1084
3270	1084
3271	1084
3272	1084
3273	1084
3274	1084
3275	1084
3276	1084
3277	1084
3278	1084
3279	1084
3280	1084
3281	1084
3282	1084
3283	1084
3284	1084
3285	1084
3286	1084
3287	1084
3288	1084
3289	1084
3290	1084
3291	1084
3292	1084
3293	1084
3294	1084
3295	1084
3296	1084
3297	1084
3298	1084
3299	1084
3300	1084
3301	1084
3302	1084
3303	1084
3304	1084
3305	1084
3306	1084
3307	1084
3308	1084
3309	1084
3310	1084
3311	1085
3312	1085
3313	1085
3314	1085
3315	1085
3316	1085
3317	1085
3318	1085
3319	1085
3320	1085
3321	1085
3322	1085
3323	1085
3324	1086
3325	1086
3326	1086
3327	1086
3328	1086
3329	1086
3330	1086
3331	1086
3332	1087
3333	1087
3334	1087
3335	1087
3336	1087
3337	1088
3338	1088
3339	1088
3340	1088
3341	1088
3342	1088
3343	1088
3344	1088
3345	1088
3346	1088
3347	1088
3348	1088
3349	1088
3350	1088
3351	1088
3352	1088
3353	1088
3354	1088
3355	1088
3356	1088
3357	1088
3358	1088
3359	1089
3360	1089
3361	1089
3362	1089
3363	1089
3364	1089
3365	1089
3366	1089
3367	1089
3368	1089
3369	1089
3370	1089
3371	1089
3372	1089
3373	1089
3374	1089
3375	1089
3376	1089
3377	1089
3378	1089
3379	1089
3380	1089
3381	1089
3382	1089
3383	1089
3384	1089
3385	1089
3386	1089
3387	1089
3388	1089
3389	1089
3390	1089
3391	1089
3392	1089
3393	1089
3394	1089
3395	1089
3396	1089
3397	1089
3398	1089
3399	1089
3400	1089
3401	1089
3402	1089
3403	1089
3404	1089
3405	1089
3406	1089
3407	1089
3408	1089
3409	1089
3410	1089
3411	1089
3412	1089
3413	1089
3414	1089
3415	1089
3416	1089
3417	1089
3418	1089
3419	1089
3420	1089
3421	1089
3422	1089
3423	1089
3424	1089
3425	1089
3426	1090
3427	1090
3428	1090
3429	1090
3430	1091
3431	1092
3432	1092
3433	1092
3434	1092
3435	1092
3436	1092
3437	1092
3438	1093
3439	1093
3440	1093
3441	1093
3442	1093
3443	1093
3444	1093
3445	1093
3446	1093
3447	1093
3448	1093
3449	1093
3450	1093
3451	1093
3452	1093
3453	1093
3454	1093
3455	1093
3456	1093
3457	1093
3458	1093
3459	1093
3460	1093
3461	1093
3462	1093
3463	1093
3464	1093
3465	1093
3466	1093
3467	1093
3468	1093
3469	1093
3470	1093
3471	1093
3472	1093
3473	1093
3474	1093
3475	1093
3476	1093
3477	1093
3478	1093
3479	1093
3480	1093
3481	1093
3482	1093
3483	1093
3484	1093
3485	1093
3486	1093
3487	1093
3488	1093
3489	1093
3490	1093
3491	1093
3492	1093
3493	1093
3494	1093
3495	1093
3496	1093
3497	1093
3498	1093
3499	1093
3500	1093
3501	1093
3502	1093
3503	1093
3504	1093
3505	1093
3506	1093
3507	1093
3508	1093
3509	1093
3510	1093
3511	1093
3512	1093
3513	1093
3514	1093
3515	1093
3516	1093
3517	1093
3518	1093
3519	1093
3520	1093
3521	1093
3522	1093
3523	1093
3524	1093
3525	1093
3526	1093
3527	1093
3528	1093
3529	1093
3530	1094
3531	1094
3532	1094
3533	1094
3534	1095
3535	1095
3536	1095
3537	1095
3538	1095
3539	1095
3540	1095
3541	1095
3542	1095
3543	1095
3544	1095
3545	1095
3546	1095
3547	1095
3548	1095
3549	1095
3550	1095
3551	1095
3552	1095
3553	1095
3554	1095
3555	1095
3556	1095
3557	1095
3558	1095
3559	1095
3560	1095
3561	1095
3562	1095
3563	1095
3564	1095
3565	1095
3566	1095
3567	1095
3568	1095
3569	1095
3570	1095
3571	1095
3572	1095
3573	1095
3574	1095
3575	1095
3576	1095
3577	1095
3578	1095
3579	1095
3580	1096
3581	1096
3582	1096
3583	1096
3584	1096
3585	1096
3586	1096
3587	1096
3588	1096
3589	1096
3590	1096
3591	1096
3592	1096
3593	1096
3594	1096
3595	1096
3596	1096
3597	1096
3598	1096
3599	1096
3600	1096
3601	1096
3602	1096
3603	1096
3604	1096
3605	1096
3606	1096
3607	1096
3608	1096
3609	1096
3610	1096
3611	1096
3612	1096
3613	1096
3614	1096
3615	1096
3616	1096
3617	1096
3618	1096
3619	1096
3620	1096
3621	1096
3622	1096
3623	1096
3624	1096
3625	1096
3626	1096
3627	1096
3628	1096
3629	1096
3630	1096
3631	1096
3632	1096
3633	1096
3634	1096
3635	1096
3636	1096
3637	1096
3638	1096
3639	1096
3640	1096
3641	1096
3642	1096
3643	1096
3644	1096
3645	1096
3646	1096
3647	1096
3648	1096
3649	1096
3650	1096
3651	1096
3652	1096
3653	1096
3654	1096
3655	1097
3656	1097
3657	1097
3658	1097
3659	1097
3660	1097
3661	1097
3662	1097
3663	1097
3664	1097
3665	1097
3666	1098
3667	1098
3668	1098
3669	1098
3670	1098
3671	1098
3672	1098
3673	1098
3674	1098
3675	1098
3676	1098
3677	1098
3678	1098
3679	1098
3680	1098
3681	1098
3682	1098
3683	1099
3684	1099
3685	1099
3686	1099
3687	1099
3688	1099
3689	1099
3690	1099
3691	1099
3692	1099
3693	1099
3694	1099
3695	1099
3696	1099
3697	1099
3698	1099
3699	1099
3700	1099
3701	1099
3702	1099
3703	1099
3704	1100
3705	1100
3706	1100
3707	1100
3708	1100
3709	1100
3710	1100
3711	1100
3712	1100
3713	1100
3714	1100
3715	1100
3716	1100
3717	1100
3718	1100
3719	1100
3720	1100
3721	1100
3722	1100
3723	1100
3724	1100
3725	1100
3726	1100
3727	1100
3728	1100
3729	1100
3730	1100
3731	1100
3732	1100
3733	1100
3734	1100
3735	1100
3736	1100
3737	1100
3738	1100
3739	1100
3740	1100
3741	1102
3742	1103
3743	1103
3744	1103
3745	1103
3746	1104
3747	1104
3748	1104
3749	1104
3750	1104
3751	1104
3752	1104
3753	1104
3754	1104
3755	1104
3756	1104
3757	1104
3758	1104
3759	1104
3760	1104
3761	1104
3762	1104
3763	1104
3764	1104
3765	1104
3766	1104
3767	1104
3768	1104
3769	1104
3770	1104
3771	1104
3772	1104
3773	1104
3774	1104
3775	1104
3776	1104
3777	1104
3778	1104
3779	1104
3780	1104
3781	1104
3782	1104
3783	1104
3784	1104
3785	1104
3786	1104
3787	1104
3788	1104
3789	1104
3790	1104
3791	1104
3792	1104
3793	1104
3794	1104
3795	1104
3796	1104
3797	1104
3798	1104
3799	1104
3800	1104
3801	1104
3802	1104
3803	1104
3804	1104
3805	1104
3806	1104
3807	1104
3808	1105
3809	1105
3810	1105
3811	1105
3812	1105
3813	1105
3814	1105
3815	1105
3816	1105
3817	1105
3818	1105
3819	1105
3820	1105
3821	1105
3822	1105
3823	1105
3824	1105
3825	1106
3826	1106
3827	1106
3828	1106
3829	1106
3830	1106
3831	1106
3832	1106
3833	1106
3834	1106
3835	1106
3836	1106
3837	1106
3838	1106
3839	1106
3840	1106
3841	1106
3842	1106
3843	1106
3844	1106
3845	1106
3846	1107
3847	1107
3848	1108
3849	1108
3850	1108
3851	1108
3852	1108
3853	1108
3854	1108
3855	1108
3856	1108
3857	1108
3858	1108
3859	1108
3860	1108
3861	1108
3862	1108
3863	1108
3864	1108
3865	1108
3866	1108
3867	1108
3868	1108
3869	1108
3870	1108
3871	1109
3872	1110
3873	1110
3874	1110
3875	1110
3876	1110
3877	1110
3878	1110
3879	1110
3880	1110
3881	1110
3882	1110
3883	1110
3884	1110
3885	1110
3886	1110
3887	1110
3888	1110
3889	1110
3890	1110
3891	1110
3892	1110
3893	1110
3894	1110
3895	1110
3896	1110
3897	1110
3898	1110
3899	1110
3900	1110
3901	1110
3902	1110
3903	1110
3904	1110
3905	1110
3906	1110
3907	1110
3908	1110
3909	1111
3910	1111
3911	1111
3912	1111
3913	1111
3914	1111
3915	1111
3916	1111
3917	1111
3918	1111
3919	1111
3920	1111
3921	1111
3922	1111
3923	1111
3924	1111
3925	1111
3926	1111
3927	1111
3928	1111
3929	1111
3930	1111
3931	1111
3932	1111
3933	1111
3934	1111
3935	1111
3936	1111
3937	1111
3938	1111
3939	1111
3940	1111
3941	1111
3942	1111
3943	1111
3944	1111
3945	1111
3946	1111
3947	1111
3948	1111
3949	1111
3950	1111
3951	1111
3952	1111
3953	1111
3954	1111
3955	1112
3956	1113
3957	1113
3958	1113
3959	1113
3960	1113
3961	1113
3962	1113
3963	1113
3964	1113
3965	1113
3966	1113
3967	1113
3968	1114
3969	1114
3970	1114
3971	1114
3972	1114
3973	1114
3974	1114
3975	1114
3976	1114
3977	1114
3978	1114
3979	1114
3980	1114
3981	1114
3982	1114
3983	1114
3984	1114
3985	1114
3986	1114
3987	1114
3988	1114
3989	1114
3990	1114
3991	1114
3992	1114
3993	1114
3994	1114
3995	1114
3996	1114
3997	1114
3998	1114
3999	1114
4000	1114
4001	1114
4002	1114
4003	1114
4004	1114
4005	1114
4006	1114
4007	1114
4008	1114
4009	1114
4010	1114
4011	1114
4012	1114
4013	1114
4014	1114
4015	1114
4016	1114
4017	1114
4018	1114
4019	1114
4020	1114
4021	1114
4022	1114
4023	1114
4024	1114
4025	1114
4026	1114
4027	1114
4028	1114
4029	1114
4030	1114
4031	1114
4032	1114
4033	1114
4034	1114
4035	1114
4036	1114
4037	1114
4038	1114
4039	1114
4040	1114
4041	1114
4042	1115
4043	1115
4044	1115
4045	1115
4046	1115
4047	1115
4048	1116
4049	1116
4050	1116
4051	1116
4052	1116
4053	1116
4054	1116
4055	1116
4056	1116
4057	1116
4058	1116
4059	1116
4060	1116
4061	1116
4062	1116
4063	1116
4064	1116
4065	1116
4066	1116
4067	1116
4068	1116
4069	1116
4070	1116
4071	1116
4072	1116
4073	1116
4074	1116
4075	1116
4076	1116
4077	1116
4078	1116
4079	1116
4080	1116
4081	1116
4082	1116
4083	1116
4084	1116
4085	1116
4086	1116
4087	1116
4088	1116
4089	1116
4090	1116
4091	1116
4092	1116
4093	1116
4094	1116
4095	1116
4096	1116
4097	1116
4098	1116
4099	1116
4100	1116
4101	1116
4102	1116
4103	1116
4104	1116
4105	1116
4106	1116
4107	1116
4108	1116
4109	1116
4110	1116
4111	1116
4112	1116
4113	1116
4114	1116
4115	1116
4116	1116
4117	1116
4118	1116
4119	1116
4120	1116
4121	1116
4122	1116
4123	1116
4124	1116
4125	1116
4126	1116
4127	1116
4128	1116
4129	1116
4130	1116
4131	1116
4132	1116
4133	1116
4134	1116
4135	1116
4136	1116
4137	1116
4138	1116
4139	1116
4140	1116
4141	1116
4142	1116
4143	1116
4144	1116
4145	1116
4146	1116
4147	1116
4148	1116
4149	1116
4150	1116
4151	1116
4152	1116
4153	1116
4154	1116
4155	1116
4156	1116
4157	1116
4158	1116
4159	1116
4160	1116
4161	1116
4162	1116
4163	1116
4164	1116
4165	1116
4166	1116
4167	1116
4168	1116
4169	1116
4170	1116
4171	1116
4172	1116
4173	1116
4174	1116
4175	1116
4176	1117
4177	1117
4178	1117
4179	1117
4180	1117
4181	1117
4182	1117
4183	1117
4184	1117
4185	1117
4186	1117
4187	1117
4188	1117
4189	1117
4190	1118
4191	1118
4192	1118
4193	1118
4194	1118
4195	1118
4196	1118
4197	1118
4198	1118
4199	1118
4200	1118
4201	1119
4202	1119
4203	1119
4204	1119
4205	1119
4206	1119
4207	1119
4208	1120
4209	1120
4210	1120
4211	1120
4212	1120
4213	1120
4214	1120
4215	1120
4216	1120
4217	1120
4218	1121
4219	1121
4220	1121
4221	1121
4222	1121
4223	1121
4224	1121
4225	1121
4226	1121
4227	1123
4228	1123
4229	1123
4230	1123
4231	1123
4232	1123
4233	1123
4234	1123
4235	1123
4236	1123
4237	1123
4238	1123
4239	1123
4240	1123
4241	1123
4242	1123
4243	1123
4244	1124
4245	1124
4246	1124
4247	1124
4248	1124
4249	1124
4250	1124
4251	1124
4252	1124
4253	1124
4254	1124
4255	1124
4256	1124
4257	1124
4258	1124
4259	1124
4260	1124
4261	1124
4262	1124
4263	1124
4264	1124
4265	1124
4266	1124
4267	1124
4268	1124
4269	1124
4270	1124
4271	1124
4272	1124
4273	1124
4274	1125
4275	1125
4276	1125
4277	1125
4278	1125
4279	1125
4280	1125
4281	1125
4282	1125
4283	1125
4284	1126
4285	1126
4286	1126
4287	1126
4288	1126
4289	1126
4290	1126
4291	1126
4292	1126
4293	1126
4294	1126
4295	1126
4296	1126
4297	1126
4298	1126
4299	1126
4300	1126
4301	1126
4302	1126
4303	1126
4304	1126
4305	1126
4306	1126
4307	1126
4308	1126
4309	1126
4310	1126
4311	1126
4312	1126
4313	1126
4314	1126
4315	1126
4316	1126
4317	1126
4318	1126
4319	1126
4320	1126
4321	1126
4322	1126
4323	1128
4324	1128
4325	1128
4326	1128
4327	1128
4328	1128
4329	1128
4330	1128
4331	1128
4332	1128
4333	1128
4334	1128
4335	1128
4336	1128
4337	1128
4338	1128
4339	1128
4340	1128
4341	1128
4342	1128
4343	1128
4344	1128
4345	1128
4346	1128
4347	1128
4348	1128
4349	1128
4350	1128
4351	1128
4352	1128
4353	1128
4354	1128
4355	1128
4356	1128
4357	1128
4358	1128
4359	1128
4360	1128
4361	1128
4362	1128
4363	1128
4364	1128
4365	1128
4366	1128
4367	1128
4368	1128
4369	1128
4370	1128
4371	1128
4372	1128
4373	1128
4374	1128
4375	1128
4376	1128
4377	1128
4378	1128
4379	1128
4380	1128
4381	1128
4382	1128
4383	1128
4384	1128
4385	1128
4386	1128
4387	1129
4388	1129
4389	1129
4390	1130
4391	1130
4392	1130
4393	1130
4394	1130
4395	1130
4396	1130
4397	1130
4398	1130
4399	1130
4400	1130
4401	1130
4402	1130
4403	1130
4404	1130
4405	1130
4406	1130
4407	1130
4408	1130
4409	1130
4410	1130
4411	1130
4412	1130
4413	1130
4414	1130
4415	1130
4416	1130
4417	1130
4418	1130
4419	1130
4420	1130
4421	1130
4422	1130
4423	1130
4424	1130
4425	1130
4426	1130
4427	1130
4428	1130
4429	1130
4430	1130
4431	1130
4432	1130
4433	1130
4434	1130
4435	1130
4436	1130
4437	1130
4438	1130
4439	1130
4440	1130
4441	1130
4442	1130
4443	1130
4444	1130
4445	1130
4446	1130
4447	1130
4448	1130
4449	1130
4450	1130
4451	1130
4452	1130
4453	1130
4454	1130
4455	1130
4456	1130
4457	1130
4458	1130
4459	1130
4460	1130
4461	1130
4462	1130
4463	1130
4464	1130
4465	1130
4466	1130
4467	1130
4468	1130
4469	1130
4470	1130
4471	1130
4472	1130
4473	1130
4474	1130
4475	1130
4476	1131
4477	1131
4478	1132
4479	1132
4480	1132
4481	1132
4482	1132
4483	1132
4484	1132
4485	1132
4486	1132
4487	1132
4488	1132
4489	1132
4490	1132
4491	1132
4492	1132
4493	1132
4494	1132
4495	1132
4496	1132
4497	1132
4498	1132
4499	1132
4500	1132
4501	1132
4502	1132
4503	1132
4504	1132
4505	1132
4506	1132
4507	1132
4508	1132
4509	1132
4510	1132
4511	1132
4512	1132
4513	1132
4514	1132
4515	1132
4516	1132
4517	1132
4518	1132
4519	1132
4520	1132
4521	1132
4522	1132
4523	1132
4524	1132
4525	1132
4526	1132
4527	1132
4528	1132
4529	1132
4530	1132
4531	1132
4532	1132
4533	1132
4534	1132
4535	1132
4536	1132
4537	1132
4538	1132
4539	1132
4540	1133
4541	1133
4542	1133
4543	1133
4544	1133
4545	1133
4546	1133
4547	1133
4548	1133
4549	1133
4550	1133
4551	1133
4552	1133
4553	1133
4554	1133
4555	1133
4556	1133
4557	1133
4558	1133
4559	1133
4560	1133
4561	1133
4562	1133
4563	1133
4564	1133
4565	1133
4566	1133
4567	1133
4568	1133
4569	1133
4570	1133
4571	1133
4572	1133
4573	1133
4574	1133
4575	1133
4576	1133
4577	1133
4578	1134
4579	1134
4580	1134
4581	1134
4582	1134
4583	1134
4584	1134
4585	1134
4586	1134
4587	1134
4588	1134
4589	1134
4590	1134
4591	1134
4592	1134
4593	1134
4594	1134
4595	1134
4596	1134
4597	1134
4598	1134
4599	1134
4600	1135
4601	1135
4602	1135
4603	1135
4604	1135
4605	1135
4606	1135
4607	1135
4608	1135
4609	1135
4610	1135
4611	1135
4612	1135
4613	1135
4614	1135
4615	1135
4616	1135
4617	1135
4618	1135
4619	1135
4620	1135
4621	1135
4622	1135
4623	1135
4624	1135
4625	1135
4626	1135
4627	1135
4628	1135
4629	1135
4630	1135
4631	1135
4632	1135
4633	1135
4634	1135
4635	1135
4636	1135
4637	1136
4638	1136
4639	1136
4640	1136
4641	1136
4642	1136
4643	1136
4644	1136
4645	1136
4646	1136
4647	1136
4648	1136
4649	1136
4650	1136
4651	1137
4652	1137
4653	1137
4654	1137
4655	1137
4656	1137
4657	1137
4658	1137
4659	1137
4660	1137
4661	1137
4662	1137
4663	1137
4664	1137
4665	1137
4666	1137
4667	1137
4668	1137
4669	1137
4670	1137
4671	1137
4672	1137
4673	1137
4674	1137
4675	1137
4676	1137
4677	1137
4678	1137
4679	1137
4680	1137
4681	1137
4682	1137
4683	1137
4684	1137
4685	1137
4686	1137
4687	1137
4688	1137
4689	1137
4690	1137
4691	1137
4692	1137
4693	1137
4694	1137
4695	1137
4696	1137
4697	1137
4698	1137
4699	1137
4700	1137
4701	1137
4702	1137
4703	1137
4704	1137
4705	1137
4706	1137
4707	1137
4708	1137
4709	1137
4710	1137
4711	1137
4712	1137
4713	1137
4714	1137
4715	1137
4716	1137
4717	1137
4718	1137
4719	1137
4720	1137
4721	1137
4722	1137
4723	1137
4724	1137
4725	1137
4726	1137
4727	1137
4728	1137
4729	1137
4730	1137
4731	1137
4732	1137
4733	1137
4734	1137
4735	1137
4736	1137
4737	1137
4738	1137
4739	1137
4740	1137
4741	1137
4742	1137
4743	1137
4744	1137
4745	1137
4746	1137
4747	1137
4748	1137
4749	1137
4750	1137
4751	1137
4752	1137
4753	1138
4754	1138
4755	1138
4756	1138
4757	1138
4758	1138
4759	1138
4760	1138
4761	1138
4762	1138
4763	1138
4764	1138
4765	1138
4766	1138
4767	1138
4768	1138
4769	1138
4770	1138
4771	1138
4772	1139
4773	1139
4774	1139
4775	1139
4776	1139
4777	1139
4778	1139
4779	1139
4780	1139
4781	1139
4782	1139
4783	1139
4784	1139
4785	1139
4786	1139
4787	1139
4788	1139
4789	1139
4790	1139
4791	1139
4792	1139
4793	1139
4794	1139
4795	1139
4796	1140
4797	1140
4798	1140
4799	1140
4800	1140
4801	1140
4802	1140
4803	1140
4804	1140
4805	1140
4806	1140
4807	1140
4808	1140
4809	1141
4810	1141
4811	1141
4812	1141
4813	1141
4814	1141
4815	1141
4816	1141
4817	1141
4818	1141
4819	1141
4820	1141
4821	1141
4822	1141
4823	1141
4824	1141
4825	1141
4826	1141
4827	1141
4828	1141
4829	1141
4830	1141
4831	1141
4832	1141
4833	1141
4834	1141
4835	1141
4836	1141
4837	1141
4838	1141
4839	1141
4840	1141
4841	1141
4842	1141
4843	1141
4844	1141
4845	1141
4846	1141
4847	1141
4848	1141
4849	1141
4850	1141
4851	1141
4852	1141
4853	1141
4854	1141
4855	1141
4856	1141
4857	1141
4858	1141
4859	1141
4860	1141
4861	1141
4862	1141
4863	1141
4864	1141
4865	1141
4866	1141
4867	1141
4868	1141
4869	1141
4870	1141
4871	1141
4872	1141
4873	1141
4874	1141
4875	1141
4876	1141
4877	1141
4878	1141
4879	1141
4880	1141
4881	1141
4882	1141
4883	1141
4884	1141
4885	1141
4886	1141
4887	1141
4888	1141
4889	1141
4890	1141
4891	1141
4892	1141
4893	1141
4894	1141
4895	1141
4896	1141
4897	1141
4898	1141
4899	1141
4900	1141
4901	1141
4902	1141
4903	1141
4904	1141
4905	1141
4906	1141
4907	1141
4908	1141
4909	1141
4910	1141
4911	1141
4912	1141
4913	1141
4914	1141
4915	1141
4916	1141
4917	1141
4918	1141
4919	1141
4920	1141
4921	1141
4922	1141
4923	1141
4924	1141
4925	1141
4926	1141
4927	1141
4928	1141
4929	1141
4930	1141
4931	1141
4932	1141
4933	1141
4934	1141
4935	1141
4936	1141
4937	1141
4938	1141
4939	1141
4940	1141
4941	1141
4942	1141
4943	1141
4944	1141
4945	1141
4946	1141
4947	1141
4948	1141
4949	1141
4950	1141
4951	1141
4952	1141
4953	1141
4954	1141
4955	1141
4956	1141
4957	1141
4958	1141
4959	1141
4960	1141
4961	1141
4962	1141
4963	1141
4964	1141
4965	1141
4966	1141
4967	1141
4968	1141
4969	1141
4970	1141
4971	1141
4972	1141
4973	1141
4974	1141
4975	1141
4976	1141
4977	1141
4978	1141
4979	1141
4980	1141
4981	1141
4982	1141
4983	1141
4984	1141
4985	1141
4986	1141
4987	1141
4988	1141
4989	1141
4990	1141
4991	1141
4992	1141
4993	1141
4994	1141
4995	1141
4996	1141
4997	1141
4998	1141
4999	1141

