0	0
1	0
2	0
3	0
4	0
5	0
6	0
7	0
8	0
9	0
10	0
11	0
12	0
13	0
14	0
15	0
16	0
17	0
18	0
19	0
20	0
21	0
22	0
23	0
24	0
25	0
26	0
27	0
28	0
29	0
30	0
31	0
32	0
33	0
34	0
35	0
36	0
37	0
38	0
39	0
40	0
41	0
42	0
43	0
44	0
45	0
46	0
47	0
48	0
49	0
50	0
51	0
52	0
53	0
54	0
55	0
56	0
57	0
58	0
59	0
60	0
61	0
62	0
63	0
64	0
65	0
66	0
67	0
68	0
69	0
70	0
71	0
72	0
73	0
74	1
75	1
76	1
77	1
78	1
79	1
80	1
81	1
82	1
83	1
84	1
85	1
86	1
87	1
88	1
89	1
90	1
91	1
92	2
93	2
94	2
95	2
96	2
97	2
98	2
99	2
100	3
101	3
102	3
103	5
104	5
105	5
106	5
107	5
108	5
109	5
110	6
111	10
112	10
113	10
114	11
115	13
116	13
117	15
118	15
119	17
120	18
121	19
122	19
123	20
124	21
125	22
126	23
127	23
128	24
129	25
130	25
131	25
132	26
133	27
134	29
135	30
136	32
137	35
138	35
139	36
140	38
141	38
142	40
143	41
144	42
145	43
146	43
147	44
148	46
149	48
150	48
151	48
152	48
153	49
154	51
155	57
156	58
157	59
158	64
159	67
160	69
161	70
162	72
163	72
164	74
165	78
166	78
167	80
168	82
169	83
170	85
171	89
172	89
173	90
174	91
175	93
176	93
177	94
178	96
179	98
180	100
181	102
182	104
183	106
184	106
185	112
186	112
187	113
188	114
189	115
190	117
191	119
192	120
193	125
194	126
195	127
196	131
197	132
198	134
199	137
200	140
201	143
202	147
203	148
204	149
205	153
206	154
207	158
208	162
209	166
210	166
211	168
212	169
213	169
214	172
215	176
216	176
217	177
218	178
219	178
220	178
221	179
222	181
223	184
224	184
225	186
226	186
227	189
228	190
229	195
230	197
231	198
232	198
233	199
234	200
235	201
236	202
237	207
238	210
239	213
240	215
241	216
242	218
243	219
244	221
245	223
246	224
247	225
248	226
249	229
250	229
251	232
252	234
253	236
254	239
255	240
256	241
257	243
258	246
259	248
260	250
261	251
262	253
263	254
264	255
265	257
266	260
267	261
268	263
269	264
270	264
271	270
272	272
273	273
274	276
275	279
276	282
277	284
278	286
279	290
280	291
281	293
282	294
283	297
284	297
285	297
286	299
287	301
288	301
289	302
290	303
291	305
292	305
293	305
294	306
295	307
296	308
297	312
298	313
299	313
300	313
301	315
302	317
303	320
304	321
305	323
306	324
307	327
308	328
309	329
310	330
311	335
312	336
313	338
314	339
315	342
316	343
317	344
318	346
319	347
320	349
321	350
322	350
323	352
324	352
325	354
326	355
327	356
328	357
329	358
330	359
331	359
332	362
333	363
334	364
335	364
336	365
337	366
338	366
339	367
340	368
341	370
342	370
343	371
344	372
345	374
346	377
347	379
348	381
349	383
350	383
351	385
352	385
353	386
354	388
355	389
356	390
357	390
358	390
359	395
360	398
361	398
362	399
363	399
364	401
365	403
366	404
367	406
368	406
369	406
370	408
371	410
372	411
373	412
374	416
375	417
376	418
377	419
378	420
379	421
380	424
381	425
382	425
383	427
384	428
385	430
386	431
387	431
388	431
389	432
390	433
391	434
392	434
393	436
394	437
395	441
396	443
397	443
398	445
399	446
400	447
401	449
402	450
403	452
404	453
405	454
406	457
407	458
408	458
409	459
410	460
411	461
412	462
413	463
414	466
415	467
416	467
417	467
418	468
419	469
420	470
421	471
422	471
423	473
424	474
425	474
426	475
427	477
428	482
429	483
430	484
431	485
432	488
433	488
434	488
435	488
436	489
437	489
438	489
439	491
440	491
441	491
442	492
443	494
444	494
445	496
446	496
447	497
448	497
449	498
450	501
451	501
452	501
453	501
454	503
455	504
456	505
457	506
458	506
459	507
460	507
461	509
462	509
463	509
464	511
465	512
466	513
467	513
468	515
469	515
470	518
471	518
472	520
473	520
474	520
475	520
476	521
477	522
478	523
479	524
480	526
481	527
482	528
483	530
484	531
485	533
486	534
487	535
488	536
489	536
490	538
491	538
492	540
493	541
494	541
495	542
496	543
497	545
498	545
499	545
500	547
501	548
502	549
503	553
504	554
505	554
506	555
507	557
508	557
509	557
510	557
511	557
512	558
513	558
514	558
515	559
516	561
517	564
518	564
519	565
520	565
521	566
522	566
523	567
524	567
525	567
526	569
527	571
528	572
529	573
530	575
531	575
532	577
533	578
534	579
535	579
536	582
537	582
538	582
539	582
540	583
541	583
542	586
543	586
544	587
545	588
546	588
547	588
548	589
549	592
550	592
551	593
552	594
553	594
554	595
555	595
556	595
557	597
558	598
559	598
560	598
561	598
562	598
563	600
564	600
565	601
566	602
567	603
568	603
569	605
570	606
571	606
572	607
573	607
574	607
575	609
576	610
577	611
578	612
579	614
580	614
581	617
582	618
583	619
584	619
585	619
586	620
587	620
588	620
589	621
590	622
591	623
592	624
593	626
594	626
595	628
596	629
597	629
598	630
599	630
600	631
601	631
602	631
603	631
604	632
605	632
606	632
607	633
608	635
609	637
610	637
611	639
612	639
613	640
614	640
615	643
616	643
617	645
618	645
619	646
620	646
621	647
622	647
623	650
624	650
625	650
626	652
627	653
628	653
629	655
630	655
631	658
632	658
633	660
634	660
635	661
636	661
637	661
638	661
639	661
640	662
641	662
642	662
643	662
644	664
645	666
646	669
647	669
648	669
649	669
650	670
651	670
652	670
653	672
654	672
655	674
656	675
657	675
658	676
659	677
660	677
661	677
662	678
663	678
664	678
665	679
666	682
667	682
668	682
669	683
670	685
671	685
672	686
673	686
674	686
675	686
676	689
677	690
678	691
679	691
680	692
681	693
682	693
683	695
684	696
685	699
686	699
687	699
688	700
689	701
690	701
691	703
692	703
693	704
694	704
695	705
696	705
697	707
698	707
699	707
700	707
701	708
702	709
703	710
704	711
705	712
706	713
707	714
708	714
709	717
710	718
711	720
712	720
713	720
714	720
715	720
716	720
717	721
718	723
719	723
720	723
721	723
722	723
723	724
724	724
725	724
726	726
727	727
728	727
729	727
730	727
731	728
732	728
733	728
734	728
735	728
736	729
737	730
738	730
739	732
740	734
741	734
742	734
743	735
744	736
745	738
746	738
747	738
748	739
749	740
750	741
751	741
752	741
753	744
754	744
755	745
756	746
757	746
758	748
759	749
760	749
761	749
762	750
763	750
764	752
765	754
766	754
767	754
768	754
769	754
770	756
771	756
772	756
773	756
774	756
775	756
776	757
777	757
778	762
779	762
780	763
781	763
782	763
783	763
784	765
785	765
786	765
787	766
788	767
789	768
790	768
791	770
792	771
793	772
794	772
795	772
796	772
797	773
798	773
799	773
800	774
801	775
802	775
803	777
804	777
805	778
806	779
807	782
808	782
809	782
810	783
811	783
812	783
813	783
814	786
815	787
816	787
817	787
818	788
819	790
820	790
821	790
822	791
823	791
824	791
825	792
826	793
827	793
828	793
829	793
830	793
831	795
832	796
833	796
834	796
835	797
836	797
837	798
838	801
839	801
840	803
841	804
842	806
843	807
844	807
845	807
846	807
847	808
848	809
849	810
850	811
851	812
852	812
853	813
854	813
855	815
856	817
857	817
858	817
859	818
860	818
861	819
862	819
863	820
864	820
865	820
866	820
867	820
868	820
869	820
870	820
871	821
872	822
873	822
874	824
875	825
876	825
877	825
878	825
879	826
880	827
881	828
882	828
883	828
884	829
885	829
886	831
887	832
888	834
889	835
890	836
891	836
892	837
893	838
894	838
895	838
896	838
897	839
898	839
899	839
900	839
901	839
902	839
903	839
904	839
905	839
906	840
907	841
908	842
909	842
910	843
911	843
912	843
913	846
914	848
915	848
916	849
917	849
918	849
919	849
920	849
921	850
922	852
923	852
924	854
925	854
926	855
927	855
928	856
929	857
930	857
931	857
932	857
933	857
934	857
935	857
936	857
937	857
938	857
939	859
940	859
941	861
942	861
943	861
944	861
945	862
946	863
947	864
948	865
949	865
950	865
951	865
952	865
953	865
954	866
955	866
956	866
957	866
958	866
959	866
960	866
961	867
962	867
963	867
964	869
965	871
966	871
967	871
968	872
969	873
970	874
971	874
972	874
973	876
974	878
975	878
976	878
977	880
978	880
979	880
980	880
981	881
982	882
983	883
984	884
985	884
986	884
987	886
988	886
989	887
990	887
991	889
992	889
993	889
994	889
995	890
996	890
997	890
998	890
999	891
1000	891
1001	892
1002	894
1003	895
1004	896
1005	898
1006	899
1007	899
1008	899
1009	899
1010	899
1011	900
1012	901
1013	901
1014	901
1015	903
1016	903
1017	903
1018	903
1019	903
1020	903
1021	904
1022	905
1023	905
1024	906
1025	906
1026	907
1027	908
1028	908
1029	908
1030	908
1031	909
1032	909
1033	909
1034	909
1035	910
1036	910
1037	910
1038	910
1039	910
1040	910
1041	911
1042	911
1043	914
1044	915
1045	916
1046	916
1047	917
1048	917
1049	917
1050	918
1051	918
1052	919
1053	919
1054	919
1055	919
1056	919
1057	920
1058	921
1059	923
1060	923
1061	924
1062	924
1063	924
1064	924
1065	924
1066	926
1067	926
1068	926
1069	928
1070	928
1071	928
1072	930
1073	930
1074	930
1075	930
1076	931
1077	932
1078	932
1079	932
1080	933
1081	933
1082	933
1083	933
1084	933
1085	934
1086	934
1087	934
1088	935
1089	935
1090	935
1091	935
1092	936
1093	938
1094	938
1095	938
1096	939
1097	939
1098	939
1099	939
1100	939
1101	939
1102	940
1103	940
1104	940
1105	942
1106	942
1107	942
1108	942
1109	942
1110	943
1111	943
1112	944
1113	944
1114	944
1115	944
1116	945
1117	945
1118	945
1119	945
1120	945
1121	946
1122	946
1123	946
1124	948
1125	949
1126	950
1127	951
1128	953
1129	953
1130	955
1131	955
1132	956
1133	956
1134	957
1135	957
1136	957
1137	957
1138	957
1139	957
1140	958
1141	958
1142	958
1143	958
1144	959
1145	962
1146	962
1147	962
1148	962
1149	962
1150	962
1151	962
1152	962
1153	962
1154	962
1155	963
1156	963
1157	963
1158	963
1159	963
1160	963
1161	963
1162	963
1163	963
1164	964
1165	964
1166	965
1167	965
1168	965
1169	968
1170	969
1171	969
1172	969
1173	970
1174	970
1175	970
1176	971
1177	971
1178	971
1179	971
1180	971
1181	971
1182	971
1183	972
1184	972
1185	972
1186	972
1187	973
1188	973
1189	973
1190	973
1191	973
1192	973
1193	973
1194	973
1195	973
1196	973
1197	973
1198	973
1199	974
1200	974
1201	974
1202	976
1203	976
1204	977
1205	977
1206	977
1207	977
1208	977
1209	979
1210	979
1211	979
1212	979
1213	979
1214	979
1215	980
1216	980
1217	980
1218	980
1219	980
1220	981
1221	981
1222	981
1223	981
1224	981
1225	981
1226	982
1227	982
1228	983
1229	983
1230	983
1231	983
1232	984
1233	984
1234	984
1235	985
1236	985
1237	985
1238	985
1239	985
1240	986
1241	986
1242	987
1243	987
1244	987
1245	987
1246	989
1247	989
1248	990
1249	991
1250	992
1251	992
1252	992
1253	992
1254	993
1255	993
1256	994
1257	994
1258	995
1259	995
1260	995
1261	995
1262	995
1263	995
1264	995
1265	996
1266	997
1267	997
1268	997
1269	999
1270	999
1271	999
1272	999
1273	999
1274	999
1275	1000
1276	1000
1277	1000
1278	1000
1279	1000
1280	1000
1281	1001
1282	1003
1283	1003
1284	1003
1285	1004
1286	1004
1287	1005
1288	1006
1289	1006
1290	1006
1291	1006
1292	1006
1293	1006
1294	1006
1295	1006
1296	1006
1297	1006
1298	1006
1299	1007
1300	1007
1301	1007
1302	1007
1303	1007
1304	1007
1305	1008
1306	1009
1307	1009
1308	1010
1309	1010
1310	1010
1311	1010
1312	1010
1313	1010
1314	1010
1315	1010
1316	1010
1317	1010
1318	1012
1319	1012
1320	1012
1321	1012
1322	1012
1323	1013
1324	1014
1325	1014
1326	1014
1327	1016
1328	1016
1329	1016
1330	1016
1331	1016
1332	1016
1333	1017
1334	1017
1335	1017
1336	1017
1337	1017
1338	1017
1339	1017
1340	1017
1341	1017
1342	1017
1343	1017
1344	1018
1345	1018
1346	1018
1347	1019
1348	1019
1349	1019
1350	1019
1351	1019
1352	1019
1353	1019
1354	1019
1355	1019
1356	1019
1357	1019
1358	1019
1359	1019
1360	1019
1361	1022
1362	1022
1363	1022
1364	1022
1365	1023
1366	1023
1367	1023
1368	1023
1369	1023
1370	1023
1371	1023
1372	1023
1373	1025
1374	1025
1375	1026
1376	1027
1377	1027
1378	1027
1379	1028
1380	1028
1381	1029
1382	1030
1383	1030
1384	1030
1385	1030
1386	1031
1387	1031
1388	1031
1389	1031
1390	1032
1391	1032
1392	1032
1393	1032
1394	1033
1395	1033
1396	1033
1397	1033
1398	1033
1399	1033
1400	1033
1401	1033
1402	1033
1403	1034
1404	1035
1405	1035
1406	1035
1407	1035
1408	1035
1409	1035
1410	1035
1411	1036
1412	1037
1413	1037
1414	1037
1415	1037
1416	1037
1417	1037
1418	1037
1419	1038
1420	1038
1421	1038
1422	1039
1423	1040
1424	1040
1425	1040
1426	1041
1427	1041
1428	1041
1429	1041
1430	1041
1431	1041
1432	1041
1433	1041
1434	1041
1435	1041
1436	1041
1437	1042
1438	1042
1439	1043
1440	1043
1441	1045
1442	1045
1443	1045
1444	1045
1445	1045
1446	1045
1447	1045
1448	1046
1449	1046
1450	1047
1451	1047
1452	1047
1453	1047
1454	1048
1455	1048
1456	1048
1457	1048
1458	1049
1459	1049
1460	1049
1461	1050
1462	1050
1463	1050
1464	1050
1465	1050
1466	1050
1467	1050
1468	1050
1469	1050
1470	1051
1471	1051
1472	1051
1473	1051
1474	1051
1475	1051
1476	1051
1477	1051
1478	1051
1479	1051
1480	1051
1481	1051
1482	1051
1483	1052
1484	1052
1485	1053
1486	1053
1487	1053
1488	1053
1489	1053
1490	1053
1491	1055
1492	1055
1493	1055
1494	1055
1495	1055
1496	1055
1497	1055
1498	1056
1499	1056
1500	1056
1501	1056
1502	1056
1503	1056
1504	1056
1505	1057
1506	1057
1507	1057
1508	1057
1509	1057
1510	1057
1511	1057
1512	1057
1513	1057
1514	1058
1515	1058
1516	1058
1517	1058
1518	1059
1519	1059
1520	1060
1521	1060
1522	1060
1523	1060
1524	1060
1525	1060
1526	1061
1527	1061
1528	1062
1529	1063
1530	1063
1531	1063
1532	1063
1533	1063
1534	1063
1535	1063
1536	1063
1537	1063
1538	1063
1539	1063
1540	1063
1541	1063
1542	1063
1543	1063
1544	1063
1545	1063
1546	1064
1547	1064
1548	1066
1549	1066
1550	1067
1551	1068
1552	1068
1553	1068
1554	1069
1555	1070
1556	1071
1557	1072
1558	1073
1559	1073
1560	1073
1561	1073
1562	1073
1563	1073
1564	1073
1565	1073
1566	1073
1567	1073
1568	1073
1569	1073
1570	1073
1571	1074
1572	1074
1573	1074
1574	1074
1575	1074
1576	1074
1577	1075
1578	1075
1579	1075
1580	1075
1581	1075
1582	1075
1583	1075
1584	1075
1585	1075
1586	1075
1587	1075
1588	1075
1589	1075
1590	1076
1591	1076
1592	1076
1593	1076
1594	1076
1595	1076
1596	1076
1597	1076
1598	1078
1599	1078
1600	1079
1601	1079
1602	1080
1603	1080
1604	1080
1605	1080
1606	1080
1607	1081
1608	1081
1609	1081
1610	1081
1611	1081
1612	1081
1613	1081
1614	1081
1615	1082
1616	1082
1617	1082
1618	1082
1619	1082
1620	1082
1621	1082
1622	1082
1623	1082
1624	1082
1625	1082
1626	1082
1627	1082
1628	1082
1629	1083
1630	1083
1631	1083
1632	1083
1633	1083
1634	1083
1635	1083
1636	1083
1637	1083
1638	1083
1639	1083
1640	1083
1641	1083
1642	1083
1643	1084
1644	1085
1645	1086
1646	1086
1647	1086
1648	1086
1649	1086
1650	1086
1651	1087
1652	1087
1653	1087
1654	1087
1655	1088
1656	1088
1657	1088
1658	1088
1659	1088
1660	1088
1661	1088
1662	1088
1663	1088
1664	1088
1665	1088
1666	1089
1667	1089
1668	1090
1669	1090
1670	1090
1671	1090
1672	1090
1673	1090
1674	1090
1675	1090
1676	1090
1677	1090
1678	1090
1679	1090
1680	1090
1681	1090
1682	1090
1683	1091
1684	1091
1685	1091
1686	1091
1687	1092
1688	1092
1689	1092
1690	1092
1691	1092
1692	1092
1693	1093
1694	1093
1695	1093
1696	1093
1697	1093
1698	1093
1699	1094
1700	1094
1701	1094
1702	1094
1703	1094
1704	1095
1705	1095
1706	1095
1707	1095
1708	1095
1709	1095
1710	1095
1711	1095
1712	1095
1713	1095
1714	1095
1715	1095
1716	1095
1717	1095
1718	1095
1719	1096
1720	1096
1721	1096
1722	1096
1723	1096
1724	1096
1725	1096
1726	1096
1727	1096
1728	1096
1729	1096
1730	1096
1731	1096
1732	1096
1733	1096
1734	1096
1735	1096
1736	1096
1737	1097
1738	1097
1739	1097
1740	1097
1741	1097
1742	1097
1743	1098
1744	1099
1745	1099
1746	1099
1747	1099
1748	1099
1749	1099
1750	1099
1751	1100
1752	1100
1753	1100
1754	1101
1755	1101
1756	1101
1757	1102
1758	1102
1759	1102
1760	1102
1761	1102
1762	1102
1763	1102
1764	1102
1765	1102
1766	1102
1767	1102
1768	1102
1769	1103
1770	1103
1771	1103
1772	1103
1773	1103
1774	1103
1775	1103
1776	1103
1777	1103
1778	1104
1779	1104
1780	1104
1781	1104
1782	1105
1783	1106
1784	1106
1785	1106
1786	1107
1787	1107
1788	1108
1789	1109
1790	1109
1791	1109
1792	1109
1793	1109
1794	1109
1795	1109
1796	1109
1797	1109
1798	1109
1799	1109
1800	1109
1801	1109
1802	1110
1803	1110
1804	1110
1805	1110
1806	1110
1807	1110
1808	1110
1809	1110
1810	1110
1811	1110
1812	1110
1813	1110
1814	1110
1815	1110
1816	1110
1817	1110
1818	1110
1819	1110
1820	1111
1821	1111
1822	1111
1823	1111
1824	1111
1825	1111
1826	1111
1827	1111
1828	1111
1829	1111
1830	1111
1831	1112
1832	1112
1833	1112
1834	1112
1835	1112
1836	1112
1837	1112
1838	1112
1839	1112
1840	1112
1841	1112
1842	1112
1843	1112
1844	1112
1845	1112
1846	1112
1847	1112
1848	1112
1849	1112
1850	1112
1851	1112
1852	1112
1853	1113
1854	1113
1855	1113
1856	1114
1857	1114
1858	1114
1859	1114
1860	1114
1861	1114
1862	1114
1863	1114
1864	1114
1865	1114
1866	1114
1867	1114
1868	1114
1869	1114
1870	1114
1871	1114
1872	1114
1873	1114
1874	1114
1875	1114
1876	1114
1877	1114
1878	1114
1879	1114
1880	1114
1881	1114
1882	1114
1883	1114
1884	1114
1885	1114
1886	1115
1887	1115
1888	1115
1889	1116
1890	1116
1891	1116
1892	1116
1893	1116
1894	1116
1895	1116
1896	1116
1897	1116
1898	1116
1899	1116
1900	1118
1901	1118
1902	1118
1903	1118
1904	1118
1905	1118
1906	1118
1907	1118
1908	1118
1909	1118
1910	1118
1911	1118
1912	1118
1913	1118
1914	1119
1915	1119
1916	1119
1917	1119
1918	1120
1919	1120
1920	1120
1921	1120
1922	1121
1923	1121
1924	1121
1925	1121
1926	1121
1927	1121
1928	1121
1929	1121
1930	1121
1931	1121
1932	1121
1933	1121
1934	1121
1935	1121
1936	1121
1937	1121
1938	1121
1939	1121
1940	1121
1941	1121
1942	1121
1943	1121
1944	1121
1945	1121
1946	1121
1947	1121
1948	1121
1949	1121
1950	1121
1951	1121
1952	1121
1953	1121
1954	1121
1955	1121
1956	1121
1957	1121
1958	1123
1959	1123
1960	1123
1961	1124
1962	1124
1963	1124
1964	1124
1965	1124
1966	1124
1967	1124
1968	1124
1969	1124
1970	1124
1971	1124
1972	1124
1973	1124
1974	1124
1975	1124
1976	1124
1977	1124
1978	1124
1979	1124
1980	1124
1981	1124
1982	1124
1983	1124
1984	1124
1985	1125
1986	1125
1987	1125
1988	1125
1989	1125
1990	1125
1991	1126
1992	1126
1993	1126
1994	1126
1995	1126
1996	1126
1997	1126
1998	1126
1999	1126
2000	1126
2001	1126
2002	1126
2003	1126
2004	1126
2005	1126
2006	1126
2007	1126
2008	1126
2009	1126
2010	1126
2011	1126
2012	1126
2013	1126
2014	1126
2015	1126
2016	1126
2017	1126
2018	1126
2019	1126
2020	1126
2021	1126
2022	1126
2023	1126
2024	1126
2025	1126
2026	1126
2027	1127
2028	1127
2029	1127
2030	1128
2031	1128
2032	1128
2033	1128
2034	1128
2035	1128
2036	1129
2037	1129
2038	1129
2039	1129
2040	1129
2041	1129
2042	1129
2043	1129
2044	1129
2045	1129
2046	1129
2047	1130
2048	1130
2049	1130
2050	1130
2051	1130
2052	1130
2053	1130
2054	1130
2055	1130
2056	1131
2057	1131
2058	1131
2059	1131
2060	1131
2061	1132
2062	1132
2063	1132
2064	1133
2065	1133
2066	1134
2067	1134
2068	1134
2069	1134
2070	1134
2071	1134
2072	1134
2073	1134
2074	1134
2075	1134
2076	1134
2077	1134
2078	1134
2079	1134
2080	1134
2081	1134
2082	1135
2083	1135
2084	1135
2085	1135
2086	1135
2087	1136
2088	1136
2089	1136
2090	1136
2091	1136
2092	1136
2093	1136
2094	1136
2095	1136
2096	1136
2097	1136
2098	1136
2099	1136
2100	1136
2101	1136
2102	1136
2103	1136
2104	1137
2105	1137
2106	1137
2107	1137
2108	1137
2109	1137
2110	1137
2111	1137
2112	1137
2113	1137
2114	1137
2115	1137
2116	1138
2117	1138
2118	1138
2119	1138
2120	1138
2121	1138
2122	1138
2123	1138
2124	1138
2125	1138
2126	1138
2127	1138
2128	1138
2129	1138
2130	1138
2131	1138
2132	1138
2133	1138
2134	1138
2135	1138
2136	1138
2137	1138
2138	1138
2139	1138
2140	1138
2141	1138
2142	1138
2143	1138
2144	1138
2145	1139
2146	1139
2147	1139
2148	1139
2149	1139
2150	1139
2151	1139
2152	1139
2153	1140
2154	1140
2155	1140
2156	1140
2157	1140
2158	1140
2159	1140
2160	1141
2161	1141
2162	1141
2163	1141
2164	1141
2165	1141
2166	1141
2167	1141
2168	1141
2169	1141
2170	1141
2171	1141
2172	1141
2173	1141
2174	1141
2175	1141
2176	1141
2177	1141
2178	1141
2179	1141
2180	1141
2181	1141
2182	1141
2183	1141
2184	1142
2185	1142
2186	1142
2187	1142
2188	1142
2189	1142
2190	1142
2191	1142
2192	1142
2193	1142
2194	1142
2195	1142
2196	1142
2197	1142
2198	1142
2199	1142
2200	1142
2201	1142
2202	1142
2203	1142
2204	1142
2205	1142
2206	1142
2207	1142
2208	1142
2209	1142
2210	1142
2211	1142
2212	1142
2213	1142
2214	1142
2215	1142
2216	1142
2217	1143
2218	1143
2219	1143
2220	1143
2221	1143
2222	1143
2223	1144
2224	1144
2225	1144
2226	1144
2227	1144
2228	1144
2229	1144
2230	1144
2231	1144
2232	1144
2233	1144
2234	1144
2235	1144
2236	1144
2237	1144
2238	1144
2239	1144
2240	1144
2241	1144
2242	1144
2243	1144
2244	1144
2245	1144
2246	1144
2247	1144
2248	1144
2249	1144
2250	1144
2251	1144
2252	1144
2253	1145
2254	1145
2255	1145
2256	1145
2257	1145
2258	1145
2259	1145
2260	1145
2261	1145
2262	1146
2263	1147
2264	1147
2265	1147
2266	1147
2267	1147
2268	1147
2269	1147
2270	1147
2271	1147
2272	1147
2273	1147
2274	1147
2275	1147
2276	1148
2277	1148
2278	1148
2279	1148
2280	1148
2281	1148
2282	1148
2283	1148
2284	1149
2285	1149
2286	1149
2287	1149
2288	1149
2289	1149
2290	1149
2291	1149
2292	1150
2293	1150
2294	1150
2295	1150
2296	1150
2297	1150
2298	1150
2299	1150
2300	1150
2301	1150
2302	1150
2303	1150
2304	1150
2305	1150
2306	1150
2307	1150
2308	1151
2309	1151
2310	1151
2311	1151
2312	1151
2313	1151
2314	1151
2315	1151
2316	1151
2317	1151
2318	1151
2319	1151
2320	1151
2321	1151
2322	1151
2323	1151
2324	1151
2325	1152
2326	1152
2327	1152
2328	1152
2329	1152
2330	1152
2331	1152
2332	1152
2333	1152
2334	1152
2335	1152
2336	1152
2337	1153
2338	1153
2339	1153
2340	1153
2341	1153
2342	1153
2343	1153
2344	1153
2345	1153
2346	1153
2347	1153
2348	1153
2349	1153
2350	1154
2351	1154
2352	1154
2353	1154
2354	1154
2355	1154
2356	1154
2357	1154
2358	1154
2359	1154
2360	1154
2361	1154
2362	1154
2363	1154
2364	1154
2365	1154
2366	1154
2367	1154
2368	1154
2369	1154
2370	1154
2371	1154
2372	1154
2373	1154
2374	1154
2375	1154
2376	1154
2377	1154
2378	1154
2379	1154
2380	1154
2381	1154
2382	1154
2383	1154
2384	1154
2385	1154
2386	1155
2387	1155
2388	1155
2389	1155
2390	1155
2391	1155
2392	1155
2393	1155
2394	1156
2395	1156
2396	1156
2397	1156
2398	1156
2399	1156
2400	1156
2401	1156
2402	1156
2403	1156
2404	1156
2405	1156
2406	1156
2407	1156
2408	1156
2409	1156
2410	1156
2411	1156
2412	1156
2413	1156
2414	1156
2415	1156
2416	1156
2417	1156
2418	1156
2419	1158
2420	1158
2421	1158
2422	1158
2423	1158
2424	1158
2425	1158
2426	1158
2427	1158
2428	1159
2429	1159
2430	1159
2431	1159
2432	1159
2433	1159
2434	1159
2435	1159
2436	1159
2437	1159
2438	1159
2439	1159
2440	1159
2441	1159
2442	1159
2443	1159
2444	1159
2445	1159
2446	1159
2447	1159
2448	1159
2449	1159
2450	1160
2451	1160
2452	1160
2453	1161
2454	1161
2455	1161
2456	1161
2457	1161
2458	1161
2459	1161
2460	1161
2461	1161
2462	1161
2463	1161
2464	1161
2465	1161
2466	1161
2467	1161
2468	1161
2469	1161
2470	1161
2471	1161
2472	1161
2473	1161
2474	1161
2475	1161
2476	1161
2477	1161
2478	1161
2479	1161
2480	1161
2481	1161
2482	1161
2483	1161
2484	1161
2485	1161
2486	1161
2487	1161
2488	1161
2489	1161
2490	1161
2491	1161
2492	1161
2493	1161
2494	1161
2495	1161
2496	1161
2497	1161
2498	1161
2499	1161
2500	1161
2501	1163
2502	1163
2503	1163
2504	1163
2505	1163
2506	1163
2507	1163
2508	1163
2509	1163
2510	1164
2511	1164
2512	1164
2513	1164
2514	1164
2515	1164
2516	1164
2517	1164
2518	1164
2519	1164
2520	1164
2521	1164
2522	1164
2523	1164
2524	1164
2525	1164
2526	1164
2527	1164
2528	1164
2529	1164
2530	1164
2531	1165
2532	1165
2533	1165
2534	1165
2535	1165
2536	1165
2537	1165
2538	1165
2539	1165
2540	1166
2541	1166
2542	1166
2543	1166
2544	1166
2545	1166
2546	1166
2547	1166
2548	1166
2549	1166
2550	1166
2551	1166
2552	1166
2553	1166
2554	1166
2555	1166
2556	1166
2557	1166
2558	1166
2559	1166
2560	1166
2561	1166
2562	1166
2563	1166
2564	1166
2565	1166
2566	1166
2567	1166
2568	1166
2569	1166
2570	1167
2571	1167
2572	1167
2573	1167
2574	1167
2575	1167
2576	1167
2577	1167
2578	1167
2579	1167
2580	1167
2581	1167
2582	1167
2583	1167
2584	1167
2585	1167
2586	1167
2587	1167
2588	1167
2589	1167
2590	1167
2591	1167
2592	1167
2593	1167
2594	1167
2595	1167
2596	1167
2597	1167
2598	1167
2599	1167
2600	1167
2601	1167
2602	1167
2603	1167
2604	1167
2605	1167
2606	1167
2607	1167
2608	1167
2609	1167
2610	1167
2611	1167
2612	1167
2613	1167
2614	1167
2615	1167
2616	1167
2617	1167
2618	1167
2619	1167
2620	1167
2621	1167
2622	1167
2623	1167
2624	1167
2625	1167
2626	1167
2627	1167
2628	1167
2629	1167
2630	1167
2631	1167
2632	1167
2633	1167
2634	1167
2635	1167
2636	1167
2637	1167
2638	1167
2639	1167
2640	1167
2641	1167
2642	1167
2643	1167
2644	1167
2645	1167
2646	1168
2647	1168
2648	1168
2649	1168
2650	1168
2651	1168
2652	1168
2653	1169
2654	1169
2655	1169
2656	1169
2657	1169
2658	1169
2659	1169
2660	1169
2661	1169
2662	1169
2663	1169
2664	1169
2665	1169
2666	1169
2667	1169
2668	1169
2669	1169
2670	1169
2671	1169
2672	1169
2673	1169
2674	1169
2675	1169
2676	1169
2677	1169
2678	1169
2679	1169
2680	1169
2681	1170
2682	1170
2683	1170
2684	1170
2685	1170
2686	1170
2687	1170
2688	1170
2689	1171
2690	1171
2691	1171
2692	1171
2693	1171
2694	1171
2695	1171
2696	1171
2697	1171
2698	1171
2699	1171
2700	1171
2701	1171
2702	1171
2703	1171
2704	1171
2705	1171
2706	1171
2707	1171
2708	1171
2709	1171
2710	1171
2711	1171
2712	1171
2713	1171
2714	1171
2715	1171
2716	1171
2717	1171
2718	1171
2719	1171
2720	1171
2721	1171
2722	1171
2723	1171
2724	1171
2725	1171
2726	1171
2727	1171
2728	1171
2729	1171
2730	1171
2731	1171
2732	1171
2733	1171
2734	1171
2735	1171
2736	1171
2737	1171
2738	1172
2739	1172
2740	1172
2741	1172
2742	1172
2743	1172
2744	1172
2745	1172
2746	1172
2747	1172
2748	1172
2749	1172
2750	1173
2751	1173
2752	1173
2753	1173
2754	1173
2755	1173
2756	1173
2757	1173
2758	1173
2759	1173
2760	1173
2761	1173
2762	1173
2763	1173
2764	1173
2765	1173
2766	1173
2767	1173
2768	1173
2769	1173
2770	1173
2771	1173
2772	1173
2773	1173
2774	1173
2775	1173
2776	1173
2777	1173
2778	1173
2779	1173
2780	1174
2781	1175
2782	1175
2783	1175
2784	1175
2785	1175
2786	1175
2787	1175
2788	1175
2789	1175
2790	1175
2791	1175
2792	1175
2793	1175
2794	1175
2795	1175
2796	1175
2797	1175
2798	1175
2799	1175
2800	1175
2801	1175
2802	1175
2803	1175
2804	1175
2805	1175
2806	1175
2807	1175
2808	1175
2809	1175
2810	1175
2811	1176
2812	1176
2813	1176
2814	1176
2815	1176
2816	1176
2817	1176
2818	1176
2819	1176
2820	1176
2821	1176
2822	1176
2823	1176
2824	1176
2825	1176
2826	1176
2827	1176
2828	1176
2829	1176
2830	1176
2831	1176
2832	1176
2833	1176
2834	1176
2835	1176
2836	1176
2837	1176
2838	1176
2839	1176
2840	1176
2841	1176
2842	1176
2843	1176
2844	1176
2845	1176
2846	1176
2847	1176
2848	1176
2849	1176
2850	1176
2851	1176
2852	1176
2853	1176
2854	1176
2855	1176
2856	1176
2857	1176
2858	1176
2859	1176
2860	1176
2861	1176
2862	1176
2863	1176
2864	1176
2865	1176
2866	1176
2867	1176
2868	1176
2869	1176
2870	1176
2871	1176
2872	1176
2873	1176
2874	1176
2875	1176
2876	1176
2877	1176
2878	1176
2879	1176
2880	1176
2881	1176
2882	1176
2883	1176
2884	1176
2885	1176
2886	1176
2887	1176
2888	1176
2889	1176
2890	1176
2891	1176
2892	1176
2893	1176
2894	1176
2895	1176
2896	1176
2897	1176
2898	1176
2899	1176
2900	1176
2901	1176
2902	1176
2903	1176
2904	1176
2905	1176
2906	1176
2907	1176
2908	1176
2909	1176
2910	1176
2911	1176
2912	1176
2913	1176
2914	1176
2915	1176
2916	1176
2917	1176
2918	1176
2919	1176
2920	1176
2921	1177
2922	1177
2923	1178
2924	1178
2925	1178
2926	1178
2927	1178
2928	1178
2929	1178
2930	1178
2931	1178
2932	1178
2933	1178
2934	1178
2935	1178
2936	1178
2937	1178
2938	1179
2939	1179
2940	1179
2941	1179
2942	1179
2943	1179
2944	1179
2945	1179
2946	1179
2947	1179
2948	1179
2949	1179
2950	1179
2951	1179
2952	1179
2953	1179
2954	1179
2955	1179
2956	1179
2957	1179
2958	1179
2959	1179
2960	1179
2961	1179
2962	1179
2963	1179
2964	1179
2965	1179
2966	1179
2967	1179
2968	1179
2969	1179
2970	1179
2971	1179
2972	1179
2973	1179
2974	1179
2975	1179
2976	1179
2977	1179
2978	1180
2979	1180
2980	1180
2981	1180
2982	1180
2983	1180
2984	1180
2985	1180
2986	1180
2987	1180
2988	1180
2989	1180
2990	1180
2991	1180
2992	1180
2993	1180
2994	1180
2995	1180
2996	1180
2997	1181
2998	1181
2999	1181
3000	1181
3001	1181
3002	1181
3003	1181
3004	1181
3005	1181
3006	1181
3007	1181
3008	1181
3009	1181
3010	1181
3011	1181
3012	1181
3013	1181
3014	1181
3015	1181
3016	1181
3017	1181
3018	1181
3019	1181
3020	1181
3021	1181
3022	1181
3023	1181
3024	1181
3025	1181
3026	1181
3027	1181
3028	1181
3029	1181
3030	1181
3031	1181
3032	1181
3033	1181
3034	1181
3035	1181
3036	1181
3037	1181
3038	1181
3039	1181
3040	1181
3041	1181
3042	1181
3043	1181
3044	1181
3045	1181
3046	1181
3047	1181
3048	1181
3049	1181
3050	1181
3051	1181
3052	1181
3053	1181
3054	1181
3055	1181
3056	1181
3057	1181
3058	1181
3059	1181
3060	1181
3061	1181
3062	1181
3063	1181
3064	1181
3065	1181
3066	1181
3067	1181
3068	1181
3069	1181
3070	1181
3071	1181
3072	1181
3073	1181
3074	1181
3075	1181
3076	1181
3077	1181
3078	1181
3079	1181
3080	1181
3081	1181
3082	1181
3083	1181
3084	1181
3085	1181
3086	1181
3087	1181
3088	1181
3089	1181
3090	1182
3091	1182
3092	1182
3093	1182
3094	1182
3095	1182
3096	1182
3097	1182
3098	1182
3099	1182
3100	1182
3101	1182
3102	1182
3103	1182
3104	1182
3105	1182
3106	1182
3107	1182
3108	1182
3109	1182
3110	1182
3111	1182
3112	1182
3113	1182
3114	1182
3115	1182
3116	1182
3117	1182
3118	1182
3119	1182
3120	1182
3121	1182
3122	1182
3123	1182
3124	1182
3125	1182
3126	1182
3127	1182
3128	1182
3129	1182
3130	1182
3131	1182
3132	1182
3133	1182
3134	1182
3135	1182
3136	1182
3137	1183
3138	1183
3139	1183
3140	1183
3141	1183
3142	1183
3143	1183
3144	1183
3145	1183
3146	1183
3147	1183
3148	1183
3149	1183
3150	1183
3151	1183
3152	1183
3153	1183
3154	1183
3155	1183
3156	1183
3157	1183
3158	1183
3159	1183
3160	1183
3161	1183
3162	1183
3163	1183
3164	1183
3165	1183
3166	1183
3167	1183
3168	1183
3169	1183
3170	1183
3171	1183
3172	1183
3173	1183
3174	1183
3175	1183
3176	1183
3177	1183
3178	1183
3179	1183
3180	1183
3181	1183
3182	1183
3183	1183
3184	1183
3185	1183
3186	1183
3187	1183
3188	1183
3189	1183
3190	1183
3191	1183
3192	1183
3193	1183
3194	1183
3195	1183
3196	1183
3197	1183
3198	1183
3199	1183
3200	1183
3201	1183
3202	1183
3203	1183
3204	1183
3205	1183
3206	1183
3207	1183
3208	1183
3209	1183
3210	1183
3211	1183
3212	1183
3213	1183
3214	1183
3215	1183
3216	1183
3217	1183
3218	1183
3219	1183
3220	1183
3221	1183
3222	1183
3223	1183
3224	1183
3225	1183
3226	1183
3227	1184
3228	1184
3229	1184
3230	1184
3231	1184
3232	1184
3233	1184
3234	1184
3235	1184
3236	1184
3237	1184
3238	1184
3239	1184
3240	1184
3241	1184
3242	1184
3243	1184
3244	1184
3245	1184
3246	1184
3247	1184
3248	1184
3249	1184
3250	1184
3251	1184
3252	1184
3253	1184
3254	1184
3255	1184
3256	1184
3257	1184
3258	1184
3259	1184
3260	1184
3261	1184
3262	1184
3263	1184
3264	1184
3265	1184
3266	1184
3267	1184
3268	1184
3269	1184
3270	1184
3271	1184
3272	1184
3273	1184
3274	1184
3275	1184
3276	1184
3277	1184
3278	1184
3279	1184
3280	1184
3281	1184
3282	1184
3283	1184
3284	1184
3285	1184
3286	1184
3287	1184
3288	1184
3289	1184
3290	1184
3291	1184
3292	1184
3293	1184
3294	1184
3295	1184
3296	1184
3297	1184
3298	1184
3299	1184
3300	1184
3301	1184
3302	1184
3303	1184
3304	1184
3305	1184
3306	1184
3307	1184
3308	1184
3309	1184
3310	1184
3311	1184
3312	1185
3313	1185
3314	1185
3315	1185
3316	1185
3317	1185
3318	1185
3319	1185
3320	1185
3321	1185
3322	1185
3323	1185
3324	1185
3325	1185
3326	1185
3327	1185
3328	1185
3329	1185
3330	1185
3331	1185
3332	1185
3333	1185
3334	1185
3335	1185
3336	1185
3337	1185
3338	1185
3339	1185
3340	1185
3341	1185
3342	1185
3343	1185
3344	1185
3345	1185
3346	1185
3347	1185
3348	1185
3349	1185
3350	1185
3351	1185
3352	1185
3353	1185
3354	1185
3355	1185
3356	1185
3357	1185
3358	1185
3359	1185
3360	1185
3361	1185
3362	1185
3363	1185
3364	1185
3365	1185
3366	1185
3367	1185
3368	1185
3369	1185
3370	1185
3371	1185
3372	1185
3373	1185
3374	1185
3375	1185
3376	1186
3377	1186
3378	1186
3379	1186
3380	1186
3381	1186
3382	1186
3383	1186
3384	1186
3385	1186
3386	1186
3387	1186
3388	1186
3389	1186
3390	1186
3391	1186
3392	1186
3393	1186
3394	1186
3395	1186
3396	1186
3397	1186
3398	1186
3399	1186
3400	1186
3401	1186
3402	1186
3403	1186
3404	1186
3405	1186
3406	1186
3407	1186
3408	1186
3409	1186
3410	1186
3411	1186
3412	1186
3413	1186
3414	1186
3415	1186
3416	1186
3417	1186
3418	1186
3419	1186
3420	1186
3421	1186
3422	1186
3423	1186
3424	1186
3425	1186
3426	1186
3427	1186
3428	1186
3429	1186
3430	1186
3431	1186
3432	1186
3433	1186
3434	1186
3435	1186
3436	1186
3437	1186
3438	1186
3439	1186
3440	1186
3441	1186
3442	1186
3443	1186
3444	1186
3445	1186
3446	1186
3447	1186
3448	1186
3449	1186
3450	1186
3451	1186
3452	1186
3453	1186
3454	1186
3455	1186
3456	1186
3457	1187
3458	1187
3459	1187
3460	1187
3461	1187
3462	1187
3463	1187
3464	1187
3465	1187
3466	1187
3467	1187
3468	1187
3469	1187
3470	1187
3471	1187
3472	1187
3473	1187
3474	1187
3475	1187
3476	1187
3477	1187
3478	1187
3479	1187
3480	1187
3481	1187
3482	1187
3483	1187
3484	1187
3485	1187
3486	1187
3487	1187
3488	1187
3489	1187
3490	1187
3491	1187
3492	1187
3493	1187
3494	1187
3495	1187
3496	1187
3497	1187
3498	1187
3499	1187
3500	1187
3501	1187
3502	1187
3503	1187
3504	1187
3505	1187
3506	1187
3507	1187
3508	1187
3509	1187
3510	1187
3511	1187
3512	1187
3513	1187
3514	1187
3515	1188
3516	1188
3517	1188
3518	1188
3519	1188
3520	1188
3521	1188
3522	1188
3523	1188
3524	1188
3525	1188
3526	1188
3527	1188
3528	1188
3529	1188
3530	1188
3531	1188
3532	1188
3533	1188
3534	1188
3535	1188
3536	1188
3537	1188
3538	1188
3539	1188
3540	1188
3541	1188
3542	1188
3543	1188
3544	1188
3545	1188
3546	1188
3547	1188
3548	1188
3549	1188
3550	1188
3551	1188
3552	1188
3553	1188
3554	1188
3555	1188
3556	1188
3557	1188
3558	1188
3559	1188
3560	1188
3561	1188
3562	1188
3563	1188
3564	1188
3565	1188
3566	1188
3567	1189
3568	1189
3569	1189
3570	1189
3571	1189
3572	1189
3573	1189
3574	1189
3575	1189
3576	1189
3577	1189
3578	1189
3579	1189
3580	1189
3581	1189
3582	1189
3583	1189
3584	1189
3585	1189
3586	1189
3587	1189
3588	1189
3589	1189
3590	1189
3591	1189
3592	1189
3593	1189
3594	1189
3595	1189
3596	1189
3597	1189
3598	1189
3599	1189
3600	1189
3601	1189
3602	1189
3603	1189
3604	1189
3605	1189
3606	1189
3607	1189
3608	1189
3609	1189
3610	1190
3611	1190
3612	1190
3613	1190
3614	1190
3615	1190
3616	1190
3617	1190
3618	1190
3619	1190
3620	1190
3621	1190
3622	1190
3623	1190
3624	1190
3625	1190
3626	1190
3627	1190
3628	1190
3629	1190
3630	1190
3631	1190
3632	1190
3633	1190
3634	1190
3635	1190
3636	1190
3637	1190
3638	1190
3639	1190
3640	1190
3641	1190
3642	1190
3643	1190
3644	1190
3645	1190
3646	1190
3647	1190
3648	1190
3649	1190
3650	1190
3651	1190
3652	1190
3653	1190
3654	1190
3655	1190
3656	1190
3657	1190
3658	1190
3659	1190
3660	1190
3661	1190
3662	1190
3663	1190
3664	1190
3665	1190
3666	1190
3667	1190
3668	1190
3669	1190
3670	1190
3671	1190
3672	1190
3673	1190
3674	1190
3675	1190
3676	1190
3677	1190
3678	1190
3679	1190
3680	1190
3681	1191
3682	1191
3683	1191
3684	1191
3685	1191
3686	1191
3687	1191
3688	1191
3689	1191
3690	1191
3691	1191
3692	1191
3693	1191
3694	1191
3695	1191
3696	1191
3697	1191
3698	1191
3699	1191
3700	1191
3701	1191
3702	1191
3703	1191
3704	1191
3705	1191
3706	1191
3707	1191
3708	1192
3709	1192
3710	1192
3711	1192
3712	1192
3713	1192
3714	1192
3715	1192
3716	1192
3717	1192
3718	1192
3719	1192
3720	1192
3721	1192
3722	1192
3723	1192
3724	1192
3725	1192
3726	1192
3727	1192
3728	1192
3729	1192
3730	1192
3731	1192
3732	1192
3733	1192
3734	1192
3735	1192
3736	1192
3737	1192
3738	1192
3739	1192
3740	1192
3741	1192
3742	1192
3743	1192
3744	1192
3745	1192
3746	1192
3747	1192
3748	1192
3749	1192
3750	1192
3751	1192
3752	1192
3753	1192
3754	1192
3755	1192
3756	1192
3757	1192
3758	1192
3759	1192
3760	1192
3761	1192
3762	1192
3763	1192
3764	1192
3765	1192
3766	1192
3767	1192
3768	1192
3769	1192
3770	1192
3771	1192
3772	1192
3773	1192
3774	1192
3775	1192
3776	1192
3777	1192
3778	1192
3779	1192
3780	1192
3781	1192
3782	1192
3783	1192
3784	1192
3785	1192
3786	1192
3787	1192
3788	1192
3789	1192
3790	1192
3791	1192
3792	1192
3793	1192
3794	1192
3795	1192
3796	1192
3797	1192
3798	1192
3799	1192
3800	1192
3801	1192
3802	1192
3803	1192
3804	1192
3805	1192
3806	1192
3807	1192
3808	1192
3809	1192
3810	1192
3811	1192
3812	1192
3813	1192
3814	1192
3815	1192
3816	1192
3817	1192
3818	1192
3819	1192
3820	1192
3821	1192
3822	1192
3823	1192
3824	1192
3825	1192
3826	1192
3827	1192
3828	1192
3829	1192
3830	1192
3831	1192
3832	1192
3833	1192
3834	1192
3835	1192
3836	1192
3837	1192
3838	1192
3839	1192
3840	1192
3841	1192
3842	1192
3843	1192
3844	1192
3845	1192
3846	1192
3847	1192
3848	1192
3849	1192
3850	1192
3851	1192
3852	1192
3853	1192
3854	1192
3855	1192
3856	1192
3857	1192
3858	1192
3859	1192
3860	1192
3861	1192
3862	1192
3863	1192
3864	1192
3865	1192
3866	1192
3867	1192
3868	1192
3869	1192
3870	1192
3871	1192
3872	1192
3873	1192
3874	1192
3875	1192
3876	1192
3877	1192
3878	1192
3879	1192
3880	1192
3881	1192
3882	1192
3883	1192
3884	1192
3885	1192
3886	1192
3887	1192
3888	1192
3889	1192
3890	1192
3891	1192
3892	1192
3893	1192
3894	1192
3895	1192
3896	1192
3897	1192
3898	1192
3899	1192
3900	1192
3901	1192
3902	1192
3903	1192
3904	1192
3905	1192
3906	1192
3907	1192
3908	1192
3909	1192
3910	1193
3911	1193
3912	1193
3913	1193
3914	1193
3915	1193
3916	1193
3917	1193
3918	1193
3919	1193
3920	1193
3921	1193
3922	1193
3923	1193
3924	1193
3925	1193
3926	1193
3927	1193
3928	1193
3929	1193
3930	1193
3931	1193
3932	1193
3933	1193
3934	1193
3935	1193
3936	1193
3937	1193
3938	1193
3939	1193
3940	1193
3941	1193
3942	1193
3943	1193
3944	1193
3945	1193
3946	1193
3947	1193
3948	1193
3949	1193
3950	1193
3951	1193
3952	1193
3953	1193
3954	1193
3955	1193
3956	1193
3957	1193
3958	1193
3959	1193
3960	1193
3961	1193
3962	1193
3963	1193
3964	1193
3965	1193
3966	1193
3967	1193
3968	1193
3969	1193
3970	1193
3971	1193
3972	1193
3973	1193
3974	1193
3975	1193
3976	1193
3977	1193
3978	1193
3979	1193
3980	1193
3981	1193
3982	1193
3983	1193
3984	1193
3985	1193
3986	1193
3987	1193
3988	1193
3989	1193
3990	1193
3991	1193
3992	1193
3993	1193
3994	1193
3995	1193
3996	1193
3997	1193
3998	1193
3999	1193
4000	1193
4001	1193
4002	1193
4003	1193
4004	1193
4005	1193
4006	1194
4007	1194
4008	1194
4009	1194
4010	1194
4011	1194
4012	1194
4013	1194
4014	1194
4015	1194
4016	1194
4017	1194
4018	1194
4019	1194
4020	1194
4021	1194
4022	1194
4023	1194
4024	1194
4025	1194
4026	1194
4027	1194
4028	1194
4029	1194
4030	1194
4031	1194
4032	1194
4033	1194
4034	1194
4035	1194
4036	1194
4037	1194
4038	1194
4039	1194
4040	1194
4041	1194
4042	1194
4043	1194
4044	1194
4045	1194
4046	1194
4047	1194
4048	1194
4049	1194
4050	1194
4051	1194
4052	1194
4053	1194
4054	1194
4055	1194
4056	1194
4057	1194
4058	1194
4059	1194
4060	1194
4061	1194
4062	1194
4063	1194
4064	1194
4065	1194
4066	1194
4067	1194
4068	1194
4069	1194
4070	1195
4071	1195
4072	1195
4073	1195
4074	1195
4075	1195
4076	1195
4077	1195
4078	1195
4079	1195
4080	1195
4081	1195
4082	1195
4083	1195
4084	1195
4085	1195
4086	1195
4087	1195
4088	1195
4089	1195
4090	1195
4091	1195
4092	1195
4093	1195
4094	1195
4095	1195
4096	1195
4097	1195
4098	1195
4099	1195
4100	1195
4101	1195
4102	1195
4103	1195
4104	1195
4105	1195
4106	1195
4107	1195
4108	1195
4109	1195
4110	1195
4111	1195
4112	1195
4113	1195
4114	1195
4115	1195
4116	1195
4117	1195
4118	1195
4119	1195
4120	1195
4121	1195
4122	1195
4123	1195
4124	1195
4125	1195
4126	1195
4127	1195
4128	1195
4129	1195
4130	1195
4131	1195
4132	1195
4133	1195
4134	1195
4135	1195
4136	1195
4137	1195
4138	1195
4139	1195
4140	1195
4141	1195
4142	1195
4143	1195
4144	1195
4145	1195
4146	1195
4147	1195
4148	1195
4149	1195
4150	1195
4151	1195
4152	1195
4153	1195
4154	1195
4155	1195
4156	1195
4157	1195
4158	1195
4159	1195
4160	1195
4161	1195
4162	1195
4163	1195
4164	1195
4165	1195
4166	1195
4167	1195
4168	1195
4169	1195
4170	1195
4171	1195
4172	1195
4173	1195
4174	1195
4175	1195
4176	1195
4177	1195
4178	1195
4179	1195
4180	1195
4181	1195
4182	1195
4183	1195
4184	1195
4185	1195
4186	1195
4187	1195
4188	1195
4189	1195
4190	1195
4191	1195
4192	1195
4193	1195
4194	1195
4195	1195
4196	1195
4197	1195
4198	1195
4199	1195
4200	1195
4201	1195
4202	1195
4203	1195
4204	1195
4205	1195
4206	1195
4207	1195
4208	1195
4209	1195
4210	1195
4211	1195
4212	1195
4213	1195
4214	1195
4215	1195
4216	1195
4217	1195
4218	1195
4219	1195
4220	1195
4221	1195
4222	1195
4223	1195
4224	1195
4225	1195
4226	1195
4227	1195
4228	1195
4229	1195
4230	1195
4231	1195
4232	1195
4233	1195
4234	1195
4235	1195
4236	1195
4237	1195
4238	1195
4239	1195
4240	1195
4241	1195
4242	1195
4243	1195
4244	1195
4245	1195
4246	1195
4247	1195
4248	1195
4249	1195
4250	1195
4251	1195
4252	1195
4253	1195
4254	1195
4255	1195
4256	1195
4257	1195
4258	1195
4259	1195
4260	1195
4261	1195
4262	1195
4263	1195
4264	1195
4265	1195
4266	1195
4267	1195
4268	1195
4269	1195
4270	1195
4271	1195
4272	1195
4273	1195
4274	1195
4275	1195
4276	1195
4277	1195
4278	1195
4279	1195
4280	1195
4281	1195
4282	1195
4283	1195
4284	1195
4285	1195
4286	1195
4287	1195
4288	1195
4289	1195
4290	1195
4291	1195
4292	1195
4293	1195
4294	1195
4295	1195
4296	1195
4297	1195
4298	1195
4299	1195
4300	1195
4301	1195
4302	1195
4303	1195
4304	1195
4305	1195
4306	1195
4307	1195
4308	1195
4309	1195
4310	1195
4311	1195
4312	1195
4313	1195
4314	1195
4315	1195
4316	1195
4317	1195
4318	1195
4319	1195
4320	1195
4321	1195
4322	1195
4323	1195
4324	1195
4325	1195
4326	1195
4327	1195
4328	1195
4329	1195
4330	1195
4331	1195
4332	1195
4333	1195
4334	1195
4335	1195
4336	1195
4337	1195
4338	1195
4339	1195
4340	1195
4341	1195
4342	1195
4343	1195
4344	1195
4345	1195
4346	1195
4347	1195
4348	1195
4349	1195
4350	1195
4351	1195
4352	1195
4353	1195
4354	1195
4355	1195
4356	1195
4357	1195
4358	1195
4359	1195
4360	1195
4361	1195
4362	1195
4363	1195
4364	1195
4365	1195
4366	1195
4367	1195
4368	1195
4369	1195
4370	1195
4371	1195
4372	1195
4373	1195
4374	1195
4375	1195
4376	1195
4377	1195
4378	1195
4379	1195
4380	1195
4381	1195
4382	1195
4383	1195
4384	1195
4385	1195
4386	1195
4387	1195
4388	1195
4389	1195
4390	1195
4391	1195
4392	1195
4393	1195
4394	1195
4395	1195
4396	1195
4397	1195
4398	1195
4399	1195
4400	1195
4401	1195
4402	1195
4403	1195
4404	1195
4405	1195
4406	1195
4407	1195
4408	1195
4409	1195
4410	1195
4411	1195
4412	1195
4413	1195
4414	1195
4415	1195
4416	1195
4417	1195
4418	1195
4419	1195
4420	1195
4421	1195
4422	1195
4423	1195
4424	1195
4425	1195
4426	1195
4427	1195
4428	1195
4429	1195
4430	1195
4431	1195
4432	1195
4433	1195
4434	1195
4435	1195
4436	1195
4437	1195
4438	1195
4439	1195
4440	1195
4441	1195
4442	1195
4443	1195
4444	1195
4445	1195
4446	1195
4447	1195
4448	1195
4449	1195
4450	1195
4451	1195
4452	1195
4453	1195
4454	1195
4455	1195
4456	1195
4457	1195
4458	1195
4459	1195
4460	1195
4461	1195
4462	1195
4463	1195
4464	1195
4465	1195
4466	1195
4467	1195
4468	1195
4469	1195
4470	1195
4471	1195
4472	1195
4473	1195
4474	1195
4475	1195
4476	1195
4477	1195
4478	1195
4479	1195
4480	1195
4481	1195
4482	1195
4483	1195
4484	1195
4485	1195
4486	1195
4487	1195
4488	1195
4489	1195
4490	1195
4491	1195
4492	1195
4493	1195
4494	1195
4495	1195
4496	1195
4497	1195
4498	1195
4499	1195
4500	1195
4501	1195
4502	1195
4503	1195
4504	1195
4505	1195
4506	1195
4507	1195
4508	1195
4509	1195
4510	1195
4511	1195
4512	1195
4513	1195
4514	1195
4515	1195
4516	1195
4517	1195
4518	1195
4519	1195
4520	1195
4521	1195
4522	1195
4523	1195
4524	1195
4525	1195
4526	1195
4527	1195
4528	1195
4529	1195
4530	1195
4531	1195
4532	1195
4533	1195
4534	1195
4535	1195
4536	1195
4537	1195
4538	1195
4539	1195
4540	1195
4541	1195
4542	1195
4543	1195
4544	1195
4545	1195
4546	1195
4547	1195
4548	1195
4549	1195
4550	1195
4551	1195
4552	1195
4553	1195
4554	1195
4555	1195
4556	1195
4557	1195
4558	1195
4559	1195
4560	1195
4561	1195
4562	1195
4563	1195
4564	1195
4565	1195
4566	1195
4567	1195
4568	1195
4569	1195
4570	1195
4571	1195
4572	1195
4573	1195
4574	1195
4575	1195
4576	1195
4577	1195
4578	1195
4579	1195
4580	1195
4581	1195
4582	1195
4583	1195
4584	1195
4585	1195
4586	1195
4587	1195
4588	1195
4589	1195
4590	1195
4591	1195
4592	1195
4593	1195
4594	1195
4595	1195
4596	1195
4597	1195
4598	1195
4599	1195
4600	1195
4601	1195
4602	1195
4603	1195
4604	1195
4605	1195
4606	1195
4607	1195
4608	1195
4609	1195
4610	1195
4611	1195
4612	1195
4613	1195
4614	1195
4615	1195
4616	1195
4617	1195
4618	1195
4619	1195
4620	1195
4621	1195
4622	1195
4623	1195
4624	1195
4625	1195
4626	1195
4627	1195
4628	1195
4629	1195
4630	1195
4631	1195
4632	1195
4633	1195
4634	1195
4635	1195
4636	1195
4637	1195
4638	1195
4639	1195
4640	1195
4641	1195
4642	1195
4643	1195
4644	1195
4645	1195
4646	1195
4647	1195
4648	1195
4649	1195
4650	1195
4651	1195
4652	1195
4653	1195
4654	1195
4655	1195
4656	1195
4657	1195
4658	1195
4659	1195
4660	1195
4661	1195
4662	1195
4663	1195
4664	1195
4665	1195
4666	1195
4667	1195
4668	1195
4669	1195
4670	1195
4671	1195
4672	1195
4673	1195
4674	1195
4675	1195
4676	1195
4677	1195
4678	1195
4679	1195
4680	1195
4681	1195
4682	1195
4683	1195
4684	1195
4685	1195
4686	1195
4687	1195
4688	1195
4689	1195
4690	1195
4691	1195
4692	1195
4693	1195
4694	1195
4695	1195
4696	1195
4697	1195
4698	1195
4699	1195
4700	1195
4701	1195
4702	1195
4703	1195
4704	1195
4705	1195
4706	1195
4707	1195
4708	1195
4709	1195
4710	1195
4711	1195
4712	1195
4713	1195
4714	1195
4715	1195
4716	1195
4717	1195
4718	1195
4719	1195
4720	1195
4721	1195
4722	1195
4723	1195
4724	1195
4725	1195
4726	1195
4727	1195
4728	1195
4729	1195
4730	1195
4731	1195
4732	1195
4733	1195
4734	1195
4735	1195
4736	1195
4737	1195
4738	1195
4739	1195
4740	1195
4741	1195
4742	1195
4743	1195
4744	1195
4745	1195
4746	1195
4747	1195
4748	1195
4749	1195
4750	1195
4751	1195
4752	1195
4753	1195
4754	1195
4755	1195
4756	1195
4757	1195
4758	1195
4759	1195
4760	1195
4761	1195
4762	1195
4763	1195
4764	1195
4765	1195
4766	1195
4767	1195
4768	1195
4769	1195
4770	1195
4771	1195
4772	1195
4773	1195
4774	1195
4775	1195
4776	1195
4777	1195
4778	1195
4779	1195
4780	1195
4781	1195
4782	1195
4783	1195
4784	1195
4785	1195
4786	1195
4787	1195
4788	1195
4789	1195
4790	1195
4791	1195
4792	1195
4793	1195
4794	1195
4795	1195
4796	1195
4797	1195
4798	1195
4799	1195
4800	1195
4801	1195
4802	1195
4803	1195
4804	1195
4805	1195
4806	1195
4807	1195
4808	1195
4809	1195
4810	1195
4811	1195
4812	1195
4813	1195
4814	1195
4815	1195
4816	1195
4817	1195
4818	1195
4819	1195
4820	1195
4821	1195
4822	1195
4823	1195
4824	1195
4825	1195
4826	1195
4827	1195
4828	1195
4829	1195
4830	1195
4831	1195
4832	1195
4833	1195
4834	1195
4835	1195
4836	1195
4837	1195
4838	1195
4839	1195
4840	1195
4841	1195
4842	1195
4843	1195
4844	1195
4845	1195
4846	1195
4847	1195
4848	1195
4849	1195
4850	1195
4851	1195
4852	1195
4853	1195
4854	1195
4855	1195
4856	1195
4857	1195
4858	1195
4859	1195
4860	1195
4861	1195
4862	1195
4863	1195
4864	1195
4865	1195
4866	1195
4867	1195
4868	1195
4869	1195
4870	1195
4871	1195
4872	1195
4873	1195
4874	1195
4875	1195
4876	1195
4877	1195
4878	1195
4879	1195
4880	1195
4881	1195
4882	1195
4883	1195
4884	1195
4885	1195
4886	1195
4887	1195
4888	1195
4889	1195
4890	1195
4891	1195
4892	1195
4893	1195
4894	1195
4895	1195
4896	1195
4897	1195
4898	1195
4899	1195
4900	1195
4901	1195
4902	1195
4903	1195
4904	1195
4905	1195
4906	1195
4907	1195
4908	1195
4909	1195
4910	1195
4911	1195
4912	1195
4913	1195
4914	1195
4915	1195
4916	1195
4917	1195
4918	1195
4919	1195
4920	1195
4921	1195
4922	1195
4923	1195
4924	1195
4925	1195
4926	1195
4927	1195
4928	1195
4929	1195
4930	1195
4931	1195
4932	1195
4933	1195
4934	1195
4935	1195
4936	1195
4937	1195
4938	1195
4939	1195
4940	1195
4941	1195
4942	1195
4943	1195
4944	1195
4945	1195
4946	1195
4947	1195
4948	1195
4949	1195
4950	1195
4951	1195
4952	1195
4953	1195
4954	1195
4955	1195
4956	1195
4957	1195
4958	1195
4959	1195
4960	1195
4961	1196
4962	1196
4963	1196
4964	1196
4965	1196
4966	1196
4967	1196
4968	1196
4969	1196
4970	1196
4971	1196
4972	1196
4973	1196
4974	1196
4975	1196
4976	1196
4977	1196
4978	1196
4979	1196
4980	1196
4981	1196
4982	1196
4983	1196
4984	1196
4985	1196
4986	1196
4987	1196
4988	1196
4989	1196
4990	1196
4991	1196
4992	1196
4993	1196
4994	1196
4995	1196
4996	1196
4997	1196
4998	1196
4999	1196

