0	0
1	0
2	0
3	0
4	0
5	0
6	0
7	0
8	0
9	0
10	0
11	0
12	0
13	0
14	0
15	0
16	0
17	0
18	0
19	0
20	0
21	0
22	0
23	0
24	0
25	0
26	0
27	0
28	0
29	0
30	0
31	0
32	0
33	0
34	0
35	0
36	0
37	0
38	0
39	0
40	0
41	0
42	0
43	0
44	0
45	0
46	0
47	0
48	0
49	0
50	0
51	0
52	0
53	0
54	0
55	0
56	0
57	0
58	0
59	0
60	0
61	0
62	0
63	0
64	0
65	0
66	0
67	0
68	0
69	0
70	0
71	0
72	0
73	0
74	0
75	0
76	0
77	1
78	1
79	1
80	1
81	1
82	1
83	1
84	1
85	1
86	1
87	1
88	1
89	2
90	2
91	2
92	2
93	2
94	2
95	3
96	3
97	3
98	4
99	4
100	4
101	5
102	7
103	7
104	7
105	7
106	7
107	7
108	8
109	8
110	9
111	10
112	10
113	10
114	10
115	11
116	11
117	11
118	12
119	14
120	14
121	14
122	15
123	16
124	16
125	19
126	20
127	20
128	22
129	22
130	24
131	28
132	28
133	29
134	29
135	31
136	32
137	32
138	34
139	35
140	37
141	37
142	39
143	40
144	41
145	41
146	43
147	44
148	45
149	45
150	46
151	49
152	52
153	53
154	54
155	57
156	59
157	61
158	61
159	62
160	66
161	69
162	70
163	70
164	71
165	73
166	75
167	77
168	78
169	81
170	82
171	83
172	84
173	88
174	89
175	92
176	98
177	99
178	101
179	103
180	105
181	106
182	106
183	108
184	108
185	110
186	111
187	111
188	112
189	114
190	119
191	120
192	123
193	123
194	126
195	131
196	133
197	133
198	135
199	137
200	139
201	141
202	142
203	143
204	143
205	143
206	143
207	144
208	146
209	148
210	149
211	151
212	152
213	155
214	157
215	157
216	161
217	165
218	167
219	169
220	176
221	177
222	180
223	180
224	182
225	183
226	185
227	187
228	188
229	188
230	190
231	194
232	196
233	197
234	200
235	202
236	205
237	210
238	212
239	213
240	218
241	220
242	222
243	224
244	225
245	226
246	226
247	229
248	231
249	232
250	233
251	234
252	235
253	239
254	239
255	240
256	242
257	244
258	246
259	248
260	251
261	252
262	255
263	255
264	256
265	257
266	258
267	262
268	263
269	263
270	263
271	264
272	264
273	266
274	267
275	270
276	273
277	275
278	276
279	279
280	280
281	280
282	284
283	285
284	288
285	290
286	292
287	294
288	294
289	297
290	300
291	300
292	301
293	301
294	306
295	306
296	309
297	312
298	315
299	316
300	319
301	320
302	324
303	325
304	327
305	327
306	327
307	332
308	334
309	335
310	336
311	338
312	338
313	342
314	346
315	346
316	348
317	349
318	349
319	350
320	350
321	351
322	354
323	355
324	356
325	356
326	357
327	358
328	362
329	362
330	363
331	366
332	369
333	369
334	370
335	371
336	373
337	374
338	374
339	375
340	375
341	376
342	378
343	379
344	380
345	380
346	380
347	382
348	382
349	383
350	384
351	385
352	386
353	386
354	387
355	388
356	390
357	392
358	393
359	394
360	396
361	396
362	396
363	397
364	398
365	398
366	399
367	403
368	404
369	405
370	406
371	407
372	408
373	408
374	408
375	409
376	418
377	418
378	418
379	420
380	422
381	422
382	423
383	425
384	425
385	426
386	427
387	429
388	430
389	430
390	430
391	434
392	436
393	438
394	439
395	440
396	440
397	440
398	441
399	441
400	443
401	444
402	446
403	447
404	447
405	447
406	448
407	449
408	450
409	451
410	453
411	454
412	454
413	455
414	456
415	456
416	457
417	457
418	460
419	461
420	462
421	463
422	465
423	469
424	470
425	472
426	473
427	473
428	475
429	478
430	479
431	481
432	481
433	482
434	482
435	483
436	484
437	484
438	484
439	484
440	484
441	485
442	486
443	486
444	488
445	488
446	489
447	491
448	492
449	494
450	498
451	498
452	500
453	501
454	503
455	504
456	504
457	505
458	507
459	507
460	507
461	508
462	509
463	512
464	514
465	517
466	519
467	519
468	519
469	519
470	520
471	520
472	521
473	521
474	523
475	524
476	526
477	526
478	526
479	526
480	526
481	527
482	528
483	529
484	530
485	532
486	532
487	532
488	533
489	535
490	536
491	536
492	537
493	538
494	539
495	539
496	541
497	542
498	543
499	544
500	544
501	545
502	546
503	546
504	547
505	547
506	549
507	550
508	551
509	553
510	553
511	554
512	556
513	556
514	557
515	557
516	558
517	558
518	558
519	558
520	559
521	562
522	562
523	563
524	564
525	567
526	568
527	568
528	568
529	570
530	570
531	570
532	574
533	575
534	577
535	579
536	579
537	581
538	581
539	581
540	581
541	582
542	583
543	584
544	584
545	585
546	585
547	587
548	588
549	588
550	591
551	591
552	592
553	592
554	592
555	592
556	594
557	595
558	596
559	596
560	596
561	596
562	596
563	597
564	598
565	601
566	601
567	602
568	602
569	603
570	603
571	603
572	605
573	607
574	609
575	610
576	613
577	615
578	616
579	616
580	617
581	617
582	617
583	618
584	618
585	618
586	619
587	621
588	622
589	623
590	623
591	624
592	624
593	624
594	624
595	625
596	627
597	627
598	628
599	628
600	629
601	629
602	630
603	630
604	631
605	632
606	632
607	632
608	633
609	635
610	639
611	640
612	642
613	643
614	643
615	644
616	646
617	646
618	646
619	647
620	649
621	649
622	650
623	650
624	653
625	657
626	657
627	659
628	659
629	660
630	664
631	665
632	665
633	665
634	665
635	665
636	666
637	668
638	669
639	669
640	670
641	671
642	672
643	672
644	672
645	673
646	674
647	675
648	675
649	676
650	677
651	678
652	678
653	678
654	678
655	679
656	682
657	684
658	685
659	686
660	686
661	686
662	687
663	687
664	687
665	688
666	688
667	688
668	688
669	688
670	688
671	688
672	689
673	690
674	691
675	692
676	694
677	695
678	696
679	697
680	697
681	697
682	698
683	699
684	700
685	700
686	702
687	702
688	703
689	704
690	705
691	706
692	706
693	707
694	710
695	711
696	711
697	711
698	711
699	712
700	715
701	717
702	717
703	717
704	718
705	719
706	721
707	723
708	724
709	725
710	725
711	725
712	725
713	725
714	726
715	727
716	727
717	727
718	727
719	728
720	728
721	729
722	730
723	731
724	731
725	731
726	732
727	735
728	735
729	737
730	738
731	738
732	738
733	738
734	741
735	742
736	742
737	743
738	743
739	743
740	743
741	743
742	745
743	747
744	748
745	749
746	750
747	752
748	753
749	753
750	755
751	755
752	755
753	756
754	756
755	758
756	758
757	759
758	759
759	760
760	760
761	762
762	763
763	764
764	765
765	765
766	767
767	771
768	774
769	775
770	775
771	775
772	775
773	776
774	777
775	778
776	779
777	781
778	781
779	781
780	782
781	782
782	782
783	782
784	782
785	783
786	783
787	783
788	783
789	783
790	783
791	783
792	783
793	784
794	784
795	786
796	787
797	788
798	789
799	789
800	790
801	792
802	792
803	792
804	792
805	792
806	794
807	797
808	797
809	797
810	797
811	797
812	797
813	797
814	798
815	800
816	800
817	800
818	802
819	802
820	803
821	803
822	803
823	803
824	806
825	806
826	807
827	807
828	807
829	807
830	808
831	808
832	809
833	809
834	809
835	810
836	811
837	811
838	812
839	813
840	813
841	814
842	814
843	814
844	815
845	815
846	815
847	815
848	815
849	815
850	815
851	817
852	817
853	818
854	819
855	819
856	821
857	822
858	823
859	823
860	824
861	825
862	825
863	826
864	828
865	828
866	829
867	830
868	831
869	831
870	832
871	834
872	834
873	834
874	834
875	834
876	836
877	836
878	836
879	837
880	837
881	838
882	838
883	838
884	840
885	841
886	841
887	841
888	842
889	842
890	842
891	843
892	845
893	847
894	847
895	847
896	848
897	848
898	848
899	850
900	850
901	850
902	851
903	851
904	851
905	852
906	852
907	853
908	855
909	855
910	856
911	857
912	858
913	859
914	859
915	860
916	860
917	861
918	862
919	862
920	863
921	863
922	863
923	863
924	863
925	864
926	864
927	866
928	869
929	870
930	870
931	870
932	872
933	872
934	872
935	872
936	873
937	873
938	874
939	874
940	874
941	874
942	874
943	874
944	876
945	877
946	877
947	877
948	877
949	877
950	878
951	879
952	881
953	881
954	882
955	884
956	885
957	885
958	885
959	885
960	885
961	887
962	887
963	888
964	888
965	888
966	889
967	890
968	891
969	892
970	894
971	894
972	894
973	894
974	895
975	895
976	896
977	897
978	897
979	897
980	898
981	899
982	900
983	900
984	901
985	901
986	901
987	901
988	901
989	901
990	901
991	902
992	902
993	903
994	903
995	904
996	904
997	904
998	904
999	904
1000	906
1001	907
1002	907
1003	907
1004	907
1005	907
1006	909
1007	909
1008	909
1009	909
1010	909
1011	910
1012	910
1013	910
1014	912
1015	913
1016	913
1017	913
1018	913
1019	913
1020	913
1021	913
1022	915
1023	915
1024	917
1025	919
1026	919
1027	920
1028	920
1029	923
1030	923
1031	923
1032	923
1033	923
1034	923
1035	924
1036	924
1037	924
1038	925
1039	927
1040	927
1041	928
1042	928
1043	928
1044	928
1045	929
1046	929
1047	929
1048	929
1049	930
1050	930
1051	931
1052	931
1053	931
1054	931
1055	931
1056	931
1057	932
1058	934
1059	934
1060	935
1061	935
1062	936
1063	936
1064	936
1065	937
1066	937
1067	938
1068	940
1069	940
1070	940
1071	940
1072	941
1073	942
1074	944
1075	945
1076	945
1077	945
1078	945
1079	946
1080	946
1081	947
1082	948
1083	948
1084	949
1085	949
1086	949
1087	950
1088	950
1089	950
1090	950
1091	951
1092	952
1093	952
1094	952
1095	953
1096	954
1097	954
1098	954
1099	954
1100	955
1101	957
1102	957
1103	957
1104	957
1105	957
1106	957
1107	957
1108	957
1109	957
1110	957
1111	959
1112	959
1113	959
1114	959
1115	960
1116	960
1117	963
1118	963
1119	963
1120	963
1121	963
1122	963
1123	965
1124	965
1125	966
1126	966
1127	966
1128	966
1129	968
1130	969
1131	969
1132	969
1133	970
1134	970
1135	970
1136	970
1137	971
1138	971
1139	971
1140	971
1141	971
1142	971
1143	971
1144	972
1145	972
1146	972
1147	974
1148	975
1149	975
1150	975
1151	976
1152	976
1153	976
1154	976
1155	976
1156	977
1157	977
1158	978
1159	978
1160	979
1161	979
1162	979
1163	979
1164	979
1165	979
1166	980
1167	980
1168	980
1169	980
1170	981
1171	982
1172	982
1173	984
1174	984
1175	985
1176	987
1177	987
1178	987
1179	988
1180	988
1181	988
1182	989
1183	990
1184	991
1185	992
1186	993
1187	993
1188	993
1189	993
1190	993
1191	993
1192	993
1193	994
1194	995
1195	996
1196	996
1197	996
1198	996
1199	996
1200	996
1201	996
1202	996
1203	996
1204	996
1205	996
1206	996
1207	997
1208	997
1209	998
1210	998
1211	998
1212	998
1213	998
1214	998
1215	998
1216	999
1217	999
1218	999
1219	999
1220	1000
1221	1000
1222	1000
1223	1001
1224	1001
1225	1002
1226	1002
1227	1003
1228	1004
1229	1004
1230	1004
1231	1004
1232	1004
1233	1004
1234	1004
1235	1004
1236	1004
1237	1004
1238	1004
1239	1004
1240	1004
1241	1004
1242	1004
1243	1004
1244	1004
1245	1004
1246	1004
1247	1004
1248	1004
1249	1004
1250	1004
1251	1004
1252	1004
1253	1005
1254	1005
1255	1006
1256	1007
1257	1009
1258	1011
1259	1012
1260	1012
1261	1012
1262	1012
1263	1013
1264	1013
1265	1013
1266	1013
1267	1013
1268	1013
1269	1013
1270	1013
1271	1013
1272	1014
1273	1015
1274	1015
1275	1016
1276	1017
1277	1017
1278	1017
1279	1018
1280	1018
1281	1018
1282	1018
1283	1019
1284	1019
1285	1019
1286	1019
1287	1020
1288	1020
1289	1020
1290	1020
1291	1020
1292	1020
1293	1021
1294	1021
1295	1022
1296	1022
1297	1023
1298	1023
1299	1023
1300	1023
1301	1023
1302	1023
1303	1024
1304	1025
1305	1026
1306	1026
1307	1026
1308	1027
1309	1027
1310	1028
1311	1028
1312	1029
1313	1029
1314	1030
1315	1030
1316	1032
1317	1032
1318	1032
1319	1032
1320	1032
1321	1032
1322	1033
1323	1033
1324	1033
1325	1033
1326	1033
1327	1033
1328	1033
1329	1033
1330	1034
1331	1034
1332	1034
1333	1034
1334	1034
1335	1034
1336	1035
1337	1036
1338	1037
1339	1037
1340	1037
1341	1037
1342	1037
1343	1037
1344	1037
1345	1037
1346	1037
1347	1037
1348	1037
1349	1038
1350	1038
1351	1040
1352	1041
1353	1041
1354	1041
1355	1041
1356	1041
1357	1041
1358	1041
1359	1041
1360	1041
1361	1041
1362	1041
1363	1041
1364	1042
1365	1042
1366	1042
1367	1042
1368	1042
1369	1044
1370	1044
1371	1046
1372	1046
1373	1046
1374	1046
1375	1047
1376	1047
1377	1047
1378	1048
1379	1048
1380	1048
1381	1048
1382	1048
1383	1049
1384	1049
1385	1049
1386	1049
1387	1049
1388	1050
1389	1050
1390	1050
1391	1050
1392	1051
1393	1051
1394	1052
1395	1052
1396	1052
1397	1054
1398	1054
1399	1054
1400	1054
1401	1054
1402	1054
1403	1054
1404	1054
1405	1054
1406	1054
1407	1054
1408	1054
1409	1055
1410	1055
1411	1055
1412	1055
1413	1056
1414	1056
1415	1056
1416	1056
1417	1056
1418	1056
1419	1057
1420	1057
1421	1059
1422	1059
1423	1059
1424	1059
1425	1059
1426	1059
1427	1059
1428	1059
1429	1059
1430	1059
1431	1060
1432	1060
1433	1060
1434	1060
1435	1061
1436	1061
1437	1061
1438	1061
1439	1061
1440	1061
1441	1061
1442	1062
1443	1062
1444	1062
1445	1062
1446	1062
1447	1062
1448	1063
1449	1063
1450	1063
1451	1063
1452	1063
1453	1063
1454	1063
1455	1063
1456	1063
1457	1063
1458	1063
1459	1063
1460	1064
1461	1064
1462	1064
1463	1065
1464	1065
1465	1065
1466	1065
1467	1065
1468	1065
1469	1065
1470	1065
1471	1065
1472	1065
1473	1065
1474	1065
1475	1066
1476	1066
1477	1066
1478	1067
1479	1067
1480	1067
1481	1067
1482	1067
1483	1067
1484	1067
1485	1068
1486	1068
1487	1068
1488	1069
1489	1070
1490	1070
1491	1070
1492	1070
1493	1070
1494	1070
1495	1071
1496	1072
1497	1072
1498	1073
1499	1073
1500	1073
1501	1073
1502	1073
1503	1074
1504	1074
1505	1074
1506	1074
1507	1074
1508	1074
1509	1074
1510	1074
1511	1074
1512	1074
1513	1074
1514	1074
1515	1075
1516	1075
1517	1075
1518	1077
1519	1077
1520	1077
1521	1077
1522	1077
1523	1077
1524	1077
1525	1077
1526	1077
1527	1077
1528	1078
1529	1078
1530	1078
1531	1078
1532	1078
1533	1078
1534	1078
1535	1079
1536	1079
1537	1079
1538	1080
1539	1080
1540	1080
1541	1080
1542	1080
1543	1081
1544	1082
1545	1082
1546	1082
1547	1082
1548	1082
1549	1083
1550	1083
1551	1084
1552	1084
1553	1084
1554	1084
1555	1084
1556	1084
1557	1085
1558	1085
1559	1085
1560	1085
1561	1085
1562	1085
1563	1085
1564	1085
1565	1085
1566	1085
1567	1085
1568	1085
1569	1085
1570	1085
1571	1085
1572	1085
1573	1085
1574	1085
1575	1085
1576	1085
1577	1086
1578	1086
1579	1087
1580	1087
1581	1088
1582	1089
1583	1089
1584	1089
1585	1089
1586	1089
1587	1089
1588	1089
1589	1089
1590	1089
1591	1089
1592	1089
1593	1089
1594	1090
1595	1090
1596	1090
1597	1090
1598	1092
1599	1092
1600	1092
1601	1093
1602	1094
1603	1094
1604	1094
1605	1094
1606	1094
1607	1094
1608	1094
1609	1095
1610	1095
1611	1095
1612	1095
1613	1096
1614	1096
1615	1096
1616	1096
1617	1097
1618	1097
1619	1097
1620	1097
1621	1097
1622	1097
1623	1097
1624	1097
1625	1097
1626	1097
1627	1097
1628	1098
1629	1098
1630	1098
1631	1098
1632	1098
1633	1099
1634	1100
1635	1100
1636	1100
1637	1100
1638	1100
1639	1100
1640	1100
1641	1100
1642	1100
1643	1100
1644	1100
1645	1101
1646	1102
1647	1102
1648	1102
1649	1102
1650	1102
1651	1102
1652	1102
1653	1103
1654	1103
1655	1103
1656	1103
1657	1103
1658	1103
1659	1103
1660	1103
1661	1103
1662	1103
1663	1103
1664	1103
1665	1104
1666	1104
1667	1104
1668	1104
1669	1104
1670	1104
1671	1104
1672	1104
1673	1105
1674	1105
1675	1105
1676	1105
1677	1106
1678	1106
1679	1106
1680	1106
1681	1106
1682	1106
1683	1107
1684	1107
1685	1107
1686	1107
1687	1107
1688	1107
1689	1107
1690	1107
1691	1107
1692	1107
1693	1107
1694	1107
1695	1108
1696	1108
1697	1108
1698	1108
1699	1108
1700	1108
1701	1108
1702	1108
1703	1108
1704	1108
1705	1108
1706	1108
1707	1109
1708	1109
1709	1109
1710	1109
1711	1110
1712	1110
1713	1110
1714	1110
1715	1110
1716	1110
1717	1110
1718	1110
1719	1110
1720	1110
1721	1110
1722	1110
1723	1110
1724	1110
1725	1110
1726	1111
1727	1111
1728	1111
1729	1111
1730	1111
1731	1111
1732	1111
1733	1111
1734	1112
1735	1112
1736	1113
1737	1113
1738	1114
1739	1114
1740	1114
1741	1114
1742	1114
1743	1114
1744	1114
1745	1114
1746	1114
1747	1114
1748	1114
1749	1114
1750	1114
1751	1114
1752	1114
1753	1114
1754	1114
1755	1115
1756	1115
1757	1115
1758	1115
1759	1115
1760	1115
1761	1115
1762	1115
1763	1115
1764	1115
1765	1115
1766	1115
1767	1115
1768	1115
1769	1115
1770	1115
1771	1115
1772	1115
1773	1115
1774	1115
1775	1115
1776	1115
1777	1115
1778	1115
1779	1115
1780	1116
1781	1116
1782	1116
1783	1117
1784	1117
1785	1118
1786	1118
1787	1118
1788	1118
1789	1118
1790	1118
1791	1118
1792	1118
1793	1118
1794	1118
1795	1118
1796	1118
1797	1118
1798	1118
1799	1119
1800	1119
1801	1119
1802	1119
1803	1119
1804	1119
1805	1119
1806	1119
1807	1119
1808	1119
1809	1119
1810	1119
1811	1119
1812	1119
1813	1119
1814	1120
1815	1120
1816	1120
1817	1121
1818	1121
1819	1121
1820	1122
1821	1122
1822	1122
1823	1122
1824	1122
1825	1122
1826	1123
1827	1123
1828	1123
1829	1123
1830	1123
1831	1123
1832	1123
1833	1123
1834	1123
1835	1123
1836	1123
1837	1123
1838	1123
1839	1123
1840	1123
1841	1123
1842	1123
1843	1124
1844	1124
1845	1124
1846	1124
1847	1124
1848	1124
1849	1124
1850	1124
1851	1124
1852	1124
1853	1124
1854	1124
1855	1124
1856	1124
1857	1124
1858	1124
1859	1125
1860	1125
1861	1125
1862	1125
1863	1125
1864	1125
1865	1125
1866	1125
1867	1126
1868	1126
1869	1126
1870	1126
1871	1126
1872	1126
1873	1126
1874	1126
1875	1127
1876	1127
1877	1128
1878	1128
1879	1128
1880	1128
1881	1128
1882	1129
1883	1129
1884	1129
1885	1129
1886	1129
1887	1129
1888	1129
1889	1130
1890	1130
1891	1130
1892	1130
1893	1131
1894	1131
1895	1131
1896	1131
1897	1131
1898	1131
1899	1131
1900	1131
1901	1131
1902	1132
1903	1133
1904	1133
1905	1133
1906	1133
1907	1133
1908	1133
1909	1133
1910	1134
1911	1134
1912	1134
1913	1134
1914	1134
1915	1134
1916	1134
1917	1134
1918	1134
1919	1134
1920	1134
1921	1135
1922	1135
1923	1135
1924	1135
1925	1135
1926	1136
1927	1136
1928	1136
1929	1136
1930	1136
1931	1136
1932	1136
1933	1136
1934	1136
1935	1136
1936	1136
1937	1137
1938	1137
1939	1137
1940	1137
1941	1137
1942	1137
1943	1137
1944	1138
1945	1138
1946	1138
1947	1138
1948	1138
1949	1138
1950	1138
1951	1138
1952	1138
1953	1138
1954	1138
1955	1138
1956	1138
1957	1138
1958	1138
1959	1138
1960	1138
1961	1138
1962	1138
1963	1138
1964	1139
1965	1139
1966	1139
1967	1140
1968	1140
1969	1141
1970	1141
1971	1141
1972	1141
1973	1141
1974	1141
1975	1141
1976	1141
1977	1141
1978	1141
1979	1141
1980	1141
1981	1141
1982	1141
1983	1141
1984	1141
1985	1141
1986	1141
1987	1142
1988	1142
1989	1143
1990	1143
1991	1143
1992	1144
1993	1144
1994	1144
1995	1144
1996	1144
1997	1144
1998	1144
1999	1144
2000	1144
2001	1144
2002	1145
2003	1145
2004	1145
2005	1145
2006	1145
2007	1145
2008	1145
2009	1145
2010	1145
2011	1145
2012	1145
2013	1145
2014	1145
2015	1145
2016	1145
2017	1145
2018	1146
2019	1146
2020	1146
2021	1146
2022	1146
2023	1146
2024	1146
2025	1146
2026	1146
2027	1146
2028	1146
2029	1146
2030	1146
2031	1147
2032	1147
2033	1147
2034	1147
2035	1147
2036	1147
2037	1148
2038	1148
2039	1148
2040	1148
2041	1148
2042	1148
2043	1148
2044	1148
2045	1149
2046	1149
2047	1149
2048	1149
2049	1149
2050	1149
2051	1149
2052	1149
2053	1149
2054	1149
2055	1149
2056	1149
2057	1149
2058	1149
2059	1149
2060	1149
2061	1149
2062	1149
2063	1149
2064	1149
2065	1149
2066	1149
2067	1149
2068	1149
2069	1149
2070	1149
2071	1149
2072	1149
2073	1149
2074	1150
2075	1150
2076	1150
2077	1150
2078	1150
2079	1150
2080	1150
2081	1150
2082	1150
2083	1151
2084	1151
2085	1151
2086	1151
2087	1151
2088	1151
2089	1151
2090	1151
2091	1151
2092	1151
2093	1151
2094	1151
2095	1151
2096	1151
2097	1151
2098	1152
2099	1152
2100	1152
2101	1152
2102	1152
2103	1152
2104	1152
2105	1152
2106	1152
2107	1152
2108	1152
2109	1152
2110	1152
2111	1153
2112	1153
2113	1153
2114	1153
2115	1153
2116	1153
2117	1153
2118	1153
2119	1153
2120	1153
2121	1153
2122	1153
2123	1153
2124	1153
2125	1153
2126	1153
2127	1153
2128	1153
2129	1153
2130	1153
2131	1153
2132	1153
2133	1153
2134	1153
2135	1153
2136	1153
2137	1153
2138	1153
2139	1153
2140	1153
2141	1153
2142	1153
2143	1153
2144	1153
2145	1153
2146	1154
2147	1154
2148	1154
2149	1154
2150	1154
2151	1154
2152	1154
2153	1154
2154	1154
2155	1154
2156	1154
2157	1154
2158	1154
2159	1154
2160	1154
2161	1155
2162	1155
2163	1155
2164	1156
2165	1156
2166	1156
2167	1156
2168	1156
2169	1156
2170	1156
2171	1157
2172	1157
2173	1158
2174	1158
2175	1158
2176	1158
2177	1158
2178	1158
2179	1158
2180	1158
2181	1158
2182	1158
2183	1159
2184	1159
2185	1159
2186	1159
2187	1159
2188	1159
2189	1159
2190	1159
2191	1159
2192	1159
2193	1159
2194	1160
2195	1160
2196	1161
2197	1161
2198	1161
2199	1161
2200	1161
2201	1161
2202	1161
2203	1161
2204	1161
2205	1161
2206	1161
2207	1161
2208	1161
2209	1161
2210	1161
2211	1161
2212	1161
2213	1161
2214	1161
2215	1161
2216	1161
2217	1162
2218	1162
2219	1162
2220	1162
2221	1162
2222	1162
2223	1162
2224	1162
2225	1162
2226	1162
2227	1162
2228	1162
2229	1162
2230	1163
2231	1164
2232	1164
2233	1164
2234	1164
2235	1164
2236	1164
2237	1164
2238	1164
2239	1164
2240	1164
2241	1164
2242	1164
2243	1164
2244	1164
2245	1164
2246	1164
2247	1164
2248	1164
2249	1164
2250	1164
2251	1164
2252	1164
2253	1164
2254	1164
2255	1164
2256	1164
2257	1164
2258	1164
2259	1164
2260	1164
2261	1164
2262	1164
2263	1164
2264	1164
2265	1164
2266	1164
2267	1164
2268	1164
2269	1164
2270	1164
2271	1164
2272	1164
2273	1164
2274	1164
2275	1164
2276	1164
2277	1164
2278	1164
2279	1164
2280	1164
2281	1164
2282	1164
2283	1164
2284	1164
2285	1164
2286	1164
2287	1164
2288	1164
2289	1164
2290	1164
2291	1164
2292	1164
2293	1164
2294	1164
2295	1164
2296	1164
2297	1164
2298	1165
2299	1165
2300	1165
2301	1165
2302	1165
2303	1165
2304	1165
2305	1165
2306	1165
2307	1165
2308	1165
2309	1165
2310	1165
2311	1165
2312	1166
2313	1166
2314	1166
2315	1166
2316	1166
2317	1167
2318	1167
2319	1167
2320	1167
2321	1167
2322	1167
2323	1167
2324	1167
2325	1167
2326	1168
2327	1168
2328	1168
2329	1168
2330	1168
2331	1168
2332	1168
2333	1168
2334	1168
2335	1168
2336	1168
2337	1168
2338	1168
2339	1168
2340	1168
2341	1168
2342	1168
2343	1168
2344	1168
2345	1168
2346	1168
2347	1168
2348	1168
2349	1168
2350	1168
2351	1169
2352	1169
2353	1169
2354	1169
2355	1169
2356	1169
2357	1169
2358	1169
2359	1169
2360	1169
2361	1169
2362	1169
2363	1169
2364	1169
2365	1169
2366	1169
2367	1169
2368	1169
2369	1169
2370	1169
2371	1169
2372	1169
2373	1169
2374	1169
2375	1169
2376	1169
2377	1169
2378	1169
2379	1169
2380	1169
2381	1169
2382	1169
2383	1169
2384	1169
2385	1169
2386	1169
2387	1169
2388	1169
2389	1169
2390	1169
2391	1169
2392	1169
2393	1169
2394	1169
2395	1169
2396	1169
2397	1169
2398	1169
2399	1169
2400	1169
2401	1169
2402	1169
2403	1169
2404	1169
2405	1169
2406	1169
2407	1169
2408	1169
2409	1169
2410	1169
2411	1170
2412	1170
2413	1170
2414	1171
2415	1171
2416	1171
2417	1171
2418	1171
2419	1171
2420	1171
2421	1171
2422	1171
2423	1171
2424	1171
2425	1171
2426	1171
2427	1171
2428	1171
2429	1171
2430	1171
2431	1171
2432	1171
2433	1171
2434	1171
2435	1171
2436	1171
2437	1171
2438	1171
2439	1171
2440	1171
2441	1171
2442	1171
2443	1171
2444	1171
2445	1171
2446	1171
2447	1171
2448	1171
2449	1171
2450	1172
2451	1172
2452	1172
2453	1172
2454	1172
2455	1172
2456	1172
2457	1172
2458	1172
2459	1172
2460	1172
2461	1172
2462	1172
2463	1172
2464	1172
2465	1172
2466	1173
2467	1173
2468	1173
2469	1173
2470	1173
2471	1173
2472	1173
2473	1173
2474	1173
2475	1173
2476	1173
2477	1173
2478	1173
2479	1173
2480	1173
2481	1173
2482	1173
2483	1173
2484	1173
2485	1173
2486	1173
2487	1173
2488	1173
2489	1173
2490	1173
2491	1173
2492	1173
2493	1173
2494	1173
2495	1173
2496	1173
2497	1173
2498	1173
2499	1173
2500	1173
2501	1173
2502	1173
2503	1174
2504	1174
2505	1174
2506	1174
2507	1174
2508	1174
2509	1174
2510	1174
2511	1174
2512	1174
2513	1174
2514	1174
2515	1174
2516	1174
2517	1174
2518	1174
2519	1174
2520	1174
2521	1174
2522	1174
2523	1174
2524	1174
2525	1174
2526	1174
2527	1174
2528	1174
2529	1175
2530	1175
2531	1175
2532	1175
2533	1175
2534	1175
2535	1175
2536	1175
2537	1175
2538	1175
2539	1175
2540	1175
2541	1175
2542	1175
2543	1175
2544	1175
2545	1175
2546	1175
2547	1175
2548	1175
2549	1175
2550	1175
2551	1175
2552	1175
2553	1175
2554	1175
2555	1175
2556	1175
2557	1175
2558	1175
2559	1175
2560	1175
2561	1175
2562	1175
2563	1175
2564	1175
2565	1175
2566	1176
2567	1176
2568	1176
2569	1176
2570	1176
2571	1176
2572	1176
2573	1176
2574	1176
2575	1176
2576	1177
2577	1177
2578	1177
2579	1177
2580	1177
2581	1177
2582	1177
2583	1177
2584	1177
2585	1177
2586	1177
2587	1177
2588	1177
2589	1177
2590	1177
2591	1177
2592	1177
2593	1177
2594	1177
2595	1177
2596	1177
2597	1177
2598	1177
2599	1177
2600	1177
2601	1177
2602	1177
2603	1177
2604	1178
2605	1178
2606	1178
2607	1178
2608	1178
2609	1178
2610	1178
2611	1178
2612	1178
2613	1178
2614	1178
2615	1178
2616	1178
2617	1178
2618	1178
2619	1178
2620	1178
2621	1178
2622	1178
2623	1178
2624	1178
2625	1178
2626	1178
2627	1178
2628	1178
2629	1178
2630	1178
2631	1178
2632	1178
2633	1178
2634	1178
2635	1178
2636	1178
2637	1178
2638	1178
2639	1178
2640	1178
2641	1178
2642	1178
2643	1178
2644	1178
2645	1178
2646	1178
2647	1178
2648	1178
2649	1178
2650	1178
2651	1178
2652	1178
2653	1178
2654	1179
2655	1179
2656	1179
2657	1179
2658	1179
2659	1179
2660	1179
2661	1179
2662	1179
2663	1179
2664	1179
2665	1179
2666	1179
2667	1179
2668	1179
2669	1179
2670	1179
2671	1179
2672	1179
2673	1179
2674	1179
2675	1179
2676	1179
2677	1179
2678	1179
2679	1180
2680	1180
2681	1180
2682	1180
2683	1180
2684	1180
2685	1180
2686	1180
2687	1180
2688	1180
2689	1180
2690	1180
2691	1180
2692	1180
2693	1180
2694	1180
2695	1180
2696	1180
2697	1180
2698	1180
2699	1180
2700	1180
2701	1180
2702	1180
2703	1180
2704	1180
2705	1180
2706	1180
2707	1180
2708	1180
2709	1180
2710	1180
2711	1180
2712	1180
2713	1181
2714	1181
2715	1181
2716	1181
2717	1181
2718	1181
2719	1181
2720	1181
2721	1181
2722	1181
2723	1181
2724	1181
2725	1181
2726	1181
2727	1181
2728	1181
2729	1181
2730	1181
2731	1181
2732	1181
2733	1181
2734	1181
2735	1181
2736	1181
2737	1181
2738	1181
2739	1181
2740	1181
2741	1181
2742	1181
2743	1181
2744	1181
2745	1181
2746	1181
2747	1181
2748	1182
2749	1182
2750	1182
2751	1182
2752	1182
2753	1182
2754	1182
2755	1182
2756	1183
2757	1183
2758	1183
2759	1183
2760	1183
2761	1183
2762	1183
2763	1183
2764	1183
2765	1183
2766	1183
2767	1183
2768	1183
2769	1183
2770	1183
2771	1184
2772	1184
2773	1184
2774	1184
2775	1184
2776	1184
2777	1184
2778	1184
2779	1184
2780	1184
2781	1184
2782	1184
2783	1184
2784	1184
2785	1184
2786	1184
2787	1184
2788	1184
2789	1184
2790	1184
2791	1184
2792	1184
2793	1184
2794	1184
2795	1184
2796	1184
2797	1184
2798	1184
2799	1184
2800	1184
2801	1185
2802	1185
2803	1185
2804	1185
2805	1185
2806	1185
2807	1185
2808	1185
2809	1185
2810	1185
2811	1185
2812	1185
2813	1185
2814	1185
2815	1185
2816	1185
2817	1185
2818	1185
2819	1185
2820	1185
2821	1185
2822	1185
2823	1185
2824	1185
2825	1185
2826	1185
2827	1185
2828	1185
2829	1185
2830	1185
2831	1185
2832	1185
2833	1185
2834	1185
2835	1185
2836	1185
2837	1185
2838	1185
2839	1185
2840	1186
2841	1186
2842	1186
2843	1186
2844	1186
2845	1186
2846	1186
2847	1186
2848	1186
2849	1186
2850	1186
2851	1186
2852	1186
2853	1186
2854	1186
2855	1186
2856	1186
2857	1186
2858	1186
2859	1186
2860	1186
2861	1186
2862	1186
2863	1186
2864	1186
2865	1186
2866	1186
2867	1186
2868	1186
2869	1186
2870	1186
2871	1186
2872	1186
2873	1186
2874	1186
2875	1186
2876	1186
2877	1186
2878	1186
2879	1186
2880	1186
2881	1186
2882	1186
2883	1186
2884	1186
2885	1186
2886	1186
2887	1186
2888	1186
2889	1186
2890	1186
2891	1186
2892	1186
2893	1186
2894	1186
2895	1186
2896	1186
2897	1186
2898	1186
2899	1186
2900	1186
2901	1186
2902	1186
2903	1186
2904	1186
2905	1186
2906	1186
2907	1186
2908	1186
2909	1186
2910	1186
2911	1186
2912	1186
2913	1186
2914	1186
2915	1186
2916	1186
2917	1186
2918	1186
2919	1186
2920	1186
2921	1186
2922	1186
2923	1187
2924	1187
2925	1187
2926	1187
2927	1187
2928	1187
2929	1187
2930	1187
2931	1187
2932	1187
2933	1187
2934	1187
2935	1187
2936	1187
2937	1187
2938	1187
2939	1187
2940	1187
2941	1187
2942	1187
2943	1187
2944	1187
2945	1187
2946	1187
2947	1187
2948	1187
2949	1187
2950	1187
2951	1187
2952	1187
2953	1187
2954	1187
2955	1187
2956	1187
2957	1187
2958	1187
2959	1187
2960	1187
2961	1187
2962	1187
2963	1187
2964	1187
2965	1187
2966	1187
2967	1187
2968	1187
2969	1187
2970	1187
2971	1187
2972	1187
2973	1187
2974	1187
2975	1187
2976	1187
2977	1187
2978	1187
2979	1187
2980	1187
2981	1187
2982	1187
2983	1187
2984	1188
2985	1188
2986	1188
2987	1188
2988	1188
2989	1188
2990	1188
2991	1188
2992	1188
2993	1188
2994	1188
2995	1188
2996	1188
2997	1188
2998	1188
2999	1188
3000	1188
3001	1188
3002	1188
3003	1188
3004	1188
3005	1188
3006	1188
3007	1188
3008	1188
3009	1188
3010	1188
3011	1188
3012	1188
3013	1188
3014	1188
3015	1188
3016	1188
3017	1188
3018	1188
3019	1188
3020	1188
3021	1188
3022	1188
3023	1188
3024	1188
3025	1188
3026	1188
3027	1188
3028	1188
3029	1188
3030	1188
3031	1188
3032	1188
3033	1188
3034	1188
3035	1188
3036	1188
3037	1188
3038	1188
3039	1188
3040	1188
3041	1188
3042	1188
3043	1189
3044	1189
3045	1189
3046	1189
3047	1189
3048	1189
3049	1189
3050	1189
3051	1189
3052	1189
3053	1189
3054	1189
3055	1189
3056	1190
3057	1190
3058	1190
3059	1190
3060	1190
3061	1190
3062	1190
3063	1190
3064	1190
3065	1190
3066	1190
3067	1190
3068	1190
3069	1190
3070	1190
3071	1190
3072	1190
3073	1190
3074	1190
3075	1190
3076	1190
3077	1190
3078	1190
3079	1190
3080	1190
3081	1190
3082	1190
3083	1190
3084	1190
3085	1190
3086	1190
3087	1190
3088	1190
3089	1190
3090	1190
3091	1190
3092	1190
3093	1190
3094	1190
3095	1190
3096	1190
3097	1190
3098	1190
3099	1190
3100	1190
3101	1190
3102	1190
3103	1190
3104	1190
3105	1190
3106	1190
3107	1190
3108	1190
3109	1190
3110	1190
3111	1190
3112	1190
3113	1190
3114	1190
3115	1190
3116	1190
3117	1190
3118	1190
3119	1190
3120	1190
3121	1190
3122	1190
3123	1190
3124	1190
3125	1190
3126	1190
3127	1190
3128	1190
3129	1190
3130	1190
3131	1191
3132	1191
3133	1191
3134	1191
3135	1191
3136	1191
3137	1191
3138	1191
3139	1191
3140	1191
3141	1191
3142	1191
3143	1191
3144	1191
3145	1191
3146	1191
3147	1191
3148	1191
3149	1191
3150	1191
3151	1191
3152	1191
3153	1191
3154	1191
3155	1191
3156	1191
3157	1191
3158	1191
3159	1191
3160	1191
3161	1191
3162	1191
3163	1191
3164	1191
3165	1191
3166	1191
3167	1191
3168	1191
3169	1191
3170	1192
3171	1192
3172	1192
3173	1192
3174	1192
3175	1192
3176	1192
3177	1192
3178	1192
3179	1192
3180	1192
3181	1192
3182	1192
3183	1192
3184	1192
3185	1192
3186	1192
3187	1192
3188	1192
3189	1192
3190	1192
3191	1192
3192	1192
3193	1192
3194	1192
3195	1192
3196	1192
3197	1192
3198	1192
3199	1192
3200	1192
3201	1192
3202	1192
3203	1192
3204	1192
3205	1192
3206	1192
3207	1192
3208	1192
3209	1193
3210	1193
3211	1193
3212	1193
3213	1193
3214	1193
3215	1193
3216	1194
3217	1194
3218	1194
3219	1194
3220	1194
3221	1194
3222	1194
3223	1194
3224	1194
3225	1194
3226	1194
3227	1194
3228	1194
3229	1194
3230	1194
3231	1194
3232	1194
3233	1194
3234	1194
3235	1194
3236	1194
3237	1194
3238	1194
3239	1194
3240	1194
3241	1194
3242	1194
3243	1194
3244	1194
3245	1194
3246	1194
3247	1194
3248	1194
3249	1194
3250	1194
3251	1194
3252	1194
3253	1194
3254	1194
3255	1194
3256	1194
3257	1194
3258	1194
3259	1194
3260	1194
3261	1194
3262	1194
3263	1194
3264	1194
3265	1194
3266	1194
3267	1194
3268	1194
3269	1194
3270	1194
3271	1194
3272	1194
3273	1194
3274	1194
3275	1194
3276	1194
3277	1194
3278	1194
3279	1194
3280	1194
3281	1194
3282	1194
3283	1194
3284	1194
3285	1194
3286	1194
3287	1194
3288	1194
3289	1194
3290	1194
3291	1194
3292	1194
3293	1194
3294	1194
3295	1194
3296	1194
3297	1194
3298	1194
3299	1194
3300	1194
3301	1194
3302	1194
3303	1194
3304	1194
3305	1194
3306	1194
3307	1194
3308	1194
3309	1194
3310	1194
3311	1194
3312	1194
3313	1194
3314	1194
3315	1194
3316	1194
3317	1194
3318	1194
3319	1194
3320	1194
3321	1194
3322	1194
3323	1194
3324	1194
3325	1194
3326	1194
3327	1194
3328	1194
3329	1194
3330	1194
3331	1194
3332	1194
3333	1194
3334	1194
3335	1194
3336	1194
3337	1194
3338	1194
3339	1194
3340	1194
3341	1194
3342	1194
3343	1194
3344	1194
3345	1194
3346	1194
3347	1194
3348	1194
3349	1194
3350	1194
3351	1194
3352	1194
3353	1194
3354	1194
3355	1194
3356	1194
3357	1194
3358	1194
3359	1194
3360	1194
3361	1194
3362	1194
3363	1194
3364	1194
3365	1194
3366	1194
3367	1194
3368	1194
3369	1194
3370	1194
3371	1194
3372	1194
3373	1194
3374	1194
3375	1194
3376	1194
3377	1194
3378	1194
3379	1194
3380	1194
3381	1194
3382	1194
3383	1194
3384	1194
3385	1194
3386	1194
3387	1194
3388	1194
3389	1194
3390	1194
3391	1194
3392	1194
3393	1194
3394	1194
3395	1194
3396	1194
3397	1194
3398	1194
3399	1194
3400	1194
3401	1194
3402	1194
3403	1194
3404	1194
3405	1194
3406	1194
3407	1194
3408	1194
3409	1194
3410	1194
3411	1194
3412	1194
3413	1194
3414	1194
3415	1194
3416	1194
3417	1194
3418	1194
3419	1194
3420	1194
3421	1194
3422	1194
3423	1194
3424	1194
3425	1194
3426	1194
3427	1194
3428	1194
3429	1194
3430	1194
3431	1194
3432	1194
3433	1194
3434	1194
3435	1194
3436	1194
3437	1195
3438	1195
3439	1195
3440	1195
3441	1195
3442	1195
3443	1195
3444	1195
3445	1195
3446	1195
3447	1195
3448	1195
3449	1195
3450	1195
3451	1195
3452	1195
3453	1195
3454	1195
3455	1195
3456	1195
3457	1195
3458	1195
3459	1195
3460	1195
3461	1195
3462	1195
3463	1195
3464	1195
3465	1195
3466	1195
3467	1195
3468	1195
3469	1195
3470	1195
3471	1195
3472	1195
3473	1195
3474	1195
3475	1195
3476	1195
3477	1195
3478	1195
3479	1195
3480	1195
3481	1195
3482	1195
3483	1195
3484	1195
3485	1195
3486	1195
3487	1195
3488	1195
3489	1195
3490	1195
3491	1195
3492	1195
3493	1195
3494	1195
3495	1195
3496	1195
3497	1195
3498	1195
3499	1195
3500	1195
3501	1195
3502	1195
3503	1195
3504	1195
3505	1195
3506	1195
3507	1195
3508	1195
3509	1195
3510	1195
3511	1195
3512	1195
3513	1195
3514	1195
3515	1195
3516	1195
3517	1195
3518	1195
3519	1195
3520	1195
3521	1195
3522	1195
3523	1195
3524	1195
3525	1195
3526	1195
3527	1196
3528	1196
3529	1196
3530	1196
3531	1196
3532	1196
3533	1196
3534	1196
3535	1196
3536	1196
3537	1196
3538	1196
3539	1196
3540	1196
3541	1196
3542	1196
3543	1196
3544	1196
3545	1196
3546	1196
3547	1196
3548	1196
3549	1196
3550	1196
3551	1196
3552	1196
3553	1196
3554	1196
3555	1196
3556	1196
3557	1196
3558	1196
3559	1196
3560	1196
3561	1196
3562	1196
3563	1196
3564	1196
3565	1196
3566	1196
3567	1196
3568	1196
3569	1196
3570	1196
3571	1196
3572	1196
3573	1196
3574	1196
3575	1196
3576	1196
3577	1196
3578	1196
3579	1196
3580	1196
3581	1196
3582	1196
3583	1196
3584	1196
3585	1196
3586	1196
3587	1196
3588	1196
3589	1196
3590	1196
3591	1196
3592	1196
3593	1196
3594	1196
3595	1196
3596	1196
3597	1196
3598	1196
3599	1196
3600	1196
3601	1196
3602	1196
3603	1196
3604	1196
3605	1196
3606	1196
3607	1196
3608	1196
3609	1196
3610	1196
3611	1196
3612	1196
3613	1196
3614	1196
3615	1196
3616	1196
3617	1196
3618	1196
3619	1196
3620	1196
3621	1196
3622	1196
3623	1196
3624	1196
3625	1196
3626	1196
3627	1196
3628	1196
3629	1196
3630	1196
3631	1196
3632	1196
3633	1196
3634	1196
3635	1196
3636	1196
3637	1196
3638	1196
3639	1196
3640	1196
3641	1196
3642	1196
3643	1196
3644	1196
3645	1196
3646	1196
3647	1196
3648	1196
3649	1196
3650	1196
3651	1196
3652	1196
3653	1196
3654	1196
3655	1196
3656	1196
3657	1196
3658	1196
3659	1196
3660	1196
3661	1196
3662	1196
3663	1196
3664	1196
3665	1196
3666	1196
3667	1196
3668	1196
3669	1196
3670	1196
3671	1196
3672	1196
3673	1196
3674	1196
3675	1196
3676	1196
3677	1196
3678	1196
3679	1196
3680	1196
3681	1196
3682	1196
3683	1196
3684	1196
3685	1196
3686	1196
3687	1196
3688	1196
3689	1196
3690	1196
3691	1196
3692	1196
3693	1196
3694	1196
3695	1196
3696	1196
3697	1196
3698	1196
3699	1196
3700	1196
3701	1196
3702	1196
3703	1196
3704	1196
3705	1196
3706	1196
3707	1196
3708	1196
3709	1196
3710	1196
3711	1196
3712	1196
3713	1196
3714	1196
3715	1196
3716	1196
3717	1196
3718	1196
3719	1196
3720	1196
3721	1196
3722	1196
3723	1196
3724	1196
3725	1196
3726	1196
3727	1196
3728	1196
3729	1196
3730	1196
3731	1196
3732	1196
3733	1196
3734	1196
3735	1196
3736	1196
3737	1196
3738	1196
3739	1196
3740	1196
3741	1196
3742	1196
3743	1196
3744	1196
3745	1196
3746	1196
3747	1196
3748	1196
3749	1196
3750	1196
3751	1196
3752	1196
3753	1196
3754	1196
3755	1196
3756	1196
3757	1196
3758	1197
3759	1197
3760	1197
3761	1197
3762	1197
3763	1197
3764	1197
3765	1197
3766	1197
3767	1197
3768	1197
3769	1197
3770	1197
3771	1197
3772	1197
3773	1197
3774	1197
3775	1197
3776	1197
3777	1197
3778	1197
3779	1197
3780	1197
3781	1197
3782	1197
3783	1197
3784	1197
3785	1197
3786	1197
3787	1197
3788	1197
3789	1197
3790	1197
3791	1197
3792	1197
3793	1197
3794	1197
3795	1197
3796	1197
3797	1197
3798	1197
3799	1197
3800	1197
3801	1197
3802	1197
3803	1197
3804	1198
3805	1198
3806	1198
3807	1198
3808	1198
3809	1198
3810	1198
3811	1198
3812	1198
3813	1198
3814	1198
3815	1198
3816	1198
3817	1198
3818	1198
3819	1198
3820	1198
3821	1198
3822	1198
3823	1198
3824	1198
3825	1198
3826	1198
3827	1198
3828	1198
3829	1198
3830	1198
3831	1198
3832	1198
3833	1198
3834	1198
3835	1198
3836	1198
3837	1198
3838	1198
3839	1198
3840	1198
3841	1198
3842	1198
3843	1198
3844	1198
3845	1198
3846	1198
3847	1198
3848	1198
3849	1198
3850	1198
3851	1198
3852	1198
3853	1198
3854	1198
3855	1198
3856	1198
3857	1198
3858	1198
3859	1198
3860	1198
3861	1198
3862	1198
3863	1198
3864	1198
3865	1198
3866	1198
3867	1198
3868	1198
3869	1198
3870	1198
3871	1198
3872	1198
3873	1198
3874	1198
3875	1198
3876	1198
3877	1198
3878	1198
3879	1198
3880	1198
3881	1198
3882	1198
3883	1198
3884	1198
3885	1198
3886	1198
3887	1198
3888	1198
3889	1198
3890	1198
3891	1198
3892	1198
3893	1198
3894	1198
3895	1198
3896	1198
3897	1198
3898	1198
3899	1198
3900	1198
3901	1198
3902	1198
3903	1198
3904	1198
3905	1198
3906	1198
3907	1198
3908	1198
3909	1198
3910	1198
3911	1198
3912	1198
3913	1198
3914	1198
3915	1198
3916	1198
3917	1198
3918	1198
3919	1198
3920	1198
3921	1198
3922	1198
3923	1198
3924	1198
3925	1198
3926	1198
3927	1198
3928	1198
3929	1198
3930	1198
3931	1198
3932	1198
3933	1198
3934	1198
3935	1198
3936	1198
3937	1198
3938	1198
3939	1198
3940	1198
3941	1198
3942	1198
3943	1198
3944	1198
3945	1198
3946	1198
3947	1198
3948	1198
3949	1198
3950	1198
3951	1198
3952	1198
3953	1198
3954	1198
3955	1198
3956	1198
3957	1198
3958	1198
3959	1198
3960	1198
3961	1198
3962	1198
3963	1198
3964	1198
3965	1198
3966	1198
3967	1198
3968	1198
3969	1198
3970	1198
3971	1198
3972	1198
3973	1198
3974	1198
3975	1198
3976	1198
3977	1198
3978	1198
3979	1198
3980	1198
3981	1198
3982	1198
3983	1198
3984	1198
3985	1198
3986	1198
3987	1198
3988	1198
3989	1198
3990	1198
3991	1198
3992	1198
3993	1198
3994	1198
3995	1198
3996	1198
3997	1198
3998	1198
3999	1198
4000	1198
4001	1198
4002	1198
4003	1198
4004	1198
4005	1198
4006	1198
4007	1198
4008	1198
4009	1198
4010	1198
4011	1198
4012	1198
4013	1198
4014	1198
4015	1198
4016	1198
4017	1198
4018	1198
4019	1198
4020	1198
4021	1198
4022	1198
4023	1198
4024	1198
4025	1198
4026	1198
4027	1198
4028	1198
4029	1198
4030	1198
4031	1198
4032	1198
4033	1198
4034	1198
4035	1198
4036	1198
4037	1198
4038	1198
4039	1198
4040	1198
4041	1198
4042	1198
4043	1198
4044	1198
4045	1198
4046	1198
4047	1198
4048	1198
4049	1198
4050	1198
4051	1198
4052	1198
4053	1198
4054	1198
4055	1198
4056	1198
4057	1198
4058	1198
4059	1198
4060	1198
4061	1198
4062	1198
4063	1198
4064	1198
4065	1198
4066	1198
4067	1198
4068	1198
4069	1198
4070	1198
4071	1198
4072	1198
4073	1198
4074	1198
4075	1198
4076	1198
4077	1198
4078	1198
4079	1198
4080	1198
4081	1198
4082	1198
4083	1198
4084	1198
4085	1198
4086	1198
4087	1198
4088	1198
4089	1198
4090	1198
4091	1198
4092	1198
4093	1198
4094	1198
4095	1198
4096	1198
4097	1198
4098	1198
4099	1198
4100	1198
4101	1198
4102	1198
4103	1198
4104	1198
4105	1198
4106	1198
4107	1198
4108	1198
4109	1198
4110	1198
4111	1198
4112	1198
4113	1198
4114	1198
4115	1198
4116	1198
4117	1198
4118	1198
4119	1198
4120	1198
4121	1198
4122	1198
4123	1198
4124	1198
4125	1198
4126	1198
4127	1198
4128	1198
4129	1198
4130	1198
4131	1198
4132	1198
4133	1198
4134	1198
4135	1198
4136	1198
4137	1198
4138	1198
4139	1198
4140	1198
4141	1198
4142	1198
4143	1198
4144	1198
4145	1198
4146	1198
4147	1198
4148	1198
4149	1198
4150	1198
4151	1198
4152	1198
4153	1198
4154	1198
4155	1198
4156	1198
4157	1198
4158	1198
4159	1198
4160	1198
4161	1198
4162	1198
4163	1198
4164	1198
4165	1198
4166	1198
4167	1198
4168	1198
4169	1198
4170	1198
4171	1198
4172	1198
4173	1198
4174	1198
4175	1198
4176	1198
4177	1198
4178	1198
4179	1198
4180	1198
4181	1198
4182	1198
4183	1198
4184	1198
4185	1198
4186	1198
4187	1198
4188	1198
4189	1198
4190	1198
4191	1198
4192	1198
4193	1198
4194	1198
4195	1198
4196	1198
4197	1198
4198	1198
4199	1198
4200	1198
4201	1198
4202	1198
4203	1198
4204	1198
4205	1198
4206	1198
4207	1198
4208	1198
4209	1198
4210	1198
4211	1198
4212	1198
4213	1198
4214	1198
4215	1198
4216	1199
4217	1199
4218	1199
4219	1199
4220	1199
4221	1199
4222	1199
4223	1199
4224	1199
4225	1199
4226	1199
4227	1199
4228	1199
4229	1199
4230	1199
4231	1199
4232	1199
4233	1199
4234	1199
4235	1199
4236	1199
4237	1199
4238	1200
4239	1200
4240	1200
4241	1200
4242	1200
4243	1200
4244	1200
4245	1200
4246	1200
4247	1200
4248	1200
4249	1200
4250	1200
4251	1200
4252	1200
4253	1200
4254	1200
4255	1200
4256	1200
4257	1200
4258	1200
4259	1200
4260	1200
4261	1200
4262	1200
4263	1200
4264	1200
4265	1200
4266	1200
4267	1200
4268	1200
4269	1200
4270	1200
4271	1200
4272	1200
4273	1200
4274	1200
4275	1200
4276	1200
4277	1200
4278	1200
4279	1200
4280	1200
4281	1200
4282	1200
4283	1200
4284	1200
4285	1200
4286	1200
4287	1200
4288	1200
4289	1200
4290	1200
4291	1200
4292	1200
4293	1200
4294	1200
4295	1200
4296	1200
4297	1200
4298	1200
4299	1200
4300	1200
4301	1200
4302	1200
4303	1200
4304	1200
4305	1200
4306	1200
4307	1200
4308	1200
4309	1200
4310	1200
4311	1200
4312	1200
4313	1200
4314	1200
4315	1200
4316	1200
4317	1200
4318	1200
4319	1200
4320	1200
4321	1200
4322	1200
4323	1200
4324	1200
4325	1200
4326	1200
4327	1200
4328	1200
4329	1200
4330	1200
4331	1200
4332	1200
4333	1200
4334	1200
4335	1200
4336	1200
4337	1200
4338	1200
4339	1200
4340	1200
4341	1200
4342	1200
4343	1200
4344	1200
4345	1200
4346	1200
4347	1200
4348	1200
4349	1200
4350	1200
4351	1200
4352	1200
4353	1200
4354	1200
4355	1200
4356	1200
4357	1200
4358	1200
4359	1200
4360	1200
4361	1200
4362	1200
4363	1200
4364	1200
4365	1200
4366	1200
4367	1200
4368	1200
4369	1200
4370	1200
4371	1200
4372	1200
4373	1200
4374	1200
4375	1200
4376	1200
4377	1200
4378	1200
4379	1200
4380	1200
4381	1200
4382	1200
4383	1200
4384	1200
4385	1200
4386	1200
4387	1200
4388	1200
4389	1200
4390	1200
4391	1200
4392	1200
4393	1200
4394	1200
4395	1200
4396	1200
4397	1200
4398	1200
4399	1200
4400	1200
4401	1200
4402	1200
4403	1200
4404	1200
4405	1200
4406	1200
4407	1200
4408	1200
4409	1200
4410	1200
4411	1200
4412	1200
4413	1200
4414	1200
4415	1200
4416	1200
4417	1200
4418	1200
4419	1200
4420	1200
4421	1200
4422	1200
4423	1200
4424	1200
4425	1200
4426	1200
4427	1200
4428	1200
4429	1200
4430	1200
4431	1200
4432	1200
4433	1200
4434	1200
4435	1200
4436	1200
4437	1200
4438	1200
4439	1200
4440	1200
4441	1200
4442	1200
4443	1200
4444	1200
4445	1200
4446	1200
4447	1200
4448	1200
4449	1200
4450	1200
4451	1200
4452	1200
4453	1200
4454	1200
4455	1200
4456	1200
4457	1200
4458	1200
4459	1200
4460	1200
4461	1200
4462	1200
4463	1200
4464	1200
4465	1200
4466	1200
4467	1200
4468	1200
4469	1200
4470	1200
4471	1200
4472	1200
4473	1200
4474	1200
4475	1200
4476	1200
4477	1200
4478	1200
4479	1200
4480	1200
4481	1200
4482	1200
4483	1200
4484	1200
4485	1200
4486	1200
4487	1200
4488	1200
4489	1200
4490	1200
4491	1200
4492	1200
4493	1200
4494	1200
4495	1200
4496	1200
4497	1200
4498	1200
4499	1200
4500	1200
4501	1200
4502	1200
4503	1200
4504	1200
4505	1200
4506	1200
4507	1200
4508	1200
4509	1200
4510	1200
4511	1200
4512	1200
4513	1200
4514	1200
4515	1200
4516	1200
4517	1200
4518	1200
4519	1200
4520	1200
4521	1200
4522	1200
4523	1200
4524	1200
4525	1200
4526	1200
4527	1200
4528	1200
4529	1200
4530	1200
4531	1200
4532	1200
4533	1200
4534	1200
4535	1200
4536	1200
4537	1200
4538	1200
4539	1200
4540	1200
4541	1200
4542	1200
4543	1200
4544	1200
4545	1200
4546	1200
4547	1200
4548	1200
4549	1200
4550	1200
4551	1200
4552	1200
4553	1200
4554	1200
4555	1200
4556	1200
4557	1200
4558	1200
4559	1200
4560	1200
4561	1200
4562	1200
4563	1200
4564	1200
4565	1200
4566	1200
4567	1200
4568	1200
4569	1200
4570	1200
4571	1200
4572	1200
4573	1200
4574	1200
4575	1200
4576	1200
4577	1200
4578	1200
4579	1200
4580	1200
4581	1200
4582	1200
4583	1200
4584	1200
4585	1200
4586	1200
4587	1200
4588	1200
4589	1200
4590	1200
4591	1200
4592	1200
4593	1200
4594	1200
4595	1200
4596	1200
4597	1200
4598	1200
4599	1200
4600	1200
4601	1200
4602	1200
4603	1200
4604	1200
4605	1200
4606	1200
4607	1200
4608	1200
4609	1200
4610	1200
4611	1200
4612	1200
4613	1200
4614	1200
4615	1200
4616	1200
4617	1200
4618	1200
4619	1200
4620	1200
4621	1200
4622	1200
4623	1200
4624	1200
4625	1200
4626	1200
4627	1200
4628	1200
4629	1200
4630	1200
4631	1200
4632	1200
4633	1200
4634	1200
4635	1200
4636	1200
4637	1200
4638	1200
4639	1200
4640	1200
4641	1200
4642	1200
4643	1200
4644	1200
4645	1200
4646	1200
4647	1200
4648	1200
4649	1200
4650	1200
4651	1200
4652	1200
4653	1200
4654	1200
4655	1200
4656	1200
4657	1200
4658	1200
4659	1200
4660	1200
4661	1200
4662	1200
4663	1200
4664	1200
4665	1200
4666	1200
4667	1200
4668	1200
4669	1200
4670	1200
4671	1200
4672	1200
4673	1200
4674	1200
4675	1200
4676	1200
4677	1200
4678	1200
4679	1200
4680	1200
4681	1200
4682	1200
4683	1200
4684	1200
4685	1200
4686	1200
4687	1200
4688	1200
4689	1200
4690	1200
4691	1200
4692	1200
4693	1200
4694	1200
4695	1200
4696	1200
4697	1200
4698	1200
4699	1200
4700	1200
4701	1200
4702	1200
4703	1200
4704	1200
4705	1200
4706	1200
4707	1200
4708	1200
4709	1200
4710	1200
4711	1200
4712	1200
4713	1200
4714	1200
4715	1200
4716	1200
4717	1200
4718	1200
4719	1200
4720	1200
4721	1200
4722	1200
4723	1200
4724	1200
4725	1200
4726	1200
4727	1200
4728	1200
4729	1200
4730	1200
4731	1200
4732	1200
4733	1200
4734	1200
4735	1200
4736	1200
4737	1200
4738	1200
4739	1200
4740	1200
4741	1200
4742	1200
4743	1200
4744	1200
4745	1200
4746	1200
4747	1200
4748	1200
4749	1200
4750	1200
4751	1201
4752	1201
4753	1201
4754	1201
4755	1201
4756	1201
4757	1201
4758	1201
4759	1201
4760	1201
4761	1201
4762	1201
4763	1201
4764	1201
4765	1201
4766	1201
4767	1201
4768	1201
4769	1201
4770	1201
4771	1201
4772	1201
4773	1201
4774	1201
4775	1201
4776	1201
4777	1201
4778	1201
4779	1201
4780	1201
4781	1201
4782	1201
4783	1201
4784	1201
4785	1201
4786	1201
4787	1201
4788	1201
4789	1201
4790	1201
4791	1201
4792	1201
4793	1201
4794	1201
4795	1201
4796	1201
4797	1201
4798	1201
4799	1201
4800	1201
4801	1201
4802	1201
4803	1201
4804	1201
4805	1201
4806	1201
4807	1201
4808	1201
4809	1201
4810	1201
4811	1201
4812	1201
4813	1201
4814	1201
4815	1201
4816	1201
4817	1201
4818	1201
4819	1201
4820	1201
4821	1201
4822	1201
4823	1201
4824	1201
4825	1201
4826	1201
4827	1201
4828	1201
4829	1201
4830	1201
4831	1201
4832	1201
4833	1201
4834	1201
4835	1201
4836	1201
4837	1201
4838	1201
4839	1201
4840	1201
4841	1201
4842	1201
4843	1201
4844	1201
4845	1201
4846	1201
4847	1201
4848	1201
4849	1201
4850	1201
4851	1201
4852	1201
4853	1201
4854	1201
4855	1201
4856	1201
4857	1201
4858	1201
4859	1201
4860	1201
4861	1201
4862	1201
4863	1201
4864	1201
4865	1201
4866	1201
4867	1201
4868	1201
4869	1201
4870	1201
4871	1201
4872	1201
4873	1201
4874	1201
4875	1201
4876	1201
4877	1201
4878	1201
4879	1201
4880	1201
4881	1201
4882	1201
4883	1201
4884	1201
4885	1201
4886	1201
4887	1201
4888	1201
4889	1201
4890	1201
4891	1201
4892	1201
4893	1201
4894	1201
4895	1201
4896	1201
4897	1201
4898	1201
4899	1201
4900	1201
4901	1201
4902	1201
4903	1201
4904	1201
4905	1201
4906	1201
4907	1201
4908	1201
4909	1201
4910	1201
4911	1201
4912	1201
4913	1201
4914	1201
4915	1201
4916	1201
4917	1201
4918	1201
4919	1201
4920	1201
4921	1201
4922	1201
4923	1201
4924	1201
4925	1201
4926	1201
4927	1201
4928	1201
4929	1201
4930	1201
4931	1201
4932	1201
4933	1201
4934	1201
4935	1201
4936	1201
4937	1201
4938	1201
4939	1201
4940	1201
4941	1201
4942	1201
4943	1201
4944	1201
4945	1201
4946	1201
4947	1201
4948	1201
4949	1201
4950	1201
4951	1201
4952	1201
4953	1201
4954	1201
4955	1201
4956	1201
4957	1201
4958	1201
4959	1201
4960	1201
4961	1201
4962	1201
4963	1201
4964	1201
4965	1201
4966	1201
4967	1201
4968	1201
4969	1201
4970	1201
4971	1201
4972	1201
4973	1201
4974	1201
4975	1201
4976	1201
4977	1201
4978	1201
4979	1201
4980	1201
4981	1201
4982	1201
4983	1201
4984	1201
4985	1201
4986	1201
4987	1201
4988	1201
4989	1201
4990	1201
4991	1201
4992	1201
4993	1201
4994	1201
4995	1201
4996	1201
4997	1201
4998	1201
4999	1201

