0	0
1	0
2	0
3	0
4	0
5	0
6	0
7	0
8	0
9	0
10	0
11	0
12	0
13	0
14	0
15	0
16	0
17	0
18	0
19	0
20	0
21	0
22	0
23	0
24	0
25	0
26	0
27	0
28	0
29	0
30	0
31	0
32	0
33	0
34	0
35	0
36	0
37	0
38	0
39	0
40	0
41	0
42	0
43	0
44	0
45	0
46	0
47	0
48	0
49	0
50	0
51	0
52	0
53	0
54	0
55	0
56	0
57	0
58	0
59	0
60	0
61	0
62	0
63	0
64	0
65	0
66	0
67	0
68	0
69	0
70	0
71	0
72	0
73	0
74	0
75	0
76	0
77	0
78	0
79	0
80	0
81	0
82	0
83	0
84	0
85	0
86	0
87	0
88	0
89	0
90	0
91	1
92	1
93	1
94	1
95	1
96	1
97	1
98	1
99	1
100	1
101	3
102	3
103	4
104	5
105	6
106	6
107	7
108	7
109	7
110	8
111	10
112	12
113	14
114	14
115	15
116	16
117	16
118	16
119	18
120	18
121	18
122	19
123	19
124	19
125	21
126	22
127	22
128	23
129	23
130	24
131	25
132	25
133	25
134	26
135	28
136	30
137	31
138	33
139	33
140	33
141	34
142	34
143	35
144	36
145	38
146	38
147	39
148	42
149	44
150	44
151	46
152	47
153	50
154	52
155	54
156	57
157	60
158	60
159	61
160	61
161	61
162	64
163	68
164	69
165	69
166	71
167	71
168	73
169	75
170	76
171	77
172	77
173	82
174	84
175	86
176	88
177	91
178	91
179	91
180	96
181	96
182	99
183	100
184	100
185	104
186	106
187	107
188	111
189	113
190	113
191	117
192	121
193	122
194	122
195	123
196	125
197	129
198	131
199	138
200	141
201	143
202	144
203	146
204	146
205	146
206	147
207	150
208	154
209	154
210	156
211	156
212	156
213	158
214	160
215	163
216	168
217	170
218	173
219	175
220	175
221	180
222	182
223	183
224	188
225	188
226	189
227	189
228	190
229	192
230	194
231	197
232	198
233	200
234	204
235	204
236	205
237	205
238	205
239	208
240	211
241	214
242	215
243	219
244	221
245	223
246	224
247	226
248	229
249	233
250	236
251	239
252	242
253	243
254	243
255	245
256	248
257	251
258	251
259	253
260	254
261	257
262	257
263	257
264	258
265	259
266	260
267	262
268	263
269	265
270	268
271	270
272	273
273	275
274	278
275	279
276	280
277	284
278	285
279	288
280	291
281	292
282	292
283	295
284	298
285	300
286	301
287	304
288	304
289	307
290	308
291	311
292	313
293	314
294	315
295	316
296	317
297	317
298	317
299	319
300	321
301	322
302	323
303	324
304	326
305	328
306	330
307	330
308	333
309	334
310	334
311	337
312	339
313	340
314	342
315	343
316	346
317	348
318	348
319	354
320	356
321	357
322	358
323	359
324	359
325	361
326	362
327	362
328	363
329	364
330	364
331	367
332	368
333	368
334	368
335	368
336	368
337	369
338	369
339	371
340	373
341	374
342	375
343	376
344	376
345	379
346	379
347	382
348	385
349	385
350	385
351	388
352	390
353	391
354	393
355	394
356	395
357	397
358	399
359	399
360	402
361	403
362	403
363	404
364	406
365	406
366	407
367	409
368	412
369	412
370	413
371	414
372	417
373	418
374	419
375	419
376	422
377	424
378	424
379	426
380	427
381	429
382	429
383	430
384	430
385	432
386	432
387	434
388	437
389	438
390	438
391	441
392	441
393	442
394	444
395	444
396	445
397	447
398	447
399	448
400	450
401	452
402	452
403	454
404	456
405	458
406	461
407	464
408	464
409	465
410	466
411	466
412	466
413	468
414	469
415	469
416	471
417	471
418	473
419	473
420	475
421	476
422	477
423	478
424	480
425	483
426	485
427	486
428	488
429	488
430	489
431	489
432	490
433	493
434	495
435	495
436	495
437	496
438	497
439	497
440	498
441	500
442	502
443	503
444	504
445	505
446	505
447	505
448	505
449	505
450	507
451	511
452	511
453	513
454	514
455	515
456	516
457	516
458	517
459	517
460	519
461	521
462	522
463	522
464	524
465	525
466	526
467	527
468	528
469	531
470	532
471	533
472	533
473	533
474	533
475	534
476	535
477	535
478	537
479	537
480	538
481	539
482	539
483	539
484	539
485	540
486	542
487	544
488	545
489	546
490	548
491	548
492	549
493	549
494	549
495	551
496	553
497	554
498	554
499	554
500	555
501	555
502	557
503	557
504	557
505	557
506	560
507	561
508	561
509	563
510	564
511	566
512	566
513	568
514	568
515	569
516	570
517	570
518	571
519	571
520	574
521	574
522	576
523	578
524	579
525	580
526	582
527	582
528	582
529	582
530	582
531	583
532	583
533	584
534	586
535	586
536	586
537	587
538	588
539	589
540	592
541	592
542	594
543	594
544	596
545	598
546	598
547	599
548	599
549	599
550	599
551	600
552	602
553	602
554	603
555	604
556	605
557	605
558	605
559	607
560	608
561	608
562	609
563	609
564	611
565	611
566	615
567	616
568	617
569	619
570	619
571	620
572	621
573	623
574	624
575	626
576	626
577	627
578	628
579	629
580	629
581	629
582	629
583	630
584	634
585	637
586	637
587	639
588	640
589	641
590	641
591	642
592	644
593	645
594	646
595	647
596	647
597	648
598	648
599	649
600	650
601	652
602	653
603	653
604	653
605	653
606	655
607	655
608	655
609	656
610	657
611	658
612	659
613	660
614	663
615	663
616	663
617	665
618	666
619	667
620	667
621	669
622	670
623	670
624	670
625	671
626	673
627	674
628	674
629	676
630	676
631	676
632	677
633	679
634	682
635	682
636	682
637	684
638	684
639	685
640	686
641	686
642	686
643	687
644	688
645	691
646	692
647	693
648	693
649	693
650	693
651	693
652	695
653	695
654	696
655	697
656	697
657	698
658	698
659	699
660	699
661	702
662	702
663	704
664	704
665	704
666	705
667	705
668	705
669	705
670	705
671	708
672	708
673	708
674	708
675	708
676	710
677	711
678	712
679	714
680	715
681	715
682	718
683	718
684	719
685	719
686	720
687	721
688	723
689	723
690	725
691	725
692	725
693	726
694	726
695	728
696	729
697	730
698	730
699	731
700	731
701	731
702	731
703	731
704	732
705	732
706	733
707	735
708	735
709	736
710	737
711	738
712	739
713	739
714	740
715	743
716	743
717	744
718	745
719	746
720	747
721	748
722	749
723	749
724	750
725	750
726	752
727	752
728	753
729	755
730	755
731	755
732	757
733	759
734	759
735	759
736	759
737	759
738	760
739	762
740	763
741	763
742	765
743	765
744	766
745	767
746	767
747	768
748	768
749	768
750	768
751	768
752	769
753	769
754	770
755	771
756	771
757	771
758	772
759	773
760	774
761	774
762	774
763	774
764	774
765	775
766	775
767	777
768	777
769	777
770	778
771	778
772	778
773	778
774	778
775	779
776	781
777	782
778	782
779	784
780	784
781	784
782	784
783	785
784	786
785	786
786	786
787	786
788	786
789	786
790	786
791	786
792	786
793	786
794	787
795	787
796	789
797	789
798	789
799	789
800	790
801	790
802	791
803	791
804	792
805	792
806	792
807	794
808	794
809	796
810	796
811	797
812	797
813	798
814	798
815	798
816	799
817	799
818	799
819	799
820	800
821	800
822	800
823	800
824	800
825	800
826	800
827	801
828	802
829	803
830	805
831	806
832	808
833	811
834	811
835	811
836	812
837	813
838	814
839	814
840	815
841	815
842	815
843	817
844	817
845	817
846	817
847	817
848	817
849	818
850	819
851	819
852	819
853	819
854	821
855	822
856	823
857	823
858	824
859	824
860	825
861	825
862	826
863	826
864	826
865	827
866	828
867	829
868	829
869	829
870	829
871	829
872	830
873	832
874	832
875	832
876	832
877	832
878	833
879	833
880	834
881	834
882	834
883	835
884	835
885	835
886	836
887	837
888	838
889	838
890	838
891	839
892	839
893	840
894	841
895	841
896	842
897	842
898	842
899	842
900	842
901	843
902	843
903	843
904	843
905	843
906	843
907	845
908	846
909	846
910	846
911	846
912	847
913	847
914	847
915	847
916	847
917	847
918	847
919	847
920	847
921	849
922	849
923	849
924	850
925	851
926	851
927	851
928	852
929	852
930	853
931	853
932	854
933	854
934	854
935	854
936	857
937	858
938	858
939	858
940	858
941	859
942	859
943	859
944	860
945	862
946	862
947	862
948	863
949	863
950	863
951	864
952	864
953	864
954	864
955	864
956	864
957	864
958	867
959	867
960	868
961	869
962	870
963	870
964	872
965	872
966	872
967	873
968	875
969	876
970	876
971	876
972	878
973	878
974	878
975	878
976	878
977	881
978	881
979	881
980	881
981	881
982	883
983	883
984	883
985	883
986	884
987	884
988	884
989	886
990	887
991	888
992	888
993	888
994	888
995	890
996	890
997	890
998	890
999	890
1000	890
1001	890
1002	892
1003	892
1004	893
1005	893
1006	894
1007	894
1008	894
1009	894
1010	894
1011	894
1012	894
1013	894
1014	894
1015	894
1016	894
1017	894
1018	894
1019	894
1020	895
1021	895
1022	895
1023	898
1024	899
1025	899
1026	899
1027	899
1028	900
1029	900
1030	900
1031	902
1032	903
1033	903
1034	903
1035	903
1036	903
1037	903
1038	904
1039	904
1040	904
1041	904
1042	905
1043	905
1044	905
1045	905
1046	905
1047	905
1048	905
1049	906
1050	907
1051	907
1052	907
1053	907
1054	907
1055	908
1056	909
1057	909
1058	909
1059	909
1060	909
1061	909
1062	910
1063	910
1064	911
1065	913
1066	913
1067	913
1068	913
1069	913
1070	913
1071	913
1072	914
1073	914
1074	914
1075	914
1076	914
1077	916
1078	916
1079	916
1080	917
1081	917
1082	917
1083	917
1084	918
1085	920
1086	920
1087	921
1088	921
1089	922
1090	922
1091	922
1092	923
1093	923
1094	923
1095	923
1096	924
1097	924
1098	924
1099	924
1100	924
1101	924
1102	926
1103	926
1104	927
1105	927
1106	927
1107	927
1108	927
1109	927
1110	927
1111	928
1112	929
1113	929
1114	931
1115	932
1116	932
1117	932
1118	933
1119	933
1120	933
1121	933
1122	934
1123	935
1124	935
1125	935
1126	936
1127	937
1128	938
1129	939
1130	939
1131	939
1132	939
1133	939
1134	939
1135	940
1136	940
1137	942
1138	942
1139	942
1140	942
1141	942
1142	942
1143	942
1144	942
1145	942
1146	942
1147	943
1148	943
1149	944
1150	945
1151	945
1152	945
1153	945
1154	947
1155	947
1156	948
1157	949
1158	950
1159	950
1160	950
1161	950
1162	950
1163	950
1164	951
1165	951
1166	951
1167	951
1168	953
1169	954
1170	955
1171	955
1172	955
1173	955
1174	955
1175	956
1176	958
1177	958
1178	958
1179	958
1180	959
1181	959
1182	960
1183	960
1184	961
1185	961
1186	961
1187	961
1188	961
1189	961
1190	961
1191	961
1192	961
1193	961
1194	961
1195	962
1196	962
1197	963
1198	964
1199	964
1200	964
1201	964
1202	964
1203	965
1204	967
1205	967
1206	968
1207	968
1208	968
1209	968
1210	968
1211	968
1212	968
1213	968
1214	968
1215	968
1216	968
1217	968
1218	968
1219	969
1220	970
1221	970
1222	970
1223	970
1224	971
1225	971
1226	971
1227	973
1228	973
1229	974
1230	975
1231	975
1232	975
1233	976
1234	976
1235	977
1236	977
1237	977
1238	977
1239	978
1240	978
1241	978
1242	979
1243	979
1244	979
1245	980
1246	980
1247	980
1248	980
1249	981
1250	981
1251	981
1252	981
1253	982
1254	983
1255	984
1256	984
1257	984
1258	984
1259	985
1260	986
1261	986
1262	986
1263	986
1264	987
1265	987
1266	987
1267	987
1268	987
1269	987
1270	987
1271	987
1272	987
1273	987
1274	987
1275	987
1276	987
1277	987
1278	988
1279	990
1280	990
1281	990
1282	990
1283	990
1284	991
1285	991
1286	993
1287	993
1288	994
1289	996
1290	996
1291	996
1292	996
1293	996
1294	996
1295	997
1296	998
1297	999
1298	999
1299	999
1300	999
1301	1000
1302	1000
1303	1000
1304	1000
1305	1000
1306	1000
1307	1000
1308	1000
1309	1000
1310	1000
1311	1000
1312	1000
1313	1000
1314	1000
1315	1000
1316	1000
1317	1000
1318	1001
1319	1001
1320	1003
1321	1003
1322	1004
1323	1005
1324	1005
1325	1005
1326	1005
1327	1005
1328	1006
1329	1006
1330	1006
1331	1006
1332	1006
1333	1006
1334	1007
1335	1007
1336	1007
1337	1007
1338	1007
1339	1007
1340	1007
1341	1007
1342	1007
1343	1007
1344	1007
1345	1007
1346	1007
1347	1007
1348	1007
1349	1007
1350	1007
1351	1007
1352	1007
1353	1007
1354	1007
1355	1008
1356	1008
1357	1008
1358	1008
1359	1008
1360	1008
1361	1008
1362	1008
1363	1009
1364	1009
1365	1009
1366	1009
1367	1009
1368	1009
1369	1009
1370	1009
1371	1009
1372	1009
1373	1009
1374	1010
1375	1011
1376	1011
1377	1011
1378	1012
1379	1012
1380	1012
1381	1012
1382	1013
1383	1013
1384	1013
1385	1014
1386	1014
1387	1015
1388	1015
1389	1015
1390	1016
1391	1016
1392	1016
1393	1016
1394	1016
1395	1016
1396	1016
1397	1016
1398	1016
1399	1016
1400	1016
1401	1017
1402	1018
1403	1018
1404	1019
1405	1019
1406	1019
1407	1019
1408	1019
1409	1019
1410	1019
1411	1019
1412	1020
1413	1020
1414	1020
1415	1020
1416	1020
1417	1021
1418	1021
1419	1022
1420	1022
1421	1022
1422	1022
1423	1022
1424	1022
1425	1022
1426	1022
1427	1022
1428	1022
1429	1022
1430	1023
1431	1023
1432	1023
1433	1023
1434	1025
1435	1025
1436	1025
1437	1026
1438	1026
1439	1027
1440	1027
1441	1027
1442	1027
1443	1028
1444	1028
1445	1028
1446	1028
1447	1029
1448	1029
1449	1029
1450	1029
1451	1029
1452	1029
1453	1030
1454	1030
1455	1030
1456	1030
1457	1030
1458	1030
1459	1030
1460	1031
1461	1031
1462	1031
1463	1031
1464	1033
1465	1033
1466	1033
1467	1033
1468	1033
1469	1033
1470	1033
1471	1034
1472	1035
1473	1035
1474	1035
1475	1035
1476	1035
1477	1035
1478	1035
1479	1036
1480	1036
1481	1036
1482	1036
1483	1036
1484	1036
1485	1036
1486	1036
1487	1036
1488	1037
1489	1037
1490	1038
1491	1038
1492	1038
1493	1038
1494	1039
1495	1040
1496	1040
1497	1040
1498	1040
1499	1040
1500	1040
1501	1041
1502	1041
1503	1041
1504	1041
1505	1042
1506	1042
1507	1042
1508	1042
1509	1042
1510	1043
1511	1043
1512	1043
1513	1043
1514	1043
1515	1044
1516	1045
1517	1045
1518	1045
1519	1045
1520	1046
1521	1046
1522	1046
1523	1046
1524	1046
1525	1047
1526	1047
1527	1047
1528	1047
1529	1047
1530	1047
1531	1047
1532	1047
1533	1047
1534	1047
1535	1048
1536	1048
1537	1048
1538	1049
1539	1049
1540	1049
1541	1049
1542	1050
1543	1051
1544	1051
1545	1051
1546	1051
1547	1051
1548	1051
1549	1051
1550	1051
1551	1053
1552	1054
1553	1054
1554	1054
1555	1054
1556	1054
1557	1054
1558	1056
1559	1056
1560	1056
1561	1056
1562	1057
1563	1057
1564	1057
1565	1058
1566	1058
1567	1058
1568	1058
1569	1058
1570	1058
1571	1058
1572	1059
1573	1059
1574	1059
1575	1060
1576	1060
1577	1060
1578	1060
1579	1060
1580	1060
1581	1060
1582	1060
1583	1060
1584	1060
1585	1060
1586	1060
1587	1060
1588	1060
1589	1061
1590	1062
1591	1062
1592	1062
1593	1062
1594	1062
1595	1062
1596	1062
1597	1062
1598	1062
1599	1063
1600	1063
1601	1063
1602	1063
1603	1063
1604	1063
1605	1064
1606	1064
1607	1064
1608	1064
1609	1065
1610	1065
1611	1065
1612	1065
1613	1065
1614	1066
1615	1066
1616	1066
1617	1066
1618	1066
1619	1066
1620	1066
1621	1066
1622	1067
1623	1067
1624	1067
1625	1067
1626	1067
1627	1067
1628	1068
1629	1069
1630	1070
1631	1070
1632	1070
1633	1070
1634	1070
1635	1070
1636	1070
1637	1070
1638	1070
1639	1070
1640	1070
1641	1070
1642	1070
1643	1070
1644	1070
1645	1070
1646	1070
1647	1070
1648	1070
1649	1070
1650	1070
1651	1070
1652	1071
1653	1071
1654	1071
1655	1071
1656	1071
1657	1071
1658	1071
1659	1071
1660	1071
1661	1071
1662	1071
1663	1071
1664	1072
1665	1072
1666	1073
1667	1074
1668	1074
1669	1074
1670	1074
1671	1074
1672	1074
1673	1074
1674	1074
1675	1075
1676	1075
1677	1076
1678	1076
1679	1076
1680	1076
1681	1076
1682	1076
1683	1076
1684	1076
1685	1076
1686	1076
1687	1076
1688	1076
1689	1076
1690	1076
1691	1076
1692	1076
1693	1076
1694	1076
1695	1077
1696	1078
1697	1078
1698	1078
1699	1078
1700	1078
1701	1078
1702	1078
1703	1078
1704	1078
1705	1078
1706	1078
1707	1079
1708	1080
1709	1080
1710	1080
1711	1080
1712	1080
1713	1080
1714	1080
1715	1080
1716	1080
1717	1081
1718	1081
1719	1081
1720	1081
1721	1081
1722	1081
1723	1082
1724	1082
1725	1082
1726	1082
1727	1082
1728	1082
1729	1082
1730	1082
1731	1082
1732	1082
1733	1082
1734	1082
1735	1082
1736	1082
1737	1082
1738	1083
1739	1083
1740	1083
1741	1083
1742	1083
1743	1083
1744	1083
1745	1083
1746	1084
1747	1084
1748	1085
1749	1086
1750	1086
1751	1086
1752	1086
1753	1086
1754	1088
1755	1088
1756	1088
1757	1088
1758	1088
1759	1088
1760	1088
1761	1088
1762	1088
1763	1088
1764	1088
1765	1089
1766	1089
1767	1090
1768	1091
1769	1091
1770	1091
1771	1091
1772	1091
1773	1091
1774	1091
1775	1091
1776	1091
1777	1091
1778	1092
1779	1092
1780	1092
1781	1092
1782	1092
1783	1092
1784	1092
1785	1093
1786	1093
1787	1093
1788	1093
1789	1093
1790	1093
1791	1093
1792	1093
1793	1094
1794	1095
1795	1096
1796	1096
1797	1096
1798	1096
1799	1096
1800	1096
1801	1096
1802	1096
1803	1096
1804	1096
1805	1096
1806	1096
1807	1096
1808	1096
1809	1096
1810	1096
1811	1096
1812	1096
1813	1096
1814	1096
1815	1096
1816	1097
1817	1097
1818	1097
1819	1097
1820	1097
1821	1097
1822	1097
1823	1097
1824	1098
1825	1098
1826	1099
1827	1099
1828	1100
1829	1100
1830	1100
1831	1100
1832	1100
1833	1100
1834	1100
1835	1100
1836	1100
1837	1102
1838	1102
1839	1102
1840	1102
1841	1102
1842	1103
1843	1103
1844	1103
1845	1103
1846	1103
1847	1103
1848	1103
1849	1103
1850	1103
1851	1103
1852	1103
1853	1103
1854	1103
1855	1103
1856	1103
1857	1103
1858	1103
1859	1104
1860	1104
1861	1104
1862	1104
1863	1104
1864	1104
1865	1104
1866	1104
1867	1104
1868	1104
1869	1104
1870	1105
1871	1105
1872	1105
1873	1105
1874	1106
1875	1106
1876	1106
1877	1106
1878	1106
1879	1107
1880	1107
1881	1107
1882	1107
1883	1107
1884	1107
1885	1107
1886	1107
1887	1107
1888	1107
1889	1107
1890	1107
1891	1107
1892	1107
1893	1108
1894	1108
1895	1108
1896	1108
1897	1109
1898	1109
1899	1109
1900	1109
1901	1109
1902	1109
1903	1109
1904	1109
1905	1109
1906	1110
1907	1110
1908	1110
1909	1110
1910	1110
1911	1110
1912	1110
1913	1110
1914	1110
1915	1110
1916	1110
1917	1110
1918	1110
1919	1110
1920	1110
1921	1111
1922	1111
1923	1111
1924	1111
1925	1111
1926	1111
1927	1111
1928	1111
1929	1111
1930	1111
1931	1111
1932	1111
1933	1111
1934	1111
1935	1111
1936	1111
1937	1111
1938	1111
1939	1111
1940	1111
1941	1111
1942	1111
1943	1111
1944	1111
1945	1111
1946	1112
1947	1113
1948	1113
1949	1113
1950	1113
1951	1113
1952	1113
1953	1113
1954	1113
1955	1113
1956	1113
1957	1114
1958	1115
1959	1115
1960	1115
1961	1115
1962	1115
1963	1115
1964	1115
1965	1115
1966	1115
1967	1115
1968	1115
1969	1115
1970	1115
1971	1115
1972	1115
1973	1115
1974	1115
1975	1115
1976	1115
1977	1115
1978	1115
1979	1115
1980	1115
1981	1116
1982	1116
1983	1116
1984	1116
1985	1116
1986	1116
1987	1116
1988	1116
1989	1116
1990	1116
1991	1116
1992	1116
1993	1116
1994	1116
1995	1117
1996	1117
1997	1117
1998	1117
1999	1118
2000	1118
2001	1118
2002	1118
2003	1118
2004	1118
2005	1118
2006	1118
2007	1118
2008	1118
2009	1119
2010	1119
2011	1119
2012	1120
2013	1121
2014	1121
2015	1121
2016	1121
2017	1121
2018	1121
2019	1122
2020	1122
2021	1122
2022	1122
2023	1122
2024	1122
2025	1122
2026	1122
2027	1122
2028	1122
2029	1122
2030	1122
2031	1122
2032	1122
2033	1122
2034	1122
2035	1122
2036	1122
2037	1122
2038	1123
2039	1124
2040	1124
2041	1124
2042	1124
2043	1124
2044	1124
2045	1124
2046	1124
2047	1124
2048	1124
2049	1124
2050	1124
2051	1124
2052	1124
2053	1124
2054	1124
2055	1124
2056	1124
2057	1124
2058	1124
2059	1124
2060	1124
2061	1124
2062	1124
2063	1124
2064	1124
2065	1124
2066	1124
2067	1124
2068	1124
2069	1124
2070	1124
2071	1124
2072	1124
2073	1124
2074	1125
2075	1126
2076	1126
2077	1126
2078	1126
2079	1126
2080	1126
2081	1126
2082	1126
2083	1126
2084	1126
2085	1126
2086	1126
2087	1126
2088	1126
2089	1126
2090	1126
2091	1126
2092	1126
2093	1126
2094	1126
2095	1127
2096	1127
2097	1127
2098	1127
2099	1127
2100	1127
2101	1127
2102	1127
2103	1127
2104	1127
2105	1128
2106	1128
2107	1129
2108	1129
2109	1129
2110	1129
2111	1129
2112	1129
2113	1129
2114	1129
2115	1129
2116	1129
2117	1129
2118	1129
2119	1129
2120	1129
2121	1129
2122	1129
2123	1129
2124	1129
2125	1129
2126	1129
2127	1129
2128	1129
2129	1129
2130	1129
2131	1129
2132	1129
2133	1129
2134	1129
2135	1129
2136	1129
2137	1130
2138	1130
2139	1130
2140	1130
2141	1131
2142	1131
2143	1131
2144	1131
2145	1131
2146	1131
2147	1131
2148	1131
2149	1131
2150	1131
2151	1131
2152	1131
2153	1131
2154	1131
2155	1131
2156	1131
2157	1131
2158	1131
2159	1131
2160	1131
2161	1131
2162	1131
2163	1131
2164	1131
2165	1131
2166	1131
2167	1131
2168	1131
2169	1131
2170	1131
2171	1131
2172	1132
2173	1132
2174	1132
2175	1132
2176	1132
2177	1132
2178	1133
2179	1133
2180	1133
2181	1133
2182	1133
2183	1133
2184	1133
2185	1133
2186	1133
2187	1133
2188	1133
2189	1133
2190	1133
2191	1133
2192	1133
2193	1133
2194	1133
2195	1133
2196	1133
2197	1133
2198	1133
2199	1133
2200	1133
2201	1133
2202	1133
2203	1133
2204	1133
2205	1134
2206	1134
2207	1134
2208	1134
2209	1134
2210	1134
2211	1134
2212	1134
2213	1135
2214	1135
2215	1135
2216	1135
2217	1135
2218	1135
2219	1136
2220	1136
2221	1136
2222	1136
2223	1136
2224	1136
2225	1136
2226	1136
2227	1136
2228	1136
2229	1136
2230	1136
2231	1136
2232	1136
2233	1136
2234	1136
2235	1136
2236	1136
2237	1136
2238	1136
2239	1138
2240	1138
2241	1138
2242	1138
2243	1138
2244	1138
2245	1138
2246	1138
2247	1139
2248	1139
2249	1140
2250	1140
2251	1140
2252	1140
2253	1140
2254	1140
2255	1140
2256	1140
2257	1140
2258	1140
2259	1140
2260	1140
2261	1140
2262	1140
2263	1140
2264	1140
2265	1140
2266	1140
2267	1141
2268	1141
2269	1141
2270	1141
2271	1141
2272	1141
2273	1141
2274	1142
2275	1142
2276	1142
2277	1142
2278	1142
2279	1142
2280	1142
2281	1142
2282	1142
2283	1142
2284	1142
2285	1142
2286	1142
2287	1142
2288	1142
2289	1142
2290	1142
2291	1142
2292	1142
2293	1142
2294	1142
2295	1143
2296	1143
2297	1143
2298	1143
2299	1143
2300	1143
2301	1143
2302	1143
2303	1143
2304	1143
2305	1144
2306	1144
2307	1144
2308	1144
2309	1145
2310	1145
2311	1145
2312	1145
2313	1145
2314	1145
2315	1145
2316	1145
2317	1145
2318	1145
2319	1145
2320	1145
2321	1145
2322	1145
2323	1145
2324	1145
2325	1145
2326	1145
2327	1145
2328	1145
2329	1145
2330	1145
2331	1145
2332	1145
2333	1145
2334	1145
2335	1145
2336	1145
2337	1145
2338	1145
2339	1145
2340	1145
2341	1145
2342	1146
2343	1146
2344	1146
2345	1146
2346	1146
2347	1146
2348	1146
2349	1146
2350	1147
2351	1147
2352	1147
2353	1147
2354	1147
2355	1147
2356	1147
2357	1147
2358	1147
2359	1147
2360	1147
2361	1147
2362	1147
2363	1147
2364	1147
2365	1147
2366	1147
2367	1147
2368	1147
2369	1147
2370	1147
2371	1147
2372	1147
2373	1147
2374	1148
2375	1148
2376	1148
2377	1148
2378	1148
2379	1148
2380	1148
2381	1148
2382	1148
2383	1148
2384	1148
2385	1148
2386	1149
2387	1149
2388	1149
2389	1149
2390	1149
2391	1149
2392	1149
2393	1149
2394	1149
2395	1149
2396	1149
2397	1149
2398	1149
2399	1149
2400	1149
2401	1149
2402	1149
2403	1149
2404	1150
2405	1150
2406	1150
2407	1150
2408	1150
2409	1150
2410	1150
2411	1151
2412	1151
2413	1151
2414	1151
2415	1151
2416	1151
2417	1151
2418	1151
2419	1151
2420	1151
2421	1151
2422	1151
2423	1152
2424	1152
2425	1152
2426	1152
2427	1152
2428	1152
2429	1152
2430	1152
2431	1152
2432	1152
2433	1152
2434	1152
2435	1152
2436	1152
2437	1152
2438	1152
2439	1152
2440	1152
2441	1152
2442	1153
2443	1153
2444	1153
2445	1153
2446	1153
2447	1153
2448	1153
2449	1153
2450	1153
2451	1153
2452	1153
2453	1153
2454	1153
2455	1153
2456	1153
2457	1154
2458	1154
2459	1154
2460	1154
2461	1154
2462	1154
2463	1154
2464	1154
2465	1154
2466	1155
2467	1155
2468	1155
2469	1155
2470	1155
2471	1155
2472	1155
2473	1155
2474	1155
2475	1156
2476	1156
2477	1156
2478	1156
2479	1156
2480	1156
2481	1156
2482	1156
2483	1156
2484	1156
2485	1156
2486	1156
2487	1156
2488	1156
2489	1156
2490	1156
2491	1156
2492	1156
2493	1156
2494	1156
2495	1156
2496	1157
2497	1157
2498	1157
2499	1157
2500	1157
2501	1157
2502	1157
2503	1157
2504	1157
2505	1157
2506	1157
2507	1157
2508	1157
2509	1157
2510	1157
2511	1157
2512	1157
2513	1157
2514	1157
2515	1157
2516	1157
2517	1157
2518	1157
2519	1157
2520	1157
2521	1157
2522	1157
2523	1157
2524	1157
2525	1157
2526	1157
2527	1157
2528	1157
2529	1157
2530	1157
2531	1157
2532	1157
2533	1157
2534	1157
2535	1157
2536	1157
2537	1157
2538	1157
2539	1157
2540	1157
2541	1157
2542	1157
2543	1157
2544	1157
2545	1157
2546	1158
2547	1158
2548	1158
2549	1158
2550	1158
2551	1158
2552	1158
2553	1158
2554	1158
2555	1158
2556	1158
2557	1158
2558	1158
2559	1158
2560	1158
2561	1158
2562	1158
2563	1158
2564	1158
2565	1158
2566	1158
2567	1158
2568	1158
2569	1158
2570	1158
2571	1158
2572	1158
2573	1158
2574	1158
2575	1158
2576	1158
2577	1158
2578	1158
2579	1158
2580	1158
2581	1158
2582	1158
2583	1159
2584	1159
2585	1159
2586	1160
2587	1160
2588	1160
2589	1160
2590	1160
2591	1160
2592	1160
2593	1160
2594	1161
2595	1161
2596	1161
2597	1161
2598	1161
2599	1161
2600	1161
2601	1161
2602	1161
2603	1161
2604	1161
2605	1161
2606	1161
2607	1161
2608	1161
2609	1161
2610	1161
2611	1161
2612	1161
2613	1161
2614	1161
2615	1161
2616	1161
2617	1161
2618	1161
2619	1161
2620	1161
2621	1161
2622	1161
2623	1161
2624	1161
2625	1161
2626	1161
2627	1161
2628	1162
2629	1162
2630	1162
2631	1162
2632	1162
2633	1162
2634	1162
2635	1162
2636	1162
2637	1163
2638	1163
2639	1163
2640	1163
2641	1163
2642	1163
2643	1163
2644	1163
2645	1163
2646	1163
2647	1163
2648	1163
2649	1163
2650	1163
2651	1163
2652	1163
2653	1163
2654	1163
2655	1163
2656	1163
2657	1163
2658	1163
2659	1163
2660	1163
2661	1163
2662	1164
2663	1164
2664	1164
2665	1164
2666	1165
2667	1165
2668	1165
2669	1165
2670	1165
2671	1165
2672	1165
2673	1165
2674	1165
2675	1165
2676	1165
2677	1165
2678	1165
2679	1165
2680	1165
2681	1165
2682	1165
2683	1165
2684	1165
2685	1165
2686	1165
2687	1165
2688	1165
2689	1165
2690	1165
2691	1165
2692	1165
2693	1165
2694	1165
2695	1165
2696	1165
2697	1165
2698	1165
2699	1165
2700	1165
2701	1165
2702	1165
2703	1165
2704	1165
2705	1165
2706	1165
2707	1165
2708	1165
2709	1165
2710	1166
2711	1166
2712	1166
2713	1166
2714	1166
2715	1166
2716	1166
2717	1166
2718	1166
2719	1166
2720	1166
2721	1166
2722	1166
2723	1166
2724	1166
2725	1166
2726	1166
2727	1166
2728	1166
2729	1166
2730	1166
2731	1166
2732	1166
2733	1166
2734	1166
2735	1166
2736	1167
2737	1167
2738	1168
2739	1168
2740	1168
2741	1168
2742	1168
2743	1168
2744	1168
2745	1168
2746	1168
2747	1168
2748	1168
2749	1168
2750	1168
2751	1168
2752	1168
2753	1168
2754	1168
2755	1168
2756	1168
2757	1169
2758	1169
2759	1169
2760	1169
2761	1169
2762	1169
2763	1169
2764	1169
2765	1169
2766	1169
2767	1169
2768	1169
2769	1169
2770	1169
2771	1169
2772	1169
2773	1169
2774	1169
2775	1169
2776	1169
2777	1169
2778	1169
2779	1169
2780	1169
2781	1169
2782	1169
2783	1169
2784	1169
2785	1169
2786	1169
2787	1169
2788	1169
2789	1169
2790	1169
2791	1169
2792	1169
2793	1169
2794	1169
2795	1169
2796	1170
2797	1170
2798	1170
2799	1170
2800	1170
2801	1170
2802	1170
2803	1170
2804	1170
2805	1170
2806	1170
2807	1170
2808	1170
2809	1170
2810	1170
2811	1170
2812	1170
2813	1170
2814	1170
2815	1170
2816	1170
2817	1170
2818	1170
2819	1170
2820	1170
2821	1170
2822	1170
2823	1170
2824	1170
2825	1170
2826	1170
2827	1170
2828	1170
2829	1170
2830	1170
2831	1171
2832	1171
2833	1171
2834	1171
2835	1171
2836	1171
2837	1171
2838	1171
2839	1171
2840	1171
2841	1171
2842	1171
2843	1171
2844	1171
2845	1171
2846	1171
2847	1171
2848	1171
2849	1171
2850	1171
2851	1171
2852	1171
2853	1171
2854	1171
2855	1171
2856	1171
2857	1171
2858	1171
2859	1171
2860	1172
2861	1172
2862	1172
2863	1172
2864	1172
2865	1172
2866	1172
2867	1172
2868	1172
2869	1172
2870	1172
2871	1172
2872	1172
2873	1172
2874	1172
2875	1172
2876	1172
2877	1172
2878	1172
2879	1173
2880	1173
2881	1173
2882	1173
2883	1173
2884	1173
2885	1173
2886	1173
2887	1173
2888	1173
2889	1173
2890	1173
2891	1173
2892	1173
2893	1173
2894	1173
2895	1173
2896	1173
2897	1173
2898	1173
2899	1173
2900	1173
2901	1173
2902	1173
2903	1173
2904	1173
2905	1173
2906	1173
2907	1173
2908	1173
2909	1173
2910	1173
2911	1173
2912	1173
2913	1173
2914	1174
2915	1174
2916	1174
2917	1174
2918	1174
2919	1174
2920	1174
2921	1174
2922	1174
2923	1174
2924	1174
2925	1174
2926	1174
2927	1174
2928	1174
2929	1174
2930	1174
2931	1174
2932	1174
2933	1174
2934	1174
2935	1174
2936	1174
2937	1174
2938	1174
2939	1174
2940	1174
2941	1174
2942	1174
2943	1174
2944	1174
2945	1174
2946	1174
2947	1174
2948	1175
2949	1175
2950	1175
2951	1176
2952	1176
2953	1176
2954	1176
2955	1176
2956	1176
2957	1176
2958	1176
2959	1176
2960	1176
2961	1176
2962	1176
2963	1176
2964	1176
2965	1176
2966	1176
2967	1176
2968	1176
2969	1176
2970	1176
2971	1176
2972	1176
2973	1176
2974	1176
2975	1176
2976	1176
2977	1176
2978	1176
2979	1176
2980	1177
2981	1177
2982	1177
2983	1177
2984	1177
2985	1177
2986	1177
2987	1177
2988	1177
2989	1177
2990	1177
2991	1177
2992	1177
2993	1177
2994	1177
2995	1177
2996	1177
2997	1177
2998	1177
2999	1177
3000	1177
3001	1177
3002	1177
3003	1177
3004	1177
3005	1177
3006	1177
3007	1177
3008	1177
3009	1177
3010	1177
3011	1177
3012	1177
3013	1177
3014	1177
3015	1177
3016	1177
3017	1177
3018	1177
3019	1177
3020	1177
3021	1177
3022	1177
3023	1177
3024	1177
3025	1177
3026	1177
3027	1177
3028	1177
3029	1177
3030	1177
3031	1177
3032	1177
3033	1177
3034	1178
3035	1178
3036	1178
3037	1178
3038	1178
3039	1178
3040	1178
3041	1178
3042	1178
3043	1178
3044	1178
3045	1178
3046	1178
3047	1178
3048	1178
3049	1178
3050	1178
3051	1178
3052	1178
3053	1178
3054	1178
3055	1178
3056	1178
3057	1178
3058	1178
3059	1178
3060	1178
3061	1178
3062	1178
3063	1178
3064	1178
3065	1178
3066	1178
3067	1178
3068	1178
3069	1178
3070	1178
3071	1178
3072	1178
3073	1178
3074	1178
3075	1178
3076	1178
3077	1178
3078	1178
3079	1178
3080	1178
3081	1178
3082	1178
3083	1178
3084	1178
3085	1178
3086	1178
3087	1178
3088	1178
3089	1178
3090	1178
3091	1178
3092	1178
3093	1178
3094	1178
3095	1178
3096	1178
3097	1178
3098	1178
3099	1179
3100	1179
3101	1179
3102	1179
3103	1179
3104	1179
3105	1180
3106	1180
3107	1180
3108	1180
3109	1180
3110	1180
3111	1180
3112	1180
3113	1180
3114	1180
3115	1180
3116	1180
3117	1180
3118	1180
3119	1180
3120	1180
3121	1180
3122	1180
3123	1180
3124	1180
3125	1180
3126	1180
3127	1180
3128	1180
3129	1180
3130	1180
3131	1180
3132	1180
3133	1180
3134	1180
3135	1180
3136	1180
3137	1180
3138	1180
3139	1180
3140	1181
3141	1181
3142	1181
3143	1181
3144	1181
3145	1181
3146	1181
3147	1181
3148	1181
3149	1181
3150	1181
3151	1181
3152	1181
3153	1181
3154	1181
3155	1181
3156	1181
3157	1181
3158	1181
3159	1181
3160	1181
3161	1181
3162	1181
3163	1181
3164	1181
3165	1182
3166	1182
3167	1182
3168	1182
3169	1182
3170	1182
3171	1182
3172	1182
3173	1182
3174	1182
3175	1182
3176	1182
3177	1182
3178	1182
3179	1182
3180	1182
3181	1182
3182	1182
3183	1182
3184	1182
3185	1182
3186	1182
3187	1182
3188	1182
3189	1182
3190	1182
3191	1182
3192	1182
3193	1182
3194	1182
3195	1182
3196	1182
3197	1182
3198	1182
3199	1182
3200	1182
3201	1183
3202	1183
3203	1183
3204	1183
3205	1183
3206	1183
3207	1183
3208	1183
3209	1183
3210	1184
3211	1184
3212	1184
3213	1184
3214	1184
3215	1184
3216	1184
3217	1184
3218	1184
3219	1184
3220	1184
3221	1185
3222	1185
3223	1185
3224	1185
3225	1185
3226	1185
3227	1185
3228	1185
3229	1185
3230	1185
3231	1185
3232	1185
3233	1185
3234	1185
3235	1185
3236	1185
3237	1185
3238	1185
3239	1185
3240	1185
3241	1185
3242	1185
3243	1185
3244	1185
3245	1185
3246	1185
3247	1185
3248	1185
3249	1185
3250	1185
3251	1185
3252	1185
3253	1185
3254	1185
3255	1185
3256	1185
3257	1185
3258	1185
3259	1185
3260	1185
3261	1185
3262	1185
3263	1185
3264	1185
3265	1185
3266	1185
3267	1185
3268	1185
3269	1185
3270	1186
3271	1186
3272	1186
3273	1186
3274	1186
3275	1186
3276	1186
3277	1186
3278	1186
3279	1186
3280	1186
3281	1186
3282	1186
3283	1186
3284	1186
3285	1186
3286	1186
3287	1186
3288	1186
3289	1186
3290	1186
3291	1186
3292	1186
3293	1186
3294	1186
3295	1186
3296	1186
3297	1186
3298	1186
3299	1186
3300	1186
3301	1186
3302	1186
3303	1186
3304	1186
3305	1186
3306	1186
3307	1186
3308	1186
3309	1186
3310	1186
3311	1186
3312	1186
3313	1186
3314	1186
3315	1186
3316	1187
3317	1187
3318	1187
3319	1187
3320	1187
3321	1187
3322	1187
3323	1187
3324	1187
3325	1187
3326	1187
3327	1187
3328	1187
3329	1187
3330	1187
3331	1187
3332	1187
3333	1187
3334	1187
3335	1187
3336	1187
3337	1187
3338	1187
3339	1187
3340	1187
3341	1187
3342	1187
3343	1187
3344	1187
3345	1187
3346	1188
3347	1188
3348	1188
3349	1188
3350	1188
3351	1188
3352	1188
3353	1188
3354	1188
3355	1188
3356	1188
3357	1188
3358	1188
3359	1188
3360	1188
3361	1188
3362	1188
3363	1188
3364	1188
3365	1188
3366	1188
3367	1188
3368	1188
3369	1188
3370	1188
3371	1188
3372	1188
3373	1189
3374	1189
3375	1189
3376	1189
3377	1189
3378	1189
3379	1189
3380	1189
3381	1189
3382	1189
3383	1189
3384	1189
3385	1189
3386	1189
3387	1189
3388	1189
3389	1189
3390	1189
3391	1189
3392	1189
3393	1189
3394	1189
3395	1189
3396	1189
3397	1189
3398	1189
3399	1189
3400	1189
3401	1189
3402	1189
3403	1189
3404	1189
3405	1189
3406	1189
3407	1189
3408	1189
3409	1189
3410	1189
3411	1189
3412	1189
3413	1189
3414	1189
3415	1189
3416	1189
3417	1189
3418	1189
3419	1189
3420	1189
3421	1189
3422	1189
3423	1189
3424	1189
3425	1189
3426	1189
3427	1189
3428	1189
3429	1189
3430	1189
3431	1189
3432	1189
3433	1189
3434	1189
3435	1190
3436	1190
3437	1190
3438	1190
3439	1190
3440	1190
3441	1190
3442	1190
3443	1190
3444	1190
3445	1190
3446	1190
3447	1190
3448	1190
3449	1190
3450	1190
3451	1190
3452	1190
3453	1190
3454	1190
3455	1190
3456	1190
3457	1190
3458	1190
3459	1190
3460	1190
3461	1190
3462	1190
3463	1190
3464	1190
3465	1190
3466	1190
3467	1190
3468	1190
3469	1190
3470	1190
3471	1190
3472	1190
3473	1190
3474	1190
3475	1190
3476	1190
3477	1190
3478	1190
3479	1190
3480	1190
3481	1190
3482	1190
3483	1190
3484	1191
3485	1191
3486	1191
3487	1191
3488	1191
3489	1191
3490	1191
3491	1191
3492	1191
3493	1191
3494	1191
3495	1191
3496	1191
3497	1191
3498	1191
3499	1191
3500	1191
3501	1192
3502	1192
3503	1192
3504	1192
3505	1192
3506	1192
3507	1192
3508	1192
3509	1192
3510	1192
3511	1192
3512	1192
3513	1192
3514	1192
3515	1192
3516	1192
3517	1192
3518	1192
3519	1192
3520	1192
3521	1192
3522	1192
3523	1192
3524	1192
3525	1192
3526	1192
3527	1192
3528	1192
3529	1192
3530	1192
3531	1192
3532	1192
3533	1192
3534	1192
3535	1192
3536	1192
3537	1192
3538	1192
3539	1192
3540	1192
3541	1192
3542	1192
3543	1192
3544	1192
3545	1192
3546	1192
3547	1192
3548	1192
3549	1192
3550	1192
3551	1192
3552	1192
3553	1192
3554	1192
3555	1192
3556	1192
3557	1192
3558	1192
3559	1192
3560	1192
3561	1192
3562	1192
3563	1192
3564	1192
3565	1192
3566	1192
3567	1192
3568	1192
3569	1192
3570	1192
3571	1192
3572	1192
3573	1192
3574	1192
3575	1192
3576	1192
3577	1192
3578	1192
3579	1192
3580	1192
3581	1193
3582	1193
3583	1193
3584	1193
3585	1193
3586	1193
3587	1193
3588	1193
3589	1193
3590	1193
3591	1193
3592	1193
3593	1193
3594	1193
3595	1193
3596	1193
3597	1193
3598	1193
3599	1193
3600	1193
3601	1193
3602	1193
3603	1193
3604	1193
3605	1193
3606	1193
3607	1193
3608	1193
3609	1193
3610	1193
3611	1193
3612	1193
3613	1193
3614	1193
3615	1193
3616	1193
3617	1193
3618	1193
3619	1193
3620	1193
3621	1193
3622	1193
3623	1193
3624	1193
3625	1193
3626	1193
3627	1193
3628	1193
3629	1193
3630	1193
3631	1193
3632	1193
3633	1193
3634	1193
3635	1193
3636	1193
3637	1193
3638	1193
3639	1193
3640	1193
3641	1193
3642	1193
3643	1193
3644	1193
3645	1193
3646	1193
3647	1193
3648	1193
3649	1193
3650	1193
3651	1193
3652	1193
3653	1193
3654	1193
3655	1193
3656	1193
3657	1193
3658	1193
3659	1193
3660	1193
3661	1193
3662	1193
3663	1193
3664	1193
3665	1193
3666	1193
3667	1193
3668	1193
3669	1193
3670	1193
3671	1193
3672	1193
3673	1193
3674	1193
3675	1193
3676	1193
3677	1193
3678	1193
3679	1193
3680	1193
3681	1193
3682	1193
3683	1193
3684	1193
3685	1193
3686	1193
3687	1193
3688	1193
3689	1193
3690	1193
3691	1193
3692	1193
3693	1193
3694	1193
3695	1193
3696	1193
3697	1193
3698	1193
3699	1193
3700	1193
3701	1193
3702	1193
3703	1193
3704	1193
3705	1193
3706	1193
3707	1193
3708	1193
3709	1193
3710	1193
3711	1193
3712	1193
3713	1193
3714	1193
3715	1193
3716	1193
3717	1193
3718	1193
3719	1193
3720	1193
3721	1193
3722	1193
3723	1193
3724	1193
3725	1193
3726	1193
3727	1193
3728	1193
3729	1193
3730	1193
3731	1193
3732	1193
3733	1193
3734	1193
3735	1193
3736	1193
3737	1193
3738	1193
3739	1193
3740	1193
3741	1193
3742	1193
3743	1193
3744	1193
3745	1193
3746	1193
3747	1193
3748	1193
3749	1193
3750	1193
3751	1193
3752	1193
3753	1193
3754	1193
3755	1193
3756	1193
3757	1193
3758	1193
3759	1194
3760	1194
3761	1194
3762	1194
3763	1194
3764	1194
3765	1194
3766	1194
3767	1194
3768	1194
3769	1194
3770	1194
3771	1194
3772	1194
3773	1194
3774	1194
3775	1194
3776	1194
3777	1194
3778	1194
3779	1194
3780	1194
3781	1194
3782	1194
3783	1194
3784	1194
3785	1194
3786	1194
3787	1194
3788	1194
3789	1194
3790	1194
3791	1194
3792	1194
3793	1194
3794	1194
3795	1194
3796	1194
3797	1194
3798	1194
3799	1194
3800	1194
3801	1194
3802	1194
3803	1194
3804	1194
3805	1194
3806	1194
3807	1194
3808	1194
3809	1194
3810	1194
3811	1194
3812	1194
3813	1194
3814	1194
3815	1194
3816	1194
3817	1194
3818	1194
3819	1194
3820	1194
3821	1194
3822	1194
3823	1194
3824	1194
3825	1195
3826	1195
3827	1195
3828	1195
3829	1195
3830	1195
3831	1195
3832	1195
3833	1195
3834	1195
3835	1195
3836	1195
3837	1195
3838	1195
3839	1195
3840	1195
3841	1195
3842	1195
3843	1195
3844	1195
3845	1195
3846	1195
3847	1195
3848	1195
3849	1195
3850	1195
3851	1195
3852	1195
3853	1195
3854	1195
3855	1195
3856	1195
3857	1195
3858	1195
3859	1195
3860	1195
3861	1195
3862	1195
3863	1195
3864	1195
3865	1195
3866	1195
3867	1195
3868	1195
3869	1195
3870	1195
3871	1195
3872	1195
3873	1195
3874	1195
3875	1195
3876	1195
3877	1195
3878	1195
3879	1195
3880	1195
3881	1195
3882	1195
3883	1195
3884	1195
3885	1195
3886	1195
3887	1195
3888	1195
3889	1195
3890	1195
3891	1195
3892	1195
3893	1195
3894	1195
3895	1195
3896	1195
3897	1195
3898	1195
3899	1195
3900	1195
3901	1195
3902	1195
3903	1195
3904	1195
3905	1195
3906	1195
3907	1195
3908	1195
3909	1195
3910	1195
3911	1195
3912	1195
3913	1195
3914	1195
3915	1195
3916	1195
3917	1195
3918	1195
3919	1195
3920	1195
3921	1195
3922	1195
3923	1195
3924	1195
3925	1195
3926	1195
3927	1195
3928	1195
3929	1195
3930	1195
3931	1195
3932	1195
3933	1195
3934	1195
3935	1195
3936	1195
3937	1195
3938	1195
3939	1195
3940	1195
3941	1195
3942	1195
3943	1195
3944	1195
3945	1195
3946	1195
3947	1195
3948	1195
3949	1195
3950	1195
3951	1195
3952	1195
3953	1195
3954	1195
3955	1195
3956	1195
3957	1195
3958	1195
3959	1195
3960	1195
3961	1195
3962	1195
3963	1195
3964	1195
3965	1195
3966	1195
3967	1195
3968	1195
3969	1195
3970	1195
3971	1195
3972	1195
3973	1195
3974	1195
3975	1195
3976	1195
3977	1195
3978	1195
3979	1195
3980	1195
3981	1195
3982	1195
3983	1195
3984	1195
3985	1195
3986	1195
3987	1195
3988	1195
3989	1195
3990	1195
3991	1195
3992	1195
3993	1195
3994	1195
3995	1195
3996	1195
3997	1195
3998	1195
3999	1195
4000	1195
4001	1195
4002	1195
4003	1195
4004	1195
4005	1195
4006	1195
4007	1195
4008	1195
4009	1195
4010	1195
4011	1195
4012	1195
4013	1195
4014	1195
4015	1195
4016	1195
4017	1195
4018	1195
4019	1195
4020	1195
4021	1195
4022	1195
4023	1195
4024	1195
4025	1195
4026	1195
4027	1195
4028	1195
4029	1195
4030	1195
4031	1195
4032	1195
4033	1195
4034	1195
4035	1195
4036	1195
4037	1195
4038	1195
4039	1195
4040	1195
4041	1195
4042	1195
4043	1195
4044	1195
4045	1195
4046	1195
4047	1195
4048	1195
4049	1195
4050	1195
4051	1195
4052	1195
4053	1195
4054	1195
4055	1195
4056	1195
4057	1195
4058	1195
4059	1195
4060	1195
4061	1195
4062	1195
4063	1195
4064	1195
4065	1195
4066	1195
4067	1195
4068	1195
4069	1195
4070	1195
4071	1195
4072	1195
4073	1195
4074	1195
4075	1195
4076	1195
4077	1195
4078	1195
4079	1195
4080	1195
4081	1195
4082	1195
4083	1195
4084	1195
4085	1195
4086	1195
4087	1195
4088	1195
4089	1195
4090	1195
4091	1195
4092	1195
4093	1195
4094	1195
4095	1195
4096	1195
4097	1195
4098	1195
4099	1195
4100	1195
4101	1195
4102	1195
4103	1195
4104	1195
4105	1195
4106	1195
4107	1195
4108	1195
4109	1195
4110	1195
4111	1195
4112	1195
4113	1195
4114	1195
4115	1195
4116	1195
4117	1195
4118	1195
4119	1195
4120	1195
4121	1195
4122	1195
4123	1195
4124	1195
4125	1195
4126	1195
4127	1195
4128	1195
4129	1195
4130	1195
4131	1195
4132	1195
4133	1195
4134	1195
4135	1195
4136	1195
4137	1195
4138	1195
4139	1195
4140	1195
4141	1195
4142	1195
4143	1195
4144	1195
4145	1195
4146	1195
4147	1195
4148	1195
4149	1195
4150	1195
4151	1195
4152	1195
4153	1195
4154	1195
4155	1195
4156	1195
4157	1195
4158	1195
4159	1195
4160	1195
4161	1195
4162	1195
4163	1195
4164	1195
4165	1195
4166	1195
4167	1195
4168	1195
4169	1195
4170	1195
4171	1195
4172	1195
4173	1195
4174	1195
4175	1195
4176	1195
4177	1195
4178	1195
4179	1195
4180	1195
4181	1195
4182	1195
4183	1195
4184	1195
4185	1195
4186	1195
4187	1195
4188	1195
4189	1195
4190	1195
4191	1195
4192	1195
4193	1195
4194	1195
4195	1195
4196	1195
4197	1195
4198	1195
4199	1195
4200	1195
4201	1195
4202	1195
4203	1195
4204	1195
4205	1195
4206	1195
4207	1195
4208	1195
4209	1195
4210	1195
4211	1195
4212	1195
4213	1195
4214	1195
4215	1195
4216	1195
4217	1195
4218	1195
4219	1195
4220	1195
4221	1195
4222	1195
4223	1195
4224	1195
4225	1195
4226	1195
4227	1195
4228	1195
4229	1195
4230	1195
4231	1195
4232	1195
4233	1195
4234	1195
4235	1195
4236	1195
4237	1195
4238	1195
4239	1195
4240	1195
4241	1195
4242	1195
4243	1195
4244	1195
4245	1195
4246	1195
4247	1195
4248	1195
4249	1195
4250	1195
4251	1195
4252	1195
4253	1195
4254	1195
4255	1195
4256	1195
4257	1195
4258	1195
4259	1195
4260	1195
4261	1195
4262	1195
4263	1195
4264	1195
4265	1195
4266	1195
4267	1196
4268	1196
4269	1196
4270	1196
4271	1196
4272	1196
4273	1196
4274	1196
4275	1196
4276	1196
4277	1196
4278	1196
4279	1196
4280	1196
4281	1196
4282	1196
4283	1196
4284	1196
4285	1196
4286	1196
4287	1196
4288	1196
4289	1196
4290	1196
4291	1196
4292	1196
4293	1196
4294	1196
4295	1196
4296	1196
4297	1196
4298	1196
4299	1196
4300	1196
4301	1196
4302	1196
4303	1196
4304	1196
4305	1196
4306	1196
4307	1196
4308	1196
4309	1196
4310	1196
4311	1196
4312	1196
4313	1196
4314	1196
4315	1196
4316	1196
4317	1196
4318	1196
4319	1196
4320	1196
4321	1196
4322	1196
4323	1196
4324	1196
4325	1196
4326	1196
4327	1196
4328	1196
4329	1196
4330	1196
4331	1196
4332	1196
4333	1196
4334	1196
4335	1196
4336	1196
4337	1196
4338	1196
4339	1196
4340	1196
4341	1196
4342	1196
4343	1196
4344	1196
4345	1196
4346	1196
4347	1196
4348	1196
4349	1196
4350	1196
4351	1196
4352	1196
4353	1196
4354	1196
4355	1196
4356	1196
4357	1196
4358	1196
4359	1196
4360	1196
4361	1196
4362	1196
4363	1196
4364	1196
4365	1196
4366	1196
4367	1196
4368	1196
4369	1196
4370	1196
4371	1196
4372	1196
4373	1196
4374	1196
4375	1196
4376	1196
4377	1196
4378	1196
4379	1196
4380	1196
4381	1196
4382	1196
4383	1196
4384	1196
4385	1196
4386	1196
4387	1196
4388	1196
4389	1196
4390	1196
4391	1196
4392	1196
4393	1196
4394	1196
4395	1196
4396	1196
4397	1196
4398	1196
4399	1196
4400	1196
4401	1196
4402	1196
4403	1196
4404	1196
4405	1196
4406	1196
4407	1196
4408	1196
4409	1196
4410	1196
4411	1196
4412	1196
4413	1196
4414	1196
4415	1196
4416	1196
4417	1196
4418	1196
4419	1196
4420	1196
4421	1196
4422	1196
4423	1196
4424	1196
4425	1196
4426	1196
4427	1196
4428	1196
4429	1196
4430	1196
4431	1196
4432	1196
4433	1196
4434	1196
4435	1196
4436	1196
4437	1196
4438	1196
4439	1196
4440	1196
4441	1196
4442	1196
4443	1196
4444	1196
4445	1196
4446	1196
4447	1196
4448	1196
4449	1196
4450	1196
4451	1196
4452	1196
4453	1196
4454	1196
4455	1196
4456	1196
4457	1196
4458	1196
4459	1196
4460	1196
4461	1196
4462	1196
4463	1196
4464	1196
4465	1196
4466	1196
4467	1196
4468	1196
4469	1196
4470	1196
4471	1196
4472	1196
4473	1196
4474	1196
4475	1196
4476	1196
4477	1196
4478	1196
4479	1196
4480	1196
4481	1196
4482	1196
4483	1196
4484	1196
4485	1196
4486	1196
4487	1196
4488	1196
4489	1196
4490	1196
4491	1196
4492	1196
4493	1196
4494	1196
4495	1196
4496	1196
4497	1196
4498	1196
4499	1196
4500	1196
4501	1196
4502	1196
4503	1196
4504	1196
4505	1196
4506	1196
4507	1196
4508	1196
4509	1196
4510	1196
4511	1196
4512	1196
4513	1196
4514	1196
4515	1196
4516	1196
4517	1196
4518	1196
4519	1196
4520	1196
4521	1196
4522	1196
4523	1196
4524	1196
4525	1196
4526	1196
4527	1196
4528	1196
4529	1196
4530	1196
4531	1196
4532	1196
4533	1196
4534	1196
4535	1196
4536	1196
4537	1196
4538	1196
4539	1196
4540	1196
4541	1196
4542	1196
4543	1196
4544	1196
4545	1196
4546	1196
4547	1196
4548	1196
4549	1196
4550	1196
4551	1196
4552	1196
4553	1196
4554	1196
4555	1196
4556	1196
4557	1196
4558	1196
4559	1196
4560	1196
4561	1196
4562	1196
4563	1196
4564	1196
4565	1196
4566	1196
4567	1196
4568	1196
4569	1196
4570	1196
4571	1196
4572	1196
4573	1196
4574	1196
4575	1196
4576	1196
4577	1196
4578	1196
4579	1196
4580	1196
4581	1196
4582	1196
4583	1196
4584	1196
4585	1196
4586	1196
4587	1196
4588	1196
4589	1196
4590	1196
4591	1196
4592	1196
4593	1196
4594	1196
4595	1196
4596	1196
4597	1196
4598	1196
4599	1196
4600	1196
4601	1196
4602	1196
4603	1196
4604	1196
4605	1196
4606	1196
4607	1196
4608	1196
4609	1196
4610	1196
4611	1196
4612	1196
4613	1196
4614	1196
4615	1196
4616	1196
4617	1196
4618	1196
4619	1196
4620	1196
4621	1196
4622	1196
4623	1196
4624	1196
4625	1196
4626	1196
4627	1196
4628	1196
4629	1196
4630	1196
4631	1196
4632	1196
4633	1196
4634	1196
4635	1196
4636	1196
4637	1196
4638	1196
4639	1196
4640	1196
4641	1196
4642	1196
4643	1196
4644	1196
4645	1196
4646	1196
4647	1196
4648	1196
4649	1196
4650	1196
4651	1196
4652	1196
4653	1196
4654	1196
4655	1196
4656	1196
4657	1196
4658	1196
4659	1196
4660	1196
4661	1196
4662	1196
4663	1196
4664	1196
4665	1196
4666	1196
4667	1196
4668	1196
4669	1196
4670	1196
4671	1196
4672	1196
4673	1196
4674	1196
4675	1196
4676	1196
4677	1196
4678	1196
4679	1196
4680	1196
4681	1196
4682	1196
4683	1196
4684	1196
4685	1196
4686	1196
4687	1196
4688	1196
4689	1196
4690	1196
4691	1196
4692	1196
4693	1196
4694	1196
4695	1196
4696	1196
4697	1196
4698	1196
4699	1196
4700	1196
4701	1196
4702	1196
4703	1196
4704	1196
4705	1196
4706	1196
4707	1196
4708	1196
4709	1196
4710	1196
4711	1196
4712	1196
4713	1196
4714	1196
4715	1196
4716	1196
4717	1196
4718	1196
4719	1196
4720	1196
4721	1196
4722	1196
4723	1196
4724	1196
4725	1196
4726	1196
4727	1196
4728	1196
4729	1196
4730	1196
4731	1196
4732	1196
4733	1196
4734	1196
4735	1196
4736	1196
4737	1196
4738	1196
4739	1196
4740	1196
4741	1196
4742	1196
4743	1196
4744	1196
4745	1196
4746	1196
4747	1196
4748	1196
4749	1196
4750	1196
4751	1196
4752	1196
4753	1196
4754	1196
4755	1196
4756	1196
4757	1196
4758	1196
4759	1196
4760	1196
4761	1196
4762	1196
4763	1196
4764	1196
4765	1196
4766	1196
4767	1196
4768	1196
4769	1196
4770	1196
4771	1196
4772	1196
4773	1196
4774	1196
4775	1196
4776	1196
4777	1196
4778	1196
4779	1196
4780	1196
4781	1196
4782	1196
4783	1196
4784	1196
4785	1196
4786	1196
4787	1196
4788	1196
4789	1196
4790	1196
4791	1196
4792	1196
4793	1196
4794	1196
4795	1196
4796	1196
4797	1196
4798	1197
4799	1197
4800	1197
4801	1197
4802	1197
4803	1197
4804	1197
4805	1197
4806	1197
4807	1197
4808	1197
4809	1197
4810	1197
4811	1197
4812	1197
4813	1197
4814	1197
4815	1197
4816	1197
4817	1197
4818	1197
4819	1197
4820	1197
4821	1197
4822	1197
4823	1197
4824	1197
4825	1197
4826	1197
4827	1197
4828	1197
4829	1197
4830	1197
4831	1197
4832	1197
4833	1197
4834	1197
4835	1197
4836	1197
4837	1197
4838	1197
4839	1197
4840	1197
4841	1197
4842	1197
4843	1197
4844	1197
4845	1197
4846	1197
4847	1197
4848	1197
4849	1197
4850	1197
4851	1197
4852	1197
4853	1197
4854	1197
4855	1197
4856	1197
4857	1197
4858	1197
4859	1197
4860	1197
4861	1197
4862	1197
4863	1197
4864	1197
4865	1197
4866	1197
4867	1197
4868	1197
4869	1197
4870	1197
4871	1197
4872	1197
4873	1197
4874	1197
4875	1197
4876	1197
4877	1197
4878	1197
4879	1197
4880	1197
4881	1197
4882	1197
4883	1197
4884	1197
4885	1197
4886	1197
4887	1197
4888	1197
4889	1197
4890	1197
4891	1197
4892	1197
4893	1197
4894	1197
4895	1197
4896	1197
4897	1197
4898	1197
4899	1197
4900	1197
4901	1197
4902	1197
4903	1197
4904	1197
4905	1197
4906	1197
4907	1197
4908	1197
4909	1197
4910	1197
4911	1197
4912	1197
4913	1197
4914	1197
4915	1197
4916	1197
4917	1197
4918	1197
4919	1197
4920	1197
4921	1197
4922	1197
4923	1197
4924	1197
4925	1197
4926	1197
4927	1197
4928	1197
4929	1197
4930	1197
4931	1197
4932	1197
4933	1197
4934	1197
4935	1197
4936	1197
4937	1197
4938	1197
4939	1197
4940	1197
4941	1197
4942	1197
4943	1197
4944	1197
4945	1197
4946	1197
4947	1197
4948	1197
4949	1197
4950	1197
4951	1197
4952	1197
4953	1197
4954	1197
4955	1197
4956	1197
4957	1197
4958	1197
4959	1197
4960	1197
4961	1197
4962	1197
4963	1197
4964	1197
4965	1197
4966	1197
4967	1197
4968	1197
4969	1197
4970	1197
4971	1197
4972	1197
4973	1197
4974	1197
4975	1197
4976	1197
4977	1197
4978	1197
4979	1197
4980	1197
4981	1197
4982	1197
4983	1197
4984	1197
4985	1197
4986	1197
4987	1197
4988	1197
4989	1197
4990	1197
4991	1197
4992	1197
4993	1197
4994	1197
4995	1197
4996	1197
4997	1197
4998	1197
4999	1197

