0	0
1	0
2	0
3	0
4	0
5	0
6	0
7	0
8	0
9	0
10	0
11	0
12	0
13	0
14	0
15	0
16	0
17	0
18	0
19	0
20	0
21	0
22	0
23	0
24	0
25	0
26	0
27	0
28	0
29	0
30	0
31	0
32	0
33	0
34	0
35	0
36	0
37	0
38	0
39	0
40	0
41	0
42	0
43	0
44	0
45	0
46	0
47	0
48	0
49	0
50	0
51	0
52	0
53	0
54	0
55	0
56	0
57	0
58	0
59	0
60	0
61	0
62	0
63	0
64	0
65	0
66	0
67	0
68	0
69	0
70	0
71	0
72	0
73	0
74	0
75	0
76	0
77	0
78	0
79	0
80	0
81	0
82	0
83	0
84	0
85	0
86	0
87	1
88	1
89	2
90	2
91	2
92	3
93	4
94	4
95	4
96	4
97	4
98	4
99	5
100	6
101	6
102	7
103	7
104	7
105	7
106	9
107	10
108	10
109	11
110	12
111	12
112	13
113	13
114	14
115	17
116	17
117	17
118	17
119	17
120	17
121	17
122	17
123	20
124	21
125	23
126	23
127	23
128	25
129	27
130	27
131	28
132	28
133	30
134	30
135	32
136	32
137	35
138	36
139	37
140	38
141	40
142	42
143	46
144	49
145	51
146	55
147	56
148	56
149	58
150	58
151	63
152	66
153	67
154	68
155	68
156	68
157	68
158	68
159	69
160	71
161	72
162	78
163	81
164	82
165	85
166	89
167	90
168	92
169	93
170	94
171	96
172	96
173	97
174	98
175	98
176	102
177	102
178	106
179	107
180	109
181	110
182	110
183	112
184	113
185	115
186	118
187	120
188	122
189	124
190	127
191	129
192	131
193	133
194	135
195	135
196	137
197	138
198	141
199	144
200	146
201	150
202	152
203	155
204	156
205	158
206	163
207	164
208	166
209	167
210	167
211	168
212	173
213	175
214	178
215	180
216	183
217	186
218	189
219	189
220	190
221	191
222	192
223	195
224	197
225	197
226	199
227	200
228	201
229	205
230	207
231	210
232	212
233	213
234	216
235	219
236	221
237	222
238	223
239	225
240	229
241	229
242	232
243	233
244	234
245	235
246	238
247	240
248	241
249	242
250	244
251	244
252	246
253	247
254	249
255	250
256	251
257	252
258	253
259	254
260	255
261	256
262	258
263	260
264	260
265	261
266	263
267	263
268	265
269	265
270	267
271	268
272	269
273	269
274	270
275	271
276	272
277	273
278	273
279	274
280	277
281	278
282	279
283	280
284	281
285	284
286	285
287	285
288	288
289	290
290	291
291	294
292	296
293	298
294	300
295	301
296	304
297	306
298	308
299	311
300	312
301	314
302	316
303	318
304	320
305	323
306	324
307	325
308	325
309	326
310	326
311	329
312	334
313	335
314	335
315	337
316	337
317	338
318	340
319	342
320	344
321	345
322	347
323	347
324	347
325	348
326	348
327	350
328	350
329	350
330	354
331	357
332	358
333	358
334	359
335	361
336	362
337	365
338	366
339	366
340	367
341	371
342	371
343	371
344	372
345	373
346	376
347	377
348	378
349	378
350	381
351	382
352	384
353	386
354	388
355	388
356	388
357	390
358	391
359	393
360	393
361	396
362	397
363	398
364	400
365	403
366	403
367	404
368	404
369	404
370	405
371	405
372	406
373	406
374	409
375	410
376	410
377	412
378	413
379	413
380	414
381	418
382	421
383	421
384	424
385	424
386	425
387	426
388	427
389	428
390	430
391	431
392	432
393	433
394	435
395	436
396	437
397	437
398	437
399	438
400	439
401	441
402	443
403	443
404	445
405	447
406	448
407	450
408	451
409	452
410	453
411	454
412	456
413	457
414	461
415	462
416	462
417	462
418	464
419	464
420	465
421	467
422	468
423	473
424	476
425	477
426	477
427	478
428	479
429	481
430	483
431	484
432	486
433	487
434	488
435	488
436	489
437	489
438	490
439	491
440	491
441	491
442	493
443	494
444	494
445	494
446	495
447	496
448	499
449	501
450	501
451	501
452	503
453	503
454	503
455	504
456	506
457	507
458	508
459	508
460	510
461	511
462	512
463	513
464	515
465	515
466	515
467	515
468	517
469	517
470	519
471	520
472	521
473	523
474	523
475	524
476	526
477	527
478	527
479	527
480	528
481	528
482	529
483	530
484	531
485	531
486	532
487	532
488	534
489	534
490	536
491	537
492	537
493	538
494	541
495	544
496	545
497	545
498	546
499	546
500	547
501	547
502	550
503	552
504	552
505	552
506	552
507	553
508	553
509	555
510	556
511	559
512	560
513	561
514	562
515	564
516	565
517	565
518	566
519	566
520	566
521	566
522	569
523	571
524	573
525	573
526	573
527	574
528	574
529	576
530	577
531	578
532	580
533	583
534	585
535	586
536	588
537	588
538	590
539	591
540	591
541	591
542	592
543	592
544	592
545	593
546	595
547	595
548	597
549	598
550	598
551	599
552	600
553	602
554	603
555	604
556	604
557	606
558	606
559	606
560	607
561	609
562	609
563	611
564	612
565	613
566	615
567	616
568	617
569	617
570	619
571	619
572	620
573	620
574	620
575	621
576	622
577	624
578	624
579	625
580	627
581	627
582	628
583	629
584	630
585	630
586	631
587	631
588	632
589	632
590	632
591	632
592	633
593	634
594	635
595	635
596	635
597	635
598	635
599	635
600	635
601	635
602	636
603	640
604	641
605	642
606	642
607	642
608	642
609	642
610	645
611	646
612	647
613	649
614	651
615	652
616	652
617	652
618	653
619	653
620	654
621	656
622	656
623	657
624	658
625	659
626	659
627	659
628	660
629	661
630	661
631	661
632	661
633	662
634	663
635	664
636	665
637	665
638	666
639	667
640	668
641	669
642	669
643	669
644	669
645	669
646	671
647	671
648	671
649	673
650	675
651	676
652	677
653	679
654	680
655	682
656	683
657	683
658	683
659	684
660	685
661	685
662	685
663	685
664	687
665	687
666	688
667	690
668	691
669	691
670	691
671	691
672	691
673	691
674	693
675	693
676	696
677	698
678	699
679	703
680	705
681	706
682	707
683	707
684	707
685	710
686	710
687	711
688	712
689	713
690	713
691	713
692	714
693	715
694	716
695	716
696	716
697	717
698	718
699	719
700	719
701	719
702	720
703	723
704	723
705	723
706	723
707	723
708	723
709	724
710	726
711	727
712	727
713	727
714	729
715	730
716	731
717	732
718	732
719	733
720	733
721	734
722	735
723	736
724	737
725	737
726	740
727	741
728	742
729	742
730	742
731	742
732	742
733	742
734	742
735	742
736	743
737	743
738	745
739	745
740	746
741	746
742	748
743	750
744	750
745	750
746	750
747	750
748	751
749	751
750	752
751	753
752	753
753	756
754	758
755	758
756	758
757	758
758	758
759	758
760	758
761	758
762	758
763	759
764	761
765	762
766	762
767	762
768	765
769	765
770	766
771	766
772	766
773	767
774	768
775	768
776	768
777	768
778	771
779	772
780	773
781	773
782	773
783	774
784	775
785	776
786	779
787	780
788	780
789	780
790	780
791	780
792	780
793	781
794	782
795	782
796	784
797	785
798	785
799	785
800	785
801	785
802	786
803	787
804	787
805	788
806	789
807	790
808	790
809	790
810	790
811	790
812	790
813	790
814	791
815	793
816	796
817	796
818	796
819	796
820	796
821	796
822	796
823	796
824	796
825	797
826	797
827	798
828	798
829	798
830	798
831	798
832	798
833	798
834	800
835	801
836	801
837	801
838	802
839	803
840	803
841	803
842	805
843	805
844	806
845	806
846	807
847	807
848	809
849	809
850	809
851	810
852	810
853	812
854	812
855	813
856	814
857	814
858	814
859	814
860	814
861	815
862	816
863	818
864	818
865	818
866	818
867	818
868	818
869	819
870	824
871	824
872	824
873	824
874	824
875	824
876	826
877	827
878	827
879	827
880	827
881	828
882	828
883	828
884	830
885	830
886	834
887	834
888	835
889	835
890	835
891	835
892	835
893	835
894	836
895	836
896	837
897	837
898	837
899	837
900	838
901	838
902	838
903	840
904	840
905	840
906	843
907	843
908	843
909	843
910	843
911	844
912	844
913	844
914	845
915	845
916	845
917	845
918	845
919	846
920	848
921	848
922	848
923	848
924	848
925	848
926	849
927	849
928	849
929	851
930	851
931	851
932	851
933	852
934	853
935	853
936	853
937	853
938	853
939	854
940	854
941	854
942	854
943	855
944	855
945	856
946	856
947	857
948	857
949	858
950	859
951	860
952	861
953	861
954	862
955	862
956	862
957	862
958	862
959	862
960	862
961	862
962	864
963	864
964	864
965	864
966	866
967	867
968	868
969	868
970	868
971	868
972	868
973	869
974	869
975	869
976	869
977	869
978	869
979	870
980	870
981	870
982	871
983	871
984	872
985	873
986	873
987	874
988	874
989	875
990	876
991	876
992	876
993	876
994	877
995	879
996	879
997	880
998	882
999	883
1000	883
1001	883
1002	883
1003	883
1004	883
1005	883
1006	883
1007	884
1008	884
1009	884
1010	885
1011	885
1012	886
1013	886
1014	886
1015	889
1016	892
1017	892
1018	893
1019	893
1020	894
1021	894
1022	894
1023	894
1024	894
1025	894
1026	895
1027	896
1028	896
1029	897
1030	897
1031	897
1032	897
1033	897
1034	897
1035	899
1036	899
1037	900
1038	900
1039	900
1040	902
1041	903
1042	903
1043	903
1044	904
1045	906
1046	906
1047	906
1048	907
1049	907
1050	907
1051	907
1052	907
1053	908
1054	909
1055	909
1056	911
1057	911
1058	912
1059	915
1060	915
1061	915
1062	915
1063	916
1064	916
1065	916
1066	917
1067	917
1068	917
1069	917
1070	917
1071	918
1072	918
1073	919
1074	920
1075	920
1076	921
1077	921
1078	921
1079	921
1080	921
1081	921
1082	921
1083	921
1084	921
1085	921
1086	922
1087	923
1088	923
1089	923
1090	923
1091	923
1092	924
1093	926
1094	927
1095	927
1096	928
1097	928
1098	929
1099	929
1100	929
1101	929
1102	931
1103	931
1104	931
1105	932
1106	932
1107	932
1108	932
1109	932
1110	934
1111	934
1112	934
1113	934
1114	935
1115	936
1116	936
1117	936
1118	936
1119	936
1120	937
1121	938
1122	940
1123	940
1124	940
1125	940
1126	941
1127	941
1128	941
1129	941
1130	941
1131	941
1132	941
1133	941
1134	942
1135	942
1136	943
1137	944
1138	944
1139	944
1140	945
1141	946
1142	946
1143	946
1144	946
1145	948
1146	948
1147	948
1148	948
1149	949
1150	950
1151	951
1152	951
1153	952
1154	953
1155	953
1156	956
1157	956
1158	957
1159	957
1160	957
1161	958
1162	958
1163	959
1164	959
1165	959
1166	959
1167	960
1168	961
1169	962
1170	962
1171	962
1172	964
1173	964
1174	964
1175	964
1176	965
1177	965
1178	967
1179	968
1180	968
1181	968
1182	968
1183	968
1184	968
1185	968
1186	969
1187	969
1188	969
1189	969
1190	970
1191	970
1192	971
1193	972
1194	973
1195	973
1196	973
1197	973
1198	973
1199	973
1200	973
1201	973
1202	973
1203	973
1204	973
1205	973
1206	973
1207	973
1208	973
1209	974
1210	976
1211	978
1212	978
1213	979
1214	979
1215	979
1216	979
1217	980
1218	980
1219	980
1220	981
1221	981
1222	981
1223	982
1224	982
1225	982
1226	982
1227	983
1228	983
1229	984
1230	984
1231	984
1232	984
1233	985
1234	985
1235	986
1236	986
1237	987
1238	988
1239	988
1240	988
1241	988
1242	989
1243	989
1244	989
1245	989
1246	989
1247	989
1248	989
1249	989
1250	989
1251	989
1252	989
1253	989
1254	989
1255	989
1256	989
1257	989
1258	989
1259	990
1260	991
1261	991
1262	991
1263	991
1264	991
1265	993
1266	993
1267	994
1268	994
1269	994
1270	994
1271	996
1272	996
1273	996
1274	997
1275	997
1276	997
1277	998
1278	999
1279	999
1280	999
1281	1000
1282	1000
1283	1000
1284	1001
1285	1001
1286	1001
1287	1001
1288	1001
1289	1001
1290	1001
1291	1001
1292	1003
1293	1004
1294	1004
1295	1004
1296	1004
1297	1005
1298	1005
1299	1005
1300	1005
1301	1005
1302	1005
1303	1005
1304	1005
1305	1006
1306	1007
1307	1007
1308	1007
1309	1007
1310	1008
1311	1008
1312	1008
1313	1008
1314	1008
1315	1008
1316	1008
1317	1008
1318	1008
1319	1008
1320	1009
1321	1009
1322	1010
1323	1010
1324	1010
1325	1010
1326	1011
1327	1011
1328	1011
1329	1011
1330	1011
1331	1011
1332	1012
1333	1012
1334	1013
1335	1014
1336	1014
1337	1014
1338	1014
1339	1014
1340	1014
1341	1014
1342	1014
1343	1014
1344	1014
1345	1014
1346	1015
1347	1016
1348	1016
1349	1017
1350	1017
1351	1018
1352	1018
1353	1018
1354	1019
1355	1019
1356	1019
1357	1020
1358	1020
1359	1020
1360	1020
1361	1021
1362	1023
1363	1023
1364	1023
1365	1023
1366	1024
1367	1024
1368	1024
1369	1024
1370	1024
1371	1024
1372	1024
1373	1024
1374	1024
1375	1024
1376	1024
1377	1025
1378	1025
1379	1025
1380	1025
1381	1025
1382	1025
1383	1026
1384	1026
1385	1026
1386	1027
1387	1027
1388	1027
1389	1027
1390	1027
1391	1027
1392	1027
1393	1027
1394	1028
1395	1028
1396	1028
1397	1028
1398	1029
1399	1029
1400	1029
1401	1029
1402	1029
1403	1029
1404	1030
1405	1031
1406	1031
1407	1031
1408	1031
1409	1031
1410	1031
1411	1032
1412	1032
1413	1034
1414	1034
1415	1034
1416	1034
1417	1034
1418	1034
1419	1035
1420	1035
1421	1035
1422	1035
1423	1035
1424	1035
1425	1035
1426	1035
1427	1035
1428	1035
1429	1036
1430	1037
1431	1037
1432	1037
1433	1037
1434	1037
1435	1037
1436	1038
1437	1038
1438	1039
1439	1039
1440	1040
1441	1040
1442	1040
1443	1040
1444	1040
1445	1040
1446	1040
1447	1040
1448	1042
1449	1042
1450	1042
1451	1042
1452	1042
1453	1042
1454	1043
1455	1043
1456	1043
1457	1043
1458	1043
1459	1043
1460	1043
1461	1043
1462	1044
1463	1044
1464	1045
1465	1045
1466	1045
1467	1045
1468	1045
1469	1045
1470	1046
1471	1046
1472	1046
1473	1046
1474	1046
1475	1046
1476	1046
1477	1046
1478	1046
1479	1047
1480	1047
1481	1047
1482	1047
1483	1048
1484	1048
1485	1048
1486	1048
1487	1048
1488	1048
1489	1048
1490	1048
1491	1048
1492	1049
1493	1049
1494	1049
1495	1049
1496	1049
1497	1049
1498	1049
1499	1049
1500	1050
1501	1050
1502	1050
1503	1051
1504	1051
1505	1052
1506	1053
1507	1053
1508	1054
1509	1054
1510	1054
1511	1055
1512	1055
1513	1056
1514	1056
1515	1056
1516	1056
1517	1056
1518	1057
1519	1057
1520	1057
1521	1057
1522	1057
1523	1057
1524	1057
1525	1057
1526	1057
1527	1058
1528	1058
1529	1058
1530	1058
1531	1058
1532	1059
1533	1061
1534	1061
1535	1061
1536	1061
1537	1061
1538	1061
1539	1061
1540	1061
1541	1061
1542	1062
1543	1062
1544	1062
1545	1063
1546	1063
1547	1064
1548	1065
1549	1065
1550	1065
1551	1065
1552	1065
1553	1065
1554	1065
1555	1065
1556	1065
1557	1065
1558	1065
1559	1065
1560	1067
1561	1067
1562	1068
1563	1068
1564	1068
1565	1068
1566	1068
1567	1068
1568	1068
1569	1068
1570	1068
1571	1068
1572	1068
1573	1068
1574	1068
1575	1068
1576	1068
1577	1068
1578	1068
1579	1069
1580	1069
1581	1069
1582	1069
1583	1069
1584	1069
1585	1069
1586	1069
1587	1069
1588	1069
1589	1069
1590	1069
1591	1069
1592	1069
1593	1069
1594	1069
1595	1069
1596	1069
1597	1070
1598	1071
1599	1072
1600	1072
1601	1072
1602	1072
1603	1072
1604	1072
1605	1074
1606	1075
1607	1076
1608	1077
1609	1077
1610	1077
1611	1077
1612	1077
1613	1078
1614	1078
1615	1078
1616	1078
1617	1078
1618	1078
1619	1078
1620	1079
1621	1080
1622	1080
1623	1080
1624	1080
1625	1080
1626	1080
1627	1080
1628	1080
1629	1080
1630	1080
1631	1080
1632	1081
1633	1081
1634	1081
1635	1081
1636	1082
1637	1083
1638	1083
1639	1083
1640	1083
1641	1083
1642	1083
1643	1083
1644	1083
1645	1083
1646	1083
1647	1083
1648	1084
1649	1084
1650	1084
1651	1084
1652	1084
1653	1084
1654	1084
1655	1084
1656	1084
1657	1085
1658	1085
1659	1085
1660	1085
1661	1085
1662	1085
1663	1085
1664	1085
1665	1085
1666	1085
1667	1085
1668	1086
1669	1086
1670	1087
1671	1087
1672	1087
1673	1088
1674	1088
1675	1088
1676	1088
1677	1088
1678	1088
1679	1088
1680	1088
1681	1088
1682	1088
1683	1088
1684	1088
1685	1088
1686	1088
1687	1088
1688	1089
1689	1089
1690	1089
1691	1089
1692	1089
1693	1089
1694	1089
1695	1089
1696	1089
1697	1089
1698	1089
1699	1089
1700	1092
1701	1092
1702	1092
1703	1092
1704	1092
1705	1092
1706	1092
1707	1092
1708	1093
1709	1093
1710	1093
1711	1093
1712	1093
1713	1093
1714	1093
1715	1093
1716	1094
1717	1094
1718	1094
1719	1094
1720	1094
1721	1094
1722	1094
1723	1094
1724	1094
1725	1094
1726	1094
1727	1094
1728	1095
1729	1095
1730	1095
1731	1096
1732	1096
1733	1096
1734	1096
1735	1096
1736	1096
1737	1096
1738	1096
1739	1097
1740	1097
1741	1097
1742	1097
1743	1097
1744	1097
1745	1097
1746	1097
1747	1097
1748	1097
1749	1099
1750	1099
1751	1101
1752	1101
1753	1101
1754	1101
1755	1101
1756	1101
1757	1101
1758	1101
1759	1101
1760	1101
1761	1101
1762	1101
1763	1101
1764	1101
1765	1101
1766	1101
1767	1101
1768	1101
1769	1101
1770	1101
1771	1101
1772	1101
1773	1101
1774	1101
1775	1101
1776	1101
1777	1101
1778	1101
1779	1101
1780	1101
1781	1101
1782	1101
1783	1101
1784	1101
1785	1102
1786	1102
1787	1102
1788	1102
1789	1102
1790	1103
1791	1103
1792	1103
1793	1103
1794	1103
1795	1104
1796	1104
1797	1104
1798	1104
1799	1104
1800	1104
1801	1104
1802	1104
1803	1104
1804	1104
1805	1104
1806	1104
1807	1104
1808	1104
1809	1104
1810	1104
1811	1104
1812	1105
1813	1105
1814	1105
1815	1105
1816	1105
1817	1105
1818	1105
1819	1105
1820	1105
1821	1105
1822	1105
1823	1106
1824	1106
1825	1106
1826	1106
1827	1106
1828	1106
1829	1106
1830	1107
1831	1107
1832	1107
1833	1107
1834	1107
1835	1107
1836	1107
1837	1107
1838	1107
1839	1107
1840	1107
1841	1107
1842	1108
1843	1108
1844	1108
1845	1108
1846	1108
1847	1108
1848	1108
1849	1108
1850	1108
1851	1108
1852	1108
1853	1108
1854	1108
1855	1108
1856	1108
1857	1108
1858	1109
1859	1110
1860	1110
1861	1110
1862	1110
1863	1110
1864	1110
1865	1110
1866	1110
1867	1111
1868	1111
1869	1111
1870	1111
1871	1111
1872	1112
1873	1112
1874	1112
1875	1112
1876	1112
1877	1112
1878	1112
1879	1112
1880	1113
1881	1114
1882	1115
1883	1115
1884	1115
1885	1115
1886	1115
1887	1116
1888	1116
1889	1116
1890	1116
1891	1116
1892	1116
1893	1116
1894	1116
1895	1116
1896	1116
1897	1116
1898	1116
1899	1116
1900	1116
1901	1116
1902	1116
1903	1116
1904	1116
1905	1116
1906	1117
1907	1117
1908	1118
1909	1119
1910	1119
1911	1119
1912	1119
1913	1119
1914	1119
1915	1119
1916	1119
1917	1119
1918	1119
1919	1119
1920	1119
1921	1119
1922	1119
1923	1120
1924	1120
1925	1120
1926	1120
1927	1120
1928	1120
1929	1120
1930	1121
1931	1121
1932	1121
1933	1121
1934	1121
1935	1122
1936	1122
1937	1122
1938	1122
1939	1122
1940	1123
1941	1123
1942	1123
1943	1123
1944	1123
1945	1123
1946	1123
1947	1123
1948	1123
1949	1123
1950	1123
1951	1123
1952	1123
1953	1123
1954	1123
1955	1123
1956	1123
1957	1123
1958	1124
1959	1124
1960	1124
1961	1124
1962	1124
1963	1125
1964	1125
1965	1125
1966	1125
1967	1126
1968	1126
1969	1126
1970	1126
1971	1126
1972	1126
1973	1126
1974	1126
1975	1126
1976	1126
1977	1126
1978	1126
1979	1126
1980	1126
1981	1126
1982	1126
1983	1126
1984	1126
1985	1126
1986	1126
1987	1126
1988	1126
1989	1126
1990	1126
1991	1126
1992	1126
1993	1126
1994	1127
1995	1128
1996	1128
1997	1128
1998	1128
1999	1128
2000	1128
2001	1130
2002	1130
2003	1130
2004	1130
2005	1130
2006	1130
2007	1130
2008	1130
2009	1130
2010	1130
2011	1130
2012	1130
2013	1130
2014	1131
2015	1131
2016	1131
2017	1131
2018	1131
2019	1131
2020	1131
2021	1131
2022	1131
2023	1131
2024	1132
2025	1132
2026	1132
2027	1133
2028	1133
2029	1133
2030	1133
2031	1133
2032	1133
2033	1133
2034	1133
2035	1133
2036	1133
2037	1133
2038	1133
2039	1133
2040	1133
2041	1133
2042	1133
2043	1133
2044	1133
2045	1133
2046	1133
2047	1133
2048	1133
2049	1133
2050	1135
2051	1135
2052	1135
2053	1135
2054	1135
2055	1135
2056	1135
2057	1135
2058	1135
2059	1135
2060	1135
2061	1135
2062	1135
2063	1135
2064	1135
2065	1136
2066	1136
2067	1136
2068	1136
2069	1136
2070	1136
2071	1136
2072	1136
2073	1136
2074	1136
2075	1136
2076	1137
2077	1137
2078	1137
2079	1137
2080	1137
2081	1137
2082	1137
2083	1137
2084	1137
2085	1137
2086	1137
2087	1137
2088	1137
2089	1137
2090	1137
2091	1137
2092	1137
2093	1137
2094	1137
2095	1137
2096	1137
2097	1137
2098	1138
2099	1138
2100	1138
2101	1138
2102	1138
2103	1138
2104	1139
2105	1139
2106	1140
2107	1140
2108	1140
2109	1140
2110	1140
2111	1140
2112	1140
2113	1140
2114	1140
2115	1140
2116	1140
2117	1140
2118	1140
2119	1140
2120	1140
2121	1140
2122	1140
2123	1140
2124	1140
2125	1140
2126	1140
2127	1140
2128	1141
2129	1141
2130	1141
2131	1141
2132	1141
2133	1141
2134	1141
2135	1141
2136	1141
2137	1141
2138	1141
2139	1142
2140	1142
2141	1142
2142	1142
2143	1143
2144	1143
2145	1143
2146	1143
2147	1143
2148	1143
2149	1143
2150	1143
2151	1143
2152	1143
2153	1143
2154	1143
2155	1143
2156	1143
2157	1143
2158	1144
2159	1144
2160	1144
2161	1144
2162	1144
2163	1144
2164	1144
2165	1144
2166	1144
2167	1144
2168	1144
2169	1145
2170	1145
2171	1145
2172	1145
2173	1145
2174	1146
2175	1146
2176	1146
2177	1146
2178	1147
2179	1147
2180	1147
2181	1147
2182	1147
2183	1147
2184	1147
2185	1147
2186	1147
2187	1147
2188	1147
2189	1147
2190	1147
2191	1147
2192	1147
2193	1147
2194	1147
2195	1147
2196	1147
2197	1147
2198	1147
2199	1147
2200	1147
2201	1147
2202	1147
2203	1147
2204	1147
2205	1148
2206	1148
2207	1148
2208	1148
2209	1148
2210	1148
2211	1148
2212	1149
2213	1149
2214	1149
2215	1149
2216	1149
2217	1149
2218	1149
2219	1149
2220	1149
2221	1149
2222	1149
2223	1149
2224	1149
2225	1149
2226	1149
2227	1149
2228	1149
2229	1149
2230	1149
2231	1149
2232	1149
2233	1149
2234	1149
2235	1149
2236	1150
2237	1150
2238	1150
2239	1150
2240	1150
2241	1150
2242	1150
2243	1151
2244	1151
2245	1151
2246	1151
2247	1151
2248	1151
2249	1151
2250	1151
2251	1151
2252	1151
2253	1151
2254	1151
2255	1151
2256	1151
2257	1151
2258	1151
2259	1151
2260	1151
2261	1151
2262	1151
2263	1151
2264	1152
2265	1153
2266	1153
2267	1153
2268	1153
2269	1153
2270	1153
2271	1153
2272	1153
2273	1153
2274	1153
2275	1153
2276	1153
2277	1153
2278	1153
2279	1153
2280	1153
2281	1153
2282	1153
2283	1153
2284	1153
2285	1153
2286	1153
2287	1153
2288	1153
2289	1153
2290	1153
2291	1153
2292	1153
2293	1153
2294	1153
2295	1153
2296	1153
2297	1153
2298	1153
2299	1153
2300	1153
2301	1153
2302	1153
2303	1153
2304	1153
2305	1153
2306	1153
2307	1153
2308	1153
2309	1153
2310	1154
2311	1154
2312	1154
2313	1155
2314	1155
2315	1155
2316	1155
2317	1155
2318	1155
2319	1155
2320	1155
2321	1155
2322	1155
2323	1155
2324	1155
2325	1155
2326	1155
2327	1155
2328	1155
2329	1155
2330	1155
2331	1155
2332	1155
2333	1155
2334	1155
2335	1155
2336	1155
2337	1155
2338	1155
2339	1155
2340	1155
2341	1155
2342	1155
2343	1155
2344	1156
2345	1156
2346	1156
2347	1156
2348	1156
2349	1156
2350	1156
2351	1156
2352	1156
2353	1156
2354	1156
2355	1156
2356	1156
2357	1156
2358	1156
2359	1156
2360	1156
2361	1156
2362	1156
2363	1156
2364	1156
2365	1156
2366	1156
2367	1156
2368	1157
2369	1157
2370	1158
2371	1158
2372	1158
2373	1158
2374	1158
2375	1158
2376	1158
2377	1158
2378	1158
2379	1158
2380	1158
2381	1158
2382	1158
2383	1158
2384	1158
2385	1158
2386	1158
2387	1158
2388	1158
2389	1158
2390	1159
2391	1159
2392	1159
2393	1159
2394	1159
2395	1159
2396	1159
2397	1159
2398	1159
2399	1159
2400	1159
2401	1159
2402	1159
2403	1159
2404	1159
2405	1159
2406	1159
2407	1159
2408	1159
2409	1159
2410	1159
2411	1159
2412	1159
2413	1159
2414	1159
2415	1159
2416	1159
2417	1159
2418	1159
2419	1159
2420	1159
2421	1159
2422	1159
2423	1159
2424	1159
2425	1159
2426	1159
2427	1159
2428	1159
2429	1159
2430	1160
2431	1160
2432	1160
2433	1160
2434	1160
2435	1160
2436	1160
2437	1161
2438	1161
2439	1161
2440	1161
2441	1161
2442	1161
2443	1161
2444	1161
2445	1161
2446	1161
2447	1161
2448	1161
2449	1161
2450	1161
2451	1161
2452	1161
2453	1161
2454	1161
2455	1161
2456	1161
2457	1161
2458	1161
2459	1161
2460	1161
2461	1161
2462	1161
2463	1161
2464	1161
2465	1161
2466	1161
2467	1161
2468	1161
2469	1162
2470	1162
2471	1162
2472	1162
2473	1162
2474	1162
2475	1162
2476	1163
2477	1163
2478	1163
2479	1163
2480	1163
2481	1163
2482	1163
2483	1163
2484	1163
2485	1163
2486	1163
2487	1163
2488	1163
2489	1163
2490	1163
2491	1163
2492	1163
2493	1163
2494	1163
2495	1163
2496	1163
2497	1164
2498	1164
2499	1164
2500	1164
2501	1164
2502	1164
2503	1164
2504	1164
2505	1164
2506	1164
2507	1164
2508	1164
2509	1164
2510	1164
2511	1164
2512	1164
2513	1164
2514	1164
2515	1164
2516	1164
2517	1164
2518	1164
2519	1164
2520	1164
2521	1164
2522	1164
2523	1165
2524	1165
2525	1165
2526	1165
2527	1165
2528	1165
2529	1165
2530	1165
2531	1165
2532	1165
2533	1165
2534	1165
2535	1165
2536	1165
2537	1165
2538	1165
2539	1165
2540	1166
2541	1166
2542	1166
2543	1166
2544	1166
2545	1166
2546	1166
2547	1166
2548	1166
2549	1166
2550	1166
2551	1166
2552	1166
2553	1166
2554	1166
2555	1166
2556	1166
2557	1166
2558	1166
2559	1166
2560	1166
2561	1166
2562	1166
2563	1166
2564	1166
2565	1166
2566	1166
2567	1166
2568	1166
2569	1166
2570	1166
2571	1166
2572	1166
2573	1166
2574	1166
2575	1166
2576	1166
2577	1166
2578	1167
2579	1168
2580	1168
2581	1168
2582	1168
2583	1168
2584	1168
2585	1168
2586	1168
2587	1168
2588	1168
2589	1168
2590	1168
2591	1168
2592	1168
2593	1168
2594	1168
2595	1168
2596	1168
2597	1168
2598	1168
2599	1168
2600	1168
2601	1168
2602	1168
2603	1168
2604	1168
2605	1169
2606	1169
2607	1169
2608	1169
2609	1170
2610	1170
2611	1170
2612	1170
2613	1170
2614	1170
2615	1170
2616	1170
2617	1170
2618	1170
2619	1170
2620	1170
2621	1170
2622	1170
2623	1170
2624	1170
2625	1170
2626	1170
2627	1170
2628	1171
2629	1171
2630	1171
2631	1171
2632	1171
2633	1171
2634	1171
2635	1172
2636	1172
2637	1172
2638	1172
2639	1172
2640	1172
2641	1172
2642	1172
2643	1172
2644	1172
2645	1172
2646	1172
2647	1172
2648	1172
2649	1172
2650	1172
2651	1172
2652	1172
2653	1172
2654	1172
2655	1172
2656	1173
2657	1173
2658	1173
2659	1173
2660	1173
2661	1173
2662	1173
2663	1173
2664	1173
2665	1173
2666	1173
2667	1173
2668	1173
2669	1173
2670	1174
2671	1174
2672	1174
2673	1174
2674	1174
2675	1174
2676	1174
2677	1174
2678	1174
2679	1174
2680	1174
2681	1174
2682	1174
2683	1174
2684	1174
2685	1174
2686	1174
2687	1174
2688	1174
2689	1174
2690	1174
2691	1174
2692	1174
2693	1174
2694	1174
2695	1174
2696	1174
2697	1174
2698	1174
2699	1174
2700	1174
2701	1174
2702	1174
2703	1174
2704	1174
2705	1174
2706	1174
2707	1174
2708	1174
2709	1174
2710	1174
2711	1174
2712	1174
2713	1174
2714	1174
2715	1174
2716	1174
2717	1174
2718	1174
2719	1174
2720	1174
2721	1174
2722	1174
2723	1174
2724	1174
2725	1174
2726	1174
2727	1174
2728	1174
2729	1174
2730	1174
2731	1174
2732	1174
2733	1174
2734	1174
2735	1175
2736	1175
2737	1175
2738	1175
2739	1175
2740	1175
2741	1175
2742	1175
2743	1175
2744	1175
2745	1175
2746	1175
2747	1175
2748	1175
2749	1175
2750	1175
2751	1175
2752	1175
2753	1176
2754	1176
2755	1176
2756	1176
2757	1176
2758	1176
2759	1176
2760	1176
2761	1176
2762	1176
2763	1176
2764	1176
2765	1176
2766	1176
2767	1176
2768	1176
2769	1176
2770	1176
2771	1176
2772	1176
2773	1177
2774	1177
2775	1177
2776	1177
2777	1177
2778	1177
2779	1177
2780	1177
2781	1177
2782	1177
2783	1177
2784	1177
2785	1177
2786	1177
2787	1177
2788	1177
2789	1177
2790	1177
2791	1177
2792	1177
2793	1177
2794	1177
2795	1177
2796	1177
2797	1177
2798	1177
2799	1177
2800	1177
2801	1177
2802	1177
2803	1177
2804	1177
2805	1177
2806	1177
2807	1177
2808	1177
2809	1177
2810	1177
2811	1177
2812	1177
2813	1177
2814	1177
2815	1177
2816	1177
2817	1177
2818	1177
2819	1177
2820	1177
2821	1177
2822	1177
2823	1177
2824	1177
2825	1177
2826	1177
2827	1177
2828	1177
2829	1177
2830	1177
2831	1177
2832	1177
2833	1177
2834	1177
2835	1177
2836	1177
2837	1177
2838	1177
2839	1177
2840	1177
2841	1177
2842	1177
2843	1177
2844	1177
2845	1177
2846	1177
2847	1177
2848	1177
2849	1177
2850	1177
2851	1178
2852	1178
2853	1178
2854	1178
2855	1178
2856	1178
2857	1178
2858	1178
2859	1178
2860	1178
2861	1178
2862	1178
2863	1178
2864	1178
2865	1178
2866	1178
2867	1178
2868	1178
2869	1178
2870	1178
2871	1178
2872	1178
2873	1178
2874	1178
2875	1178
2876	1178
2877	1178
2878	1178
2879	1178
2880	1178
2881	1178
2882	1179
2883	1179
2884	1179
2885	1179
2886	1179
2887	1179
2888	1179
2889	1179
2890	1179
2891	1179
2892	1179
2893	1179
2894	1179
2895	1179
2896	1179
2897	1179
2898	1179
2899	1180
2900	1180
2901	1180
2902	1180
2903	1180
2904	1180
2905	1180
2906	1180
2907	1180
2908	1180
2909	1180
2910	1181
2911	1181
2912	1181
2913	1181
2914	1181
2915	1181
2916	1181
2917	1181
2918	1181
2919	1181
2920	1181
2921	1181
2922	1181
2923	1181
2924	1181
2925	1181
2926	1181
2927	1181
2928	1181
2929	1181
2930	1181
2931	1181
2932	1181
2933	1181
2934	1181
2935	1181
2936	1181
2937	1181
2938	1182
2939	1182
2940	1182
2941	1182
2942	1182
2943	1182
2944	1182
2945	1182
2946	1182
2947	1182
2948	1182
2949	1182
2950	1182
2951	1182
2952	1182
2953	1182
2954	1182
2955	1182
2956	1182
2957	1182
2958	1182
2959	1182
2960	1182
2961	1182
2962	1182
2963	1182
2964	1182
2965	1182
2966	1182
2967	1182
2968	1182
2969	1182
2970	1182
2971	1182
2972	1182
2973	1182
2974	1182
2975	1182
2976	1182
2977	1182
2978	1182
2979	1182
2980	1182
2981	1182
2982	1182
2983	1182
2984	1182
2985	1182
2986	1182
2987	1182
2988	1182
2989	1182
2990	1182
2991	1182
2992	1182
2993	1182
2994	1182
2995	1182
2996	1182
2997	1182
2998	1182
2999	1182
3000	1182
3001	1182
3002	1182
3003	1182
3004	1182
3005	1182
3006	1182
3007	1182
3008	1182
3009	1182
3010	1182
3011	1182
3012	1182
3013	1182
3014	1182
3015	1182
3016	1182
3017	1182
3018	1182
3019	1182
3020	1182
3021	1182
3022	1182
3023	1182
3024	1182
3025	1182
3026	1182
3027	1182
3028	1182
3029	1182
3030	1182
3031	1182
3032	1182
3033	1182
3034	1183
3035	1183
3036	1183
3037	1183
3038	1183
3039	1183
3040	1183
3041	1183
3042	1183
3043	1183
3044	1183
3045	1183
3046	1183
3047	1183
3048	1183
3049	1183
3050	1183
3051	1183
3052	1183
3053	1183
3054	1183
3055	1183
3056	1183
3057	1183
3058	1183
3059	1183
3060	1183
3061	1183
3062	1183
3063	1183
3064	1183
3065	1183
3066	1183
3067	1184
3068	1184
3069	1184
3070	1184
3071	1184
3072	1184
3073	1184
3074	1184
3075	1184
3076	1184
3077	1184
3078	1184
3079	1184
3080	1184
3081	1184
3082	1184
3083	1184
3084	1184
3085	1184
3086	1184
3087	1184
3088	1184
3089	1184
3090	1184
3091	1184
3092	1184
3093	1184
3094	1184
3095	1184
3096	1184
3097	1184
3098	1185
3099	1185
3100	1185
3101	1185
3102	1185
3103	1185
3104	1185
3105	1185
3106	1185
3107	1185
3108	1185
3109	1185
3110	1185
3111	1185
3112	1185
3113	1185
3114	1185
3115	1185
3116	1185
3117	1186
3118	1186
3119	1186
3120	1186
3121	1186
3122	1186
3123	1186
3124	1186
3125	1186
3126	1186
3127	1186
3128	1186
3129	1186
3130	1186
3131	1186
3132	1186
3133	1186
3134	1186
3135	1186
3136	1186
3137	1186
3138	1186
3139	1187
3140	1187
3141	1187
3142	1187
3143	1187
3144	1187
3145	1187
3146	1187
3147	1187
3148	1187
3149	1187
3150	1187
3151	1187
3152	1187
3153	1187
3154	1187
3155	1187
3156	1187
3157	1187
3158	1187
3159	1187
3160	1187
3161	1187
3162	1187
3163	1187
3164	1187
3165	1187
3166	1187
3167	1187
3168	1187
3169	1187
3170	1187
3171	1187
3172	1187
3173	1187
3174	1187
3175	1187
3176	1187
3177	1187
3178	1187
3179	1187
3180	1187
3181	1187
3182	1187
3183	1187
3184	1187
3185	1187
3186	1187
3187	1187
3188	1187
3189	1187
3190	1188
3191	1188
3192	1188
3193	1188
3194	1188
3195	1188
3196	1188
3197	1188
3198	1188
3199	1188
3200	1188
3201	1188
3202	1188
3203	1188
3204	1188
3205	1188
3206	1188
3207	1188
3208	1188
3209	1188
3210	1188
3211	1188
3212	1188
3213	1188
3214	1188
3215	1188
3216	1188
3217	1188
3218	1188
3219	1188
3220	1188
3221	1188
3222	1188
3223	1189
3224	1189
3225	1189
3226	1189
3227	1189
3228	1189
3229	1189
3230	1189
3231	1189
3232	1189
3233	1189
3234	1190
3235	1190
3236	1190
3237	1190
3238	1190
3239	1190
3240	1190
3241	1190
3242	1190
3243	1190
3244	1190
3245	1190
3246	1190
3247	1190
3248	1190
3249	1190
3250	1190
3251	1190
3252	1190
3253	1190
3254	1190
3255	1190
3256	1190
3257	1190
3258	1190
3259	1190
3260	1190
3261	1190
3262	1190
3263	1190
3264	1190
3265	1190
3266	1190
3267	1190
3268	1190
3269	1190
3270	1190
3271	1190
3272	1190
3273	1190
3274	1190
3275	1190
3276	1190
3277	1190
3278	1190
3279	1190
3280	1190
3281	1190
3282	1190
3283	1190
3284	1190
3285	1190
3286	1190
3287	1190
3288	1190
3289	1190
3290	1190
3291	1190
3292	1190
3293	1190
3294	1190
3295	1190
3296	1190
3297	1190
3298	1190
3299	1190
3300	1190
3301	1190
3302	1190
3303	1190
3304	1190
3305	1190
3306	1190
3307	1190
3308	1190
3309	1190
3310	1190
3311	1190
3312	1190
3313	1190
3314	1190
3315	1190
3316	1190
3317	1191
3318	1191
3319	1191
3320	1191
3321	1191
3322	1191
3323	1191
3324	1192
3325	1192
3326	1192
3327	1192
3328	1192
3329	1192
3330	1192
3331	1192
3332	1192
3333	1192
3334	1192
3335	1192
3336	1192
3337	1192
3338	1192
3339	1192
3340	1192
3341	1192
3342	1192
3343	1192
3344	1192
3345	1192
3346	1192
3347	1192
3348	1192
3349	1192
3350	1192
3351	1192
3352	1192
3353	1192
3354	1192
3355	1192
3356	1192
3357	1192
3358	1192
3359	1192
3360	1192
3361	1192
3362	1192
3363	1192
3364	1192
3365	1192
3366	1192
3367	1192
3368	1192
3369	1192
3370	1192
3371	1192
3372	1192
3373	1192
3374	1192
3375	1192
3376	1192
3377	1192
3378	1192
3379	1192
3380	1192
3381	1192
3382	1192
3383	1192
3384	1192
3385	1192
3386	1192
3387	1193
3388	1193
3389	1193
3390	1193
3391	1193
3392	1193
3393	1193
3394	1193
3395	1193
3396	1193
3397	1193
3398	1193
3399	1193
3400	1193
3401	1193
3402	1193
3403	1193
3404	1193
3405	1193
3406	1193
3407	1193
3408	1193
3409	1193
3410	1193
3411	1193
3412	1193
3413	1193
3414	1193
3415	1193
3416	1193
3417	1193
3418	1193
3419	1193
3420	1193
3421	1193
3422	1193
3423	1193
3424	1193
3425	1193
3426	1193
3427	1193
3428	1193
3429	1193
3430	1193
3431	1193
3432	1193
3433	1193
3434	1193
3435	1193
3436	1193
3437	1193
3438	1193
3439	1193
3440	1193
3441	1193
3442	1193
3443	1193
3444	1193
3445	1193
3446	1193
3447	1193
3448	1193
3449	1193
3450	1193
3451	1193
3452	1193
3453	1193
3454	1193
3455	1193
3456	1193
3457	1193
3458	1193
3459	1193
3460	1193
3461	1193
3462	1193
3463	1193
3464	1193
3465	1193
3466	1193
3467	1193
3468	1193
3469	1193
3470	1193
3471	1193
3472	1193
3473	1193
3474	1193
3475	1193
3476	1193
3477	1193
3478	1193
3479	1193
3480	1193
3481	1193
3482	1193
3483	1193
3484	1193
3485	1193
3486	1193
3487	1193
3488	1193
3489	1193
3490	1193
3491	1193
3492	1193
3493	1193
3494	1193
3495	1193
3496	1193
3497	1193
3498	1193
3499	1193
3500	1193
3501	1193
3502	1193
3503	1193
3504	1193
3505	1193
3506	1193
3507	1193
3508	1193
3509	1193
3510	1193
3511	1193
3512	1193
3513	1193
3514	1193
3515	1193
3516	1193
3517	1193
3518	1193
3519	1193
3520	1193
3521	1193
3522	1193
3523	1193
3524	1193
3525	1193
3526	1193
3527	1193
3528	1193
3529	1193
3530	1193
3531	1193
3532	1193
3533	1193
3534	1193
3535	1193
3536	1193
3537	1193
3538	1193
3539	1193
3540	1193
3541	1193
3542	1193
3543	1193
3544	1193
3545	1193
3546	1193
3547	1193
3548	1193
3549	1193
3550	1193
3551	1193
3552	1193
3553	1193
3554	1193
3555	1193
3556	1193
3557	1193
3558	1193
3559	1193
3560	1193
3561	1193
3562	1193
3563	1193
3564	1193
3565	1193
3566	1193
3567	1193
3568	1193
3569	1193
3570	1193
3571	1193
3572	1193
3573	1193
3574	1193
3575	1193
3576	1193
3577	1193
3578	1193
3579	1193
3580	1193
3581	1194
3582	1194
3583	1194
3584	1194
3585	1194
3586	1194
3587	1194
3588	1194
3589	1194
3590	1194
3591	1194
3592	1194
3593	1194
3594	1194
3595	1194
3596	1194
3597	1194
3598	1194
3599	1195
3600	1195
3601	1195
3602	1195
3603	1195
3604	1195
3605	1195
3606	1195
3607	1195
3608	1195
3609	1195
3610	1195
3611	1195
3612	1195
3613	1195
3614	1195
3615	1195
3616	1195
3617	1195
3618	1195
3619	1195
3620	1195
3621	1195
3622	1195
3623	1195
3624	1195
3625	1195
3626	1195
3627	1195
3628	1195
3629	1195
3630	1195
3631	1195
3632	1195
3633	1195
3634	1195
3635	1195
3636	1196
3637	1196
3638	1196
3639	1196
3640	1196
3641	1196
3642	1196
3643	1196
3644	1196
3645	1196
3646	1196
3647	1196
3648	1196
3649	1196
3650	1196
3651	1196
3652	1196
3653	1196
3654	1196
3655	1196
3656	1196
3657	1196
3658	1196
3659	1196
3660	1196
3661	1196
3662	1196
3663	1196
3664	1196
3665	1196
3666	1196
3667	1196
3668	1196
3669	1196
3670	1196
3671	1196
3672	1196
3673	1196
3674	1196
3675	1196
3676	1196
3677	1196
3678	1196
3679	1196
3680	1196
3681	1196
3682	1196
3683	1196
3684	1196
3685	1196
3686	1196
3687	1196
3688	1196
3689	1196
3690	1196
3691	1196
3692	1196
3693	1196
3694	1196
3695	1196
3696	1196
3697	1196
3698	1196
3699	1196
3700	1196
3701	1196
3702	1196
3703	1196
3704	1196
3705	1196
3706	1196
3707	1196
3708	1196
3709	1196
3710	1196
3711	1196
3712	1196
3713	1196
3714	1196
3715	1196
3716	1196
3717	1196
3718	1196
3719	1196
3720	1196
3721	1196
3722	1196
3723	1196
3724	1196
3725	1196
3726	1196
3727	1196
3728	1196
3729	1196
3730	1196
3731	1196
3732	1196
3733	1196
3734	1196
3735	1196
3736	1196
3737	1196
3738	1196
3739	1196
3740	1196
3741	1196
3742	1196
3743	1196
3744	1196
3745	1196
3746	1196
3747	1196
3748	1196
3749	1196
3750	1196
3751	1196
3752	1196
3753	1196
3754	1196
3755	1196
3756	1196
3757	1196
3758	1196
3759	1196
3760	1196
3761	1196
3762	1196
3763	1196
3764	1196
3765	1196
3766	1196
3767	1196
3768	1196
3769	1196
3770	1196
3771	1196
3772	1196
3773	1196
3774	1196
3775	1196
3776	1196
3777	1196
3778	1196
3779	1196
3780	1196
3781	1196
3782	1196
3783	1196
3784	1196
3785	1196
3786	1196
3787	1196
3788	1196
3789	1196
3790	1196
3791	1196
3792	1196
3793	1196
3794	1196
3795	1196
3796	1196
3797	1196
3798	1196
3799	1196
3800	1196
3801	1196
3802	1196
3803	1196
3804	1196
3805	1196
3806	1196
3807	1196
3808	1196
3809	1196
3810	1196
3811	1196
3812	1196
3813	1196
3814	1196
3815	1196
3816	1196
3817	1196
3818	1196
3819	1196
3820	1196
3821	1196
3822	1196
3823	1196
3824	1196
3825	1196
3826	1196
3827	1196
3828	1196
3829	1196
3830	1196
3831	1196
3832	1196
3833	1196
3834	1196
3835	1196
3836	1196
3837	1196
3838	1196
3839	1196
3840	1196
3841	1196
3842	1196
3843	1196
3844	1196
3845	1196
3846	1196
3847	1196
3848	1196
3849	1196
3850	1196
3851	1196
3852	1196
3853	1196
3854	1196
3855	1196
3856	1196
3857	1196
3858	1196
3859	1196
3860	1196
3861	1196
3862	1196
3863	1196
3864	1196
3865	1196
3866	1196
3867	1196
3868	1196
3869	1196
3870	1196
3871	1196
3872	1196
3873	1196
3874	1196
3875	1196
3876	1196
3877	1196
3878	1196
3879	1196
3880	1196
3881	1196
3882	1196
3883	1196
3884	1196
3885	1196
3886	1196
3887	1196
3888	1196
3889	1196
3890	1196
3891	1196
3892	1196
3893	1196
3894	1196
3895	1196
3896	1196
3897	1196
3898	1196
3899	1196
3900	1196
3901	1196
3902	1196
3903	1196
3904	1196
3905	1196
3906	1196
3907	1196
3908	1196
3909	1196
3910	1196
3911	1196
3912	1196
3913	1196
3914	1196
3915	1196
3916	1196
3917	1196
3918	1196
3919	1196
3920	1196
3921	1196
3922	1196
3923	1196
3924	1196
3925	1196
3926	1196
3927	1196
3928	1196
3929	1196
3930	1196
3931	1196
3932	1196
3933	1196
3934	1196
3935	1196
3936	1196
3937	1196
3938	1196
3939	1196
3940	1196
3941	1196
3942	1196
3943	1196
3944	1196
3945	1196
3946	1196
3947	1196
3948	1196
3949	1196
3950	1196
3951	1196
3952	1196
3953	1196
3954	1196
3955	1196
3956	1196
3957	1196
3958	1196
3959	1196
3960	1196
3961	1196
3962	1196
3963	1196
3964	1196
3965	1196
3966	1196
3967	1196
3968	1196
3969	1196
3970	1196
3971	1196
3972	1196
3973	1196
3974	1196
3975	1196
3976	1196
3977	1196
3978	1196
3979	1196
3980	1196
3981	1196
3982	1196
3983	1196
3984	1196
3985	1196
3986	1196
3987	1196
3988	1196
3989	1196
3990	1196
3991	1196
3992	1196
3993	1196
3994	1196
3995	1196
3996	1196
3997	1196
3998	1196
3999	1196
4000	1196
4001	1196
4002	1196
4003	1196
4004	1196
4005	1196
4006	1196
4007	1196
4008	1196
4009	1196
4010	1196
4011	1196
4012	1196
4013	1196
4014	1196
4015	1196
4016	1196
4017	1196
4018	1196
4019	1196
4020	1196
4021	1196
4022	1196
4023	1196
4024	1196
4025	1196
4026	1196
4027	1196
4028	1196
4029	1196
4030	1196
4031	1196
4032	1196
4033	1196
4034	1196
4035	1196
4036	1196
4037	1196
4038	1196
4039	1196
4040	1196
4041	1196
4042	1196
4043	1196
4044	1196
4045	1196
4046	1196
4047	1196
4048	1196
4049	1196
4050	1196
4051	1196
4052	1196
4053	1196
4054	1196
4055	1196
4056	1196
4057	1196
4058	1196
4059	1196
4060	1196
4061	1196
4062	1196
4063	1196
4064	1196
4065	1196
4066	1196
4067	1196
4068	1196
4069	1196
4070	1196
4071	1196
4072	1196
4073	1196
4074	1196
4075	1196
4076	1196
4077	1196
4078	1196
4079	1196
4080	1196
4081	1196
4082	1196
4083	1196
4084	1196
4085	1196
4086	1196
4087	1196
4088	1196
4089	1196
4090	1196
4091	1196
4092	1196
4093	1196
4094	1196
4095	1196
4096	1196
4097	1196
4098	1196
4099	1196
4100	1196
4101	1196
4102	1196
4103	1196
4104	1196
4105	1196
4106	1196
4107	1196
4108	1196
4109	1196
4110	1196
4111	1196
4112	1196
4113	1196
4114	1196
4115	1196
4116	1196
4117	1196
4118	1196
4119	1196
4120	1196
4121	1196
4122	1196
4123	1196
4124	1196
4125	1196
4126	1196
4127	1196
4128	1196
4129	1196
4130	1196
4131	1196
4132	1196
4133	1196
4134	1196
4135	1196
4136	1196
4137	1196
4138	1196
4139	1196
4140	1196
4141	1196
4142	1196
4143	1196
4144	1196
4145	1196
4146	1196
4147	1196
4148	1196
4149	1196
4150	1196
4151	1197
4152	1197
4153	1197
4154	1197
4155	1197
4156	1197
4157	1197
4158	1197
4159	1197
4160	1197
4161	1197
4162	1197
4163	1197
4164	1197
4165	1197
4166	1197
4167	1197
4168	1197
4169	1197
4170	1197
4171	1197
4172	1197
4173	1197
4174	1197
4175	1197
4176	1197
4177	1197
4178	1197
4179	1197
4180	1197
4181	1197
4182	1197
4183	1197
4184	1197
4185	1197
4186	1197
4187	1197
4188	1197
4189	1197
4190	1197
4191	1197
4192	1197
4193	1197
4194	1197
4195	1197
4196	1197
4197	1197
4198	1197
4199	1197
4200	1197
4201	1197
4202	1197
4203	1197
4204	1197
4205	1197
4206	1197
4207	1197
4208	1197
4209	1197
4210	1197
4211	1197
4212	1197
4213	1197
4214	1197
4215	1197
4216	1197
4217	1197
4218	1197
4219	1197
4220	1197
4221	1197
4222	1197
4223	1197
4224	1197
4225	1197
4226	1197
4227	1197
4228	1197
4229	1197
4230	1197
4231	1197
4232	1197
4233	1197
4234	1197
4235	1197
4236	1197
4237	1197
4238	1197
4239	1197
4240	1197
4241	1197
4242	1197
4243	1197
4244	1197
4245	1197
4246	1197
4247	1197
4248	1197
4249	1197
4250	1197
4251	1197
4252	1197
4253	1197
4254	1197
4255	1197
4256	1197
4257	1197
4258	1197
4259	1197
4260	1197
4261	1197
4262	1197
4263	1197
4264	1197
4265	1197
4266	1197
4267	1197
4268	1197
4269	1197
4270	1197
4271	1197
4272	1197
4273	1197
4274	1197
4275	1197
4276	1197
4277	1197
4278	1197
4279	1197
4280	1197
4281	1197
4282	1197
4283	1197
4284	1197
4285	1197
4286	1197
4287	1197
4288	1197
4289	1197
4290	1197
4291	1197
4292	1197
4293	1197
4294	1197
4295	1197
4296	1197
4297	1197
4298	1197
4299	1197
4300	1197
4301	1197
4302	1197
4303	1197
4304	1197
4305	1197
4306	1197
4307	1197
4308	1197
4309	1197
4310	1197
4311	1197
4312	1197
4313	1197
4314	1197
4315	1197
4316	1197
4317	1197
4318	1197
4319	1197
4320	1197
4321	1197
4322	1197
4323	1197
4324	1197
4325	1197
4326	1197
4327	1197
4328	1197
4329	1197
4330	1197
4331	1197
4332	1197
4333	1197
4334	1197
4335	1197
4336	1197
4337	1197
4338	1197
4339	1197
4340	1197
4341	1197
4342	1197
4343	1197
4344	1197
4345	1197
4346	1197
4347	1197
4348	1197
4349	1197
4350	1197
4351	1197
4352	1197
4353	1197
4354	1197
4355	1197
4356	1197
4357	1197
4358	1197
4359	1197
4360	1197
4361	1197
4362	1197
4363	1197
4364	1197
4365	1197
4366	1197
4367	1197
4368	1197
4369	1197
4370	1197
4371	1197
4372	1197
4373	1197
4374	1197
4375	1197
4376	1197
4377	1197
4378	1197
4379	1197
4380	1197
4381	1197
4382	1197
4383	1197
4384	1197
4385	1197
4386	1197
4387	1197
4388	1197
4389	1197
4390	1197
4391	1197
4392	1197
4393	1197
4394	1197
4395	1197
4396	1197
4397	1197
4398	1197
4399	1197
4400	1197
4401	1197
4402	1197
4403	1197
4404	1197
4405	1197
4406	1197
4407	1197
4408	1197
4409	1197
4410	1197
4411	1197
4412	1197
4413	1197
4414	1197
4415	1197
4416	1197
4417	1197
4418	1197
4419	1197
4420	1197
4421	1197
4422	1197
4423	1197
4424	1197
4425	1197
4426	1197
4427	1197
4428	1197
4429	1197
4430	1197
4431	1197
4432	1197
4433	1197
4434	1197
4435	1197
4436	1197
4437	1197
4438	1197
4439	1197
4440	1197
4441	1197
4442	1197
4443	1197
4444	1197
4445	1197
4446	1197
4447	1197
4448	1197
4449	1197
4450	1197
4451	1197
4452	1197
4453	1197
4454	1197
4455	1197
4456	1197
4457	1197
4458	1197
4459	1197
4460	1197
4461	1197
4462	1197
4463	1197
4464	1197
4465	1197
4466	1197
4467	1197
4468	1197
4469	1197
4470	1197
4471	1197
4472	1197
4473	1197
4474	1197
4475	1197
4476	1197
4477	1197
4478	1197
4479	1197
4480	1197
4481	1197
4482	1197
4483	1197
4484	1197
4485	1197
4486	1197
4487	1197
4488	1197
4489	1197
4490	1197
4491	1197
4492	1197
4493	1197
4494	1197
4495	1197
4496	1197
4497	1197
4498	1197
4499	1197
4500	1197
4501	1197
4502	1197
4503	1197
4504	1197
4505	1197
4506	1197
4507	1197
4508	1197
4509	1197
4510	1197
4511	1197
4512	1197
4513	1197
4514	1197
4515	1197
4516	1197
4517	1197
4518	1197
4519	1197
4520	1197
4521	1197
4522	1197
4523	1197
4524	1197
4525	1197
4526	1197
4527	1197
4528	1197
4529	1197
4530	1197
4531	1197
4532	1197
4533	1197
4534	1197
4535	1197
4536	1197
4537	1197
4538	1197
4539	1197
4540	1197
4541	1197
4542	1197
4543	1197
4544	1197
4545	1197
4546	1197
4547	1197
4548	1197
4549	1197
4550	1197
4551	1197
4552	1197
4553	1197
4554	1197
4555	1197
4556	1197
4557	1197
4558	1197
4559	1197
4560	1197
4561	1197
4562	1197
4563	1197
4564	1197
4565	1197
4566	1197
4567	1197
4568	1197
4569	1197
4570	1197
4571	1197
4572	1197
4573	1197
4574	1197
4575	1197
4576	1197
4577	1197
4578	1197
4579	1197
4580	1197
4581	1197
4582	1197
4583	1197
4584	1197
4585	1197
4586	1197
4587	1197
4588	1197
4589	1197
4590	1197
4591	1197
4592	1197
4593	1197
4594	1197
4595	1197
4596	1197
4597	1197
4598	1197
4599	1197
4600	1197
4601	1197
4602	1197
4603	1197
4604	1197
4605	1197
4606	1197
4607	1197
4608	1197
4609	1197
4610	1197
4611	1197
4612	1197
4613	1197
4614	1197
4615	1197
4616	1197
4617	1197
4618	1197
4619	1197
4620	1197
4621	1197
4622	1197
4623	1197
4624	1197
4625	1197
4626	1197
4627	1197
4628	1197
4629	1197
4630	1197
4631	1197
4632	1197
4633	1197
4634	1197
4635	1197
4636	1197
4637	1197
4638	1197
4639	1197
4640	1197
4641	1197
4642	1197
4643	1197
4644	1197
4645	1197
4646	1197
4647	1197
4648	1197
4649	1197
4650	1197
4651	1197
4652	1197
4653	1197
4654	1197
4655	1197
4656	1197
4657	1197
4658	1197
4659	1197
4660	1197
4661	1197
4662	1197
4663	1197
4664	1197
4665	1197
4666	1197
4667	1197
4668	1197
4669	1197
4670	1197
4671	1197
4672	1197
4673	1197
4674	1197
4675	1197
4676	1197
4677	1197
4678	1197
4679	1197
4680	1197
4681	1197
4682	1197
4683	1197
4684	1197
4685	1197
4686	1197
4687	1197
4688	1197
4689	1197
4690	1197
4691	1197
4692	1197
4693	1197
4694	1197
4695	1197
4696	1197
4697	1197
4698	1197
4699	1197
4700	1197
4701	1197
4702	1197
4703	1197
4704	1197
4705	1197
4706	1197
4707	1197
4708	1197
4709	1197
4710	1197
4711	1197
4712	1197
4713	1197
4714	1197
4715	1197
4716	1197
4717	1197
4718	1197
4719	1197
4720	1197
4721	1197
4722	1197
4723	1197
4724	1197
4725	1197
4726	1197
4727	1197
4728	1197
4729	1197
4730	1197
4731	1197
4732	1197
4733	1197
4734	1197
4735	1197
4736	1197
4737	1197
4738	1198
4739	1198
4740	1198
4741	1198
4742	1198
4743	1198
4744	1198
4745	1198
4746	1198
4747	1198
4748	1198
4749	1198
4750	1198
4751	1198
4752	1198
4753	1198
4754	1198
4755	1198
4756	1198
4757	1198
4758	1198
4759	1198
4760	1198
4761	1198
4762	1198
4763	1198
4764	1198
4765	1198
4766	1198
4767	1198
4768	1198
4769	1198
4770	1198
4771	1198
4772	1198
4773	1198
4774	1198
4775	1198
4776	1198
4777	1198
4778	1198
4779	1198
4780	1198
4781	1198
4782	1198
4783	1198
4784	1198
4785	1198
4786	1198
4787	1198
4788	1198
4789	1198
4790	1198
4791	1198
4792	1198
4793	1198
4794	1198
4795	1198
4796	1198
4797	1198
4798	1198
4799	1198
4800	1198
4801	1198
4802	1198
4803	1198
4804	1198
4805	1198
4806	1198
4807	1198
4808	1198
4809	1198
4810	1198
4811	1198
4812	1198
4813	1198
4814	1198
4815	1198
4816	1198
4817	1198
4818	1198
4819	1198
4820	1198
4821	1198
4822	1198
4823	1198
4824	1198
4825	1198
4826	1198
4827	1198
4828	1198
4829	1198
4830	1198
4831	1198
4832	1198
4833	1198
4834	1198
4835	1198
4836	1198
4837	1198
4838	1198
4839	1198
4840	1198
4841	1198
4842	1198
4843	1198
4844	1198
4845	1198
4846	1198
4847	1198
4848	1198
4849	1198
4850	1198
4851	1198
4852	1198
4853	1198
4854	1198
4855	1198
4856	1198
4857	1198
4858	1198
4859	1198
4860	1198
4861	1198
4862	1198
4863	1198
4864	1198
4865	1198
4866	1198
4867	1198
4868	1198
4869	1198
4870	1198
4871	1198
4872	1198
4873	1198
4874	1198
4875	1198
4876	1198
4877	1198
4878	1198
4879	1198
4880	1198
4881	1198
4882	1198
4883	1198
4884	1198
4885	1198
4886	1198
4887	1198
4888	1198
4889	1198
4890	1198
4891	1198
4892	1198
4893	1198
4894	1198
4895	1198
4896	1198
4897	1198
4898	1198
4899	1198
4900	1198
4901	1198
4902	1198
4903	1198
4904	1198
4905	1198
4906	1198
4907	1198
4908	1198
4909	1198
4910	1198
4911	1198
4912	1198
4913	1198
4914	1198
4915	1198
4916	1198
4917	1198
4918	1198
4919	1198
4920	1198
4921	1198
4922	1198
4923	1198
4924	1198
4925	1198
4926	1198
4927	1198
4928	1198
4929	1198
4930	1198
4931	1198
4932	1198
4933	1198
4934	1198
4935	1198
4936	1198
4937	1198
4938	1198
4939	1198
4940	1198
4941	1198
4942	1198
4943	1198
4944	1198
4945	1198
4946	1198
4947	1198
4948	1198
4949	1198
4950	1198
4951	1198
4952	1198
4953	1198
4954	1198
4955	1198
4956	1198
4957	1198
4958	1198
4959	1198
4960	1198
4961	1198
4962	1198
4963	1198
4964	1198
4965	1198
4966	1198
4967	1198
4968	1198
4969	1198
4970	1198
4971	1198
4972	1198
4973	1198
4974	1198
4975	1198
4976	1198
4977	1198
4978	1198
4979	1198
4980	1198
4981	1198
4982	1198
4983	1198
4984	1198
4985	1198
4986	1198
4987	1198
4988	1198
4989	1198
4990	1198
4991	1198
4992	1198
4993	1198
4994	1198
4995	1198
4996	1198
4997	1198
4998	1198
4999	1198

