0	0
1	0
2	0
3	0
4	0
5	0
6	0
7	0
8	0
9	0
10	0
11	0
12	0
13	0
14	0
15	0
16	0
17	0
18	0
19	0
20	0
21	0
22	0
23	0
24	0
25	0
26	0
27	0
28	0
29	0
30	0
31	0
32	0
33	0
34	0
35	0
36	0
37	0
38	0
39	0
40	0
41	0
42	0
43	0
44	0
45	0
46	0
47	0
48	0
49	0
50	0
51	0
52	0
53	0
54	0
55	0
56	0
57	0
58	0
59	0
60	0
61	0
62	0
63	0
64	0
65	0
66	0
67	0
68	0
69	0
70	0
71	0
72	0
73	0
74	0
75	0
76	0
77	0
78	0
79	0
80	0
81	1
82	1
83	1
84	1
85	1
86	1
87	1
88	1
89	1
90	1
91	1
92	1
93	1
94	1
95	1
96	1
97	1
98	2
99	2
100	2
101	2
102	3
103	3
104	3
105	3
106	3
107	3
108	3
109	3
110	4
111	4
112	4
113	6
114	6
115	7
116	7
117	7
118	7
119	8
120	10
121	14
122	14
123	17
124	18
125	18
126	18
127	20
128	20
129	20
130	22
131	22
132	24
133	25
134	26
135	28
136	28
137	29
138	33
139	34
140	36
141	37
142	38
143	40
144	42
145	43
146	45
147	48
148	49
149	50
150	52
151	53
152	53
153	55
154	56
155	56
156	59
157	60
158	60
159	63
160	64
161	64
162	66
163	66
164	66
165	68
166	71
167	72
168	72
169	72
170	76
171	81
172	81
173	81
174	84
175	84
176	85
177	85
178	85
179	87
180	90
181	90
182	94
183	98
184	98
185	100
186	104
187	104
188	106
189	107
190	111
191	113
192	117
193	119
194	119
195	122
196	125
197	126
198	129
199	132
200	134
201	135
202	137
203	139
204	141
205	142
206	144
207	148
208	149
209	149
210	150
211	150
212	153
213	154
214	156
215	156
216	159
217	161
218	161
219	163
220	167
221	170
222	172
223	178
224	178
225	180
226	181
227	185
228	186
229	187
230	187
231	188
232	194
233	198
234	199
235	199
236	200
237	204
238	208
239	210
240	214
241	216
242	218
243	218
244	219
245	221
246	223
247	223
248	223
249	225
250	225
251	227
252	230
253	230
254	231
255	232
256	234
257	237
258	239
259	240
260	243
261	246
262	248
263	251
264	254
265	256
266	257
267	258
268	263
269	264
270	268
271	269
272	269
273	271
274	272
275	275
276	275
277	276
278	277
279	277
280	278
281	278
282	281
283	284
284	286
285	289
286	291
287	294
288	295
289	296
290	297
291	300
292	302
293	304
294	308
295	309
296	310
297	312
298	314
299	314
300	317
301	318
302	318
303	319
304	322
305	326
306	328
307	329
308	330
309	330
310	334
311	335
312	339
313	339
314	340
315	341
316	342
317	342
318	343
319	343
320	347
321	349
322	349
323	351
324	352
325	352
326	353
327	356
328	358
329	362
330	363
331	364
332	367
333	370
334	371
335	373
336	374
337	376
338	377
339	378
340	379
341	381
342	384
343	386
344	388
345	391
346	392
347	392
348	396
349	396
350	398
351	400
352	401
353	403
354	408
355	408
356	408
357	409
358	411
359	413
360	413
361	415
362	417
363	419
364	420
365	424
366	424
367	424
368	424
369	425
370	425
371	427
372	430
373	430
374	432
375	433
376	434
377	437
378	438
379	438
380	442
381	443
382	444
383	444
384	446
385	446
386	446
387	449
388	449
389	449
390	451
391	452
392	453
393	454
394	454
395	457
396	458
397	458
398	461
399	464
400	467
401	468
402	469
403	469
404	469
405	469
406	470
407	470
408	474
409	475
410	476
411	477
412	478
413	478
414	478
415	478
416	479
417	483
418	485
419	486
420	488
421	488
422	489
423	490
424	491
425	493
426	494
427	494
428	495
429	497
430	497
431	497
432	497
433	498
434	499
435	499
436	502
437	503
438	503
439	506
440	509
441	510
442	510
443	510
444	511
445	512
446	513
447	514
448	515
449	516
450	517
451	518
452	519
453	519
454	519
455	519
456	519
457	521
458	522
459	525
460	526
461	528
462	531
463	535
464	536
465	537
466	539
467	543
468	544
469	544
470	544
471	546
472	547
473	547
474	548
475	549
476	550
477	550
478	552
479	554
480	554
481	556
482	556
483	557
484	557
485	558
486	559
487	559
488	561
489	563
490	565
491	566
492	567
493	568
494	570
495	571
496	572
497	573
498	574
499	575
500	577
501	577
502	577
503	578
504	580
505	580
506	580
507	580
508	580
509	583
510	586
511	586
512	587
513	587
514	588
515	589
516	589
517	589
518	591
519	591
520	591
521	591
522	591
523	591
524	592
525	592
526	592
527	592
528	593
529	594
530	594
531	595
532	596
533	597
534	599
535	600
536	601
537	602
538	603
539	603
540	603
541	603
542	603
543	604
544	605
545	605
546	605
547	606
548	608
549	610
550	610
551	610
552	611
553	612
554	612
555	612
556	616
557	618
558	619
559	621
560	621
561	621
562	623
563	625
564	625
565	627
566	630
567	630
568	630
569	632
570	633
571	633
572	633
573	634
574	637
575	637
576	637
577	637
578	638
579	641
580	642
581	643
582	644
583	644
584	645
585	646
586	648
587	648
588	648
589	650
590	651
591	652
592	652
593	653
594	654
595	656
596	658
597	659
598	659
599	659
600	661
601	664
602	666
603	666
604	666
605	670
606	671
607	672
608	673
609	673
610	673
611	673
612	673
613	673
614	675
615	677
616	678
617	678
618	681
619	683
620	683
621	683
622	684
623	685
624	686
625	686
626	689
627	691
628	691
629	692
630	693
631	693
632	693
633	696
634	698
635	699
636	700
637	700
638	702
639	702
640	702
641	702
642	702
643	702
644	702
645	702
646	702
647	703
648	703
649	704
650	704
651	705
652	705
653	705
654	706
655	706
656	708
657	708
658	709
659	710
660	712
661	713
662	714
663	715
664	715
665	715
666	715
667	716
668	717
669	718
670	718
671	719
672	719
673	719
674	719
675	721
676	722
677	723
678	724
679	724
680	724
681	725
682	727
683	728
684	728
685	729
686	731
687	732
688	733
689	734
690	734
691	735
692	737
693	737
694	737
695	737
696	738
697	739
698	739
699	739
700	740
701	744
702	744
703	745
704	745
705	746
706	748
707	749
708	749
709	750
710	751
711	752
712	753
713	753
714	753
715	755
716	756
717	757
718	757
719	757
720	759
721	759
722	764
723	764
724	764
725	764
726	764
727	765
728	765
729	765
730	765
731	767
732	769
733	769
734	769
735	770
736	770
737	770
738	770
739	771
740	771
741	771
742	773
743	774
744	774
745	776
746	776
747	776
748	776
749	778
750	779
751	780
752	780
753	781
754	782
755	782
756	783
757	783
758	783
759	784
760	785
761	786
762	787
763	787
764	787
765	787
766	787
767	787
768	788
769	788
770	788
771	788
772	789
773	789
774	790
775	790
776	792
777	793
778	795
779	796
780	796
781	796
782	798
783	798
784	798
785	798
786	799
787	799
788	799
789	800
790	800
791	802
792	802
793	803
794	804
795	804
796	805
797	805
798	806
799	807
800	808
801	809
802	811
803	811
804	813
805	815
806	815
807	815
808	817
809	818
810	818
811	818
812	818
813	818
814	819
815	821
816	822
817	824
818	824
819	824
820	826
821	827
822	827
823	829
824	830
825	831
826	833
827	833
828	833
829	834
830	835
831	836
832	837
833	837
834	837
835	837
836	837
837	837
838	838
839	838
840	839
841	840
842	840
843	842
844	842
845	844
846	845
847	845
848	847
849	847
850	847
851	847
852	848
853	848
854	851
855	852
856	852
857	852
858	853
859	853
860	853
861	854
862	854
863	854
864	854
865	855
866	856
867	856
868	856
869	856
870	856
871	857
872	857
873	858
874	858
875	859
876	859
877	859
878	860
879	860
880	861
881	862
882	862
883	862
884	865
885	865
886	865
887	866
888	867
889	867
890	867
891	867
892	868
893	868
894	868
895	869
896	870
897	872
898	872
899	873
900	873
901	873
902	873
903	873
904	874
905	874
906	874
907	875
908	876
909	876
910	876
911	876
912	876
913	877
914	877
915	878
916	879
917	880
918	880
919	880
920	880
921	881
922	881
923	881
924	883
925	884
926	884
927	884
928	884
929	885
930	885
931	885
932	885
933	886
934	887
935	887
936	887
937	887
938	887
939	887
940	887
941	889
942	889
943	889
944	889
945	889
946	889
947	890
948	890
949	890
950	891
951	891
952	891
953	891
954	892
955	892
956	892
957	893
958	895
959	895
960	895
961	895
962	896
963	896
964	896
965	896
966	896
967	896
968	896
969	896
970	897
971	897
972	897
973	898
974	899
975	899
976	900
977	900
978	900
979	900
980	900
981	902
982	902
983	902
984	902
985	902
986	903
987	903
988	903
989	904
990	904
991	904
992	904
993	904
994	905
995	906
996	909
997	909
998	909
999	909
1000	909
1001	910
1002	910
1003	911
1004	912
1005	913
1006	914
1007	914
1008	914
1009	914
1010	914
1011	914
1012	916
1013	917
1014	917
1015	919
1016	919
1017	919
1018	919
1019	920
1020	922
1021	922
1022	923
1023	924
1024	924
1025	924
1026	924
1027	924
1028	924
1029	924
1030	924
1031	924
1032	925
1033	926
1034	927
1035	927
1036	927
1037	928
1038	930
1039	930
1040	930
1041	930
1042	930
1043	930
1044	930
1045	930
1046	930
1047	930
1048	930
1049	931
1050	932
1051	932
1052	933
1053	933
1054	933
1055	934
1056	936
1057	936
1058	936
1059	936
1060	937
1061	937
1062	938
1063	938
1064	938
1065	938
1066	939
1067	940
1068	940
1069	940
1070	941
1071	941
1072	941
1073	941
1074	943
1075	945
1076	945
1077	945
1078	945
1079	945
1080	945
1081	945
1082	946
1083	946
1084	946
1085	946
1086	946
1087	947
1088	947
1089	947
1090	947
1091	948
1092	949
1093	949
1094	949
1095	950
1096	950
1097	950
1098	950
1099	950
1100	950
1101	950
1102	950
1103	950
1104	950
1105	952
1106	954
1107	954
1108	954
1109	955
1110	955
1111	955
1112	955
1113	955
1114	956
1115	957
1116	960
1117	960
1118	960
1119	960
1120	963

