0	0
1	0
2	0
3	0
4	0
5	0
6	0
7	0
8	0
9	0
10	0
11	0
12	0
13	0
14	0
15	0
16	0
17	0
18	0
19	0
20	0
21	0
22	0
23	0
24	0
25	0
26	0
27	0
28	0
29	0
30	0
31	0
32	0
33	0
34	0
35	0
36	0
37	0
38	0
39	0
40	0
41	0
42	0
43	0
44	0
45	0
46	0
47	0
48	0
49	0
50	0
51	0
52	0
53	0
54	0
55	0
56	0
57	0
58	0
59	0
60	0
61	0
62	0
63	0
64	0
65	0
66	0
67	0
68	0
69	0
70	0
71	0
72	0
73	0
74	0
75	0
76	0
77	0
78	0
79	0
80	0
81	0
82	0
83	0
84	0
85	0
86	0
87	0
88	0
89	0
90	0
91	0
92	0
93	0
94	0
95	0
96	0
97	0
98	0
99	0
100	0
101	1
102	1
103	1
104	1
105	2
106	2
107	3
108	3
109	4
110	5
111	6
112	6
113	9
114	9
115	10
116	10
117	11
118	12
119	12
120	12
121	12
122	13
123	16
124	18
125	20
126	21
127	21
128	22
129	25
130	25
131	25
132	27
133	31
134	31
135	32
136	35
137	37
138	37
139	38
140	40
141	41
142	41
143	41
144	43
145	45
146	45
147	45
148	46
149	47
150	47
151	47
152	47
153	48
154	49
155	50
156	51
157	52
158	53
159	53
160	54
161	58
162	62
163	63
164	64
165	64
166	69
167	70
168	74
169	74
170	74
171	75
172	77
173	77
174	79
175	79
176	81
177	85
178	88
179	90
180	94
181	96
182	98
183	101
184	103
185	111
186	111
187	112
188	116
189	117
190	118
191	120
192	123
193	123
194	127
195	127
196	129
197	130
198	135
199	136
200	140
201	141
202	141
203	142
204	144
205	146
206	148
207	151
208	154
209	160
210	160
211	160
212	160
213	162
214	163
215	163
216	165
217	170
218	172
219	173
220	174
221	175
222	178
223	180
224	184
225	185
226	187
227	189
228	192
229	194
230	194
231	199
232	202
233	206
234	207
235	209
236	210
237	212
238	213
239	214
240	215
241	215
242	216
243	219
244	221
245	224
246	226
247	227
248	230
249	231
250	231
251	235
252	235
253	240
254	241
255	241
256	245
257	246
258	246
259	250
260	253
261	254
262	256
263	257
264	263
265	264
266	267
267	268
268	271
269	273
270	275
271	275
272	277
273	280
274	281
275	283
276	283
277	286
278	288
279	292
280	294
281	297
282	297
283	300
284	301
285	303
286	304
287	305
288	310
289	310
290	312
291	312
292	312
293	312
294	314
295	316
296	316
297	319
298	320
299	323
300	325
301	325
302	326
303	326
304	326
305	327
306	329
307	330
308	331
309	333
310	333
311	333
312	334
313	334
314	337
315	339
316	339
317	340
318	340
319	341
320	341
321	343
322	345
323	346
324	347
325	349
326	351
327	351
328	354
329	358
330	358
331	360
332	362
333	363
334	365
335	367
336	369
337	369
338	370
339	370
340	373
341	374
342	375
343	375
344	375
345	375
346	375
347	376
348	377
349	378
350	378
351	379
352	383
353	383
354	386
355	387
356	387
357	388
358	392
359	392
360	392
361	393
362	393
363	394
364	395
365	396
366	398
367	398
368	402
369	404
370	405
371	407
372	409
373	411
374	412
375	416
376	418
377	418
378	419
379	420
380	421
381	421
382	421
383	423
384	424
385	425
386	426
387	427
388	427
389	428
390	429
391	430
392	431
393	431
394	431
395	435
396	436
397	437
398	438
399	440
400	441
401	443
402	445
403	445
404	447
405	449
406	450
407	452
408	453
409	455
410	455
411	457
412	457
413	460
414	462
415	463
416	464
417	468
418	470
419	471
420	471
421	472
422	473
423	474
424	475
425	477
426	479
427	483
428	483
429	486
430	486
431	486
432	488
433	489
434	489
435	491
436	492
437	495
438	496
439	496
440	500
441	502
442	502
443	504
444	504
445	504
446	506
447	508
448	510
449	510
450	511
451	514
452	514
453	514
454	514
455	514
456	514
457	514
458	514
459	515
460	516
461	519
462	522
463	524
464	524
465	526
466	526
467	526
468	526
469	527
470	527
471	527
472	528
473	528
474	528
475	529
476	532
477	533
478	533
479	533
480	536
481	536
482	537
483	537
484	537
485	538
486	540
487	540
488	541
489	542
490	543
491	544
492	544
493	548
494	550
495	551
496	551
497	552
498	553
499	554
500	554
501	557
502	558
503	560
504	560
505	561
506	561
507	563
508	563
509	565
510	566
511	568
512	569
513	569
514	570
515	572
516	573
517	576
518	577
519	577
520	579
521	579
522	579
523	581
524	582
525	582
526	584
527	584
528	585
529	585
530	585
531	585
532	587
533	588
534	588
535	588
536	588
537	590
538	591
539	592
540	593
541	594
542	598
543	598
544	598
545	598
546	599
547	600
548	601
549	604
550	604
551	604
552	604
553	604
554	606
555	606
556	607
557	607
558	607
559	609
560	610
561	610
562	612
563	613
564	614
565	615
566	615
567	616
568	619
569	620
570	620
571	622
572	623
573	626
574	627
575	627
576	628
577	629
578	630
579	630
580	630
581	630
582	630
583	630
584	631
585	632
586	634
587	634
588	634
589	634
590	635
591	636
592	638
593	639
594	639
595	639
596	639
597	639
598	641
599	643
600	643
601	644
602	644
603	645
604	646
605	648
606	648
607	649
608	649
609	650
610	650
611	651
612	652
613	653
614	656
615	659
616	661
617	662
618	662
619	662
620	663
621	665
622	666
623	666
624	666
625	667
626	667
627	668
628	668
629	668
630	669
631	669
632	672
633	675
634	675
635	675
636	676
637	676
638	677
639	677
640	677
641	677
642	679
643	679
644	680
645	681
646	682
647	684
648	684
649	686
650	686
651	686
652	687
653	689
654	689
655	689
656	689
657	690
658	690
659	690
660	691
661	691
662	691
663	694
664	694
665	694
666	696
667	697
668	697
669	700
670	700
671	701
672	701
673	701
674	701
675	703
676	704
677	706
678	707
679	709
680	711
681	711
682	712
683	712
684	713
685	713
686	714
687	714
688	714
689	714
690	714
691	715
692	715
693	715
694	715
695	716
696	716
697	718
698	719
699	720
700	722
701	722
702	723
703	724
704	724
705	724
706	726
707	726
708	727
709	728
710	729
711	729
712	729
713	730
714	731
715	733
716	735
717	735
718	736
719	736
720	737
721	737
722	738
723	741
724	741
725	742
726	742
727	742
728	742
729	743
730	745
731	745
732	745
733	747
734	747
735	747
736	747
737	747
738	749
739	749
740	749
741	752
742	752
743	752
744	752
745	754
746	756
747	756
748	756
749	756
750	756
751	756
752	759
753	759
754	761
755	762
756	762
757	762
758	763
759	763
760	764
761	764
762	764
763	764
764	765
765	765
766	766
767	767
768	768
769	769
770	770
771	770
772	772
773	772
774	773
775	774
776	775
777	775
778	776
779	776
780	778
781	778
782	780
783	780
784	781
785	781
786	781
787	782
788	782
789	782
790	782
791	782
792	782
793	782
794	783
795	783
796	783
797	785
798	786
799	787
800	790
801	791
802	791
803	791
804	791
805	793
806	793
807	793
808	793
809	794
810	794
811	794
812	794
813	795
814	795
815	795
816	795
817	795
818	795
819	796
820	798
821	799
822	800
823	800
824	800
825	800
826	800
827	803
828	803
829	803
830	805
831	805
832	805
833	806
834	806
835	807
836	807
837	807
838	808
839	809
840	810
841	811
842	811
843	811
844	811
845	811
846	812
847	813
848	813
849	813
850	814
851	815
852	815
853	815
854	817
855	817
856	820
857	821
858	821
859	821
860	821
861	822
862	822
863	822
864	822
865	822
866	823
867	823
868	823
869	823
870	825
871	825
872	825
873	825
874	826
875	826
876	826
877	827
878	827
879	828
880	829
881	829
882	830
883	831
884	832
885	832
886	833
887	834
888	835
889	835
890	837
891	838
892	838
893	838
894	838
895	838
896	838
897	839
898	839
899	841
900	842
901	842
902	842
903	842
904	842
905	843
906	843
907	843
908	843
909	845
910	845
911	849
912	849
913	849
914	849
915	849
916	849
917	850
918	851
919	852
920	852
921	854
922	854
923	854
924	854
925	854
926	854
927	854
928	856
929	856
930	857
931	857
932	857
933	858
934	859
935	859
936	860
937	861
938	862
939	862
940	862
941	863
942	864
943	864
944	865
945	866
946	866
947	866
948	868
949	868
950	869
951	871
952	872
953	872
954	873
955	873
956	873
957	873
958	873
959	873
960	874
961	874
962	874
963	874
964	874
965	876
966	876
967	876
968	876
969	877
970	878
971	878
972	878
973	879
974	879
975	880
976	880
977	880
978	881
979	881
980	881
981	882
982	882
983	882
984	883
985	884
986	886
987	886
988	886
989	888
990	888
991	889
992	890
993	890
994	891
995	891
996	891
997	892
998	893
999	894
1000	895
1001	896
1002	898
1003	898
1004	899
1005	899
1006	900
1007	900
1008	900
1009	902
1010	902
1011	902
1012	902
1013	902
1014	902
1015	902
1016	904
1017	904
1018	905
1019	905
1020	906
1021	908
1022	908
1023	908
1024	908
1025	908
1026	908
1027	908
1028	908
1029	909
1030	909
1031	910
1032	910
1033	910
1034	910
1035	912
1036	912
1037	913
1038	913
1039	914
1040	914
1041	914
1042	915
1043	915
1044	915
1045	916
1046	916
1047	916
1048	916
1049	916
1050	917
1051	917
1052	918
1053	919
1054	920
1055	920
1056	921
1057	921
1058	922
1059	922
1060	922
1061	923
1062	924
1063	925
1064	925
1065	926
1066	927
1067	928
1068	929
1069	929
1070	930
1071	930
1072	931
1073	931
1074	931
1075	932
1076	932
1077	932
1078	933
1079	933
1080	933
1081	933
1082	933
1083	933
1084	933
1085	933
1086	934
1087	934
1088	934
1089	934
1090	934
1091	934
1092	934
1093	934
1094	934
1095	934
1096	934
1097	936
1098	936
1099	936
1100	936
1101	938
1102	939
1103	939
1104	940
1105	940
1106	940
1107	940
1108	940
1109	940
1110	940
1111	940
1112	941
1113	941
1114	941
1115	941
1116	942
1117	942
1118	943
1119	944
1120	945
1121	945
1122	945
1123	947
1124	947
1125	947
1126	948
1127	948
1128	948
1129	949
1130	949
1131	949
1132	950
1133	950
1134	950
1135	950
1136	950
1137	952
1138	952
1139	952
1140	953
1141	953
1142	953
1143	953
1144	953
1145	953
1146	954
1147	954
1148	954
1149	954
1150	955
1151	956
1152	957
1153	958
1154	958
1155	958
1156	958
1157	958
1158	958
1159	959
1160	959
1161	959
1162	960
1163	960
1164	960
1165	960
1166	961
1167	962
1168	963
1169	963
1170	963
1171	964
1172	966
1173	966
1174	966
1175	966
1176	967
1177	967
1178	967
1179	967
1180	967
1181	967
1182	967
1183	967
1184	968
1185	968
1186	969
1187	969
1188	969
1189	970
1190	970
1191	970
1192	970
1193	970
1194	971
1195	972
1196	972
1197	972
1198	972
1199	972
1200	972
1201	972
1202	972
1203	972
1204	975
1205	976
1206	976
1207	978
1208	978
1209	978
1210	978
1211	979
1212	979
1213	979
1214	979
1215	979
1216	979
1217	980
1218	980
1219	980
1220	980
1221	980
1222	980
1223	981
1224	981
1225	981
1226	981
1227	981
1228	981
1229	981
1230	982
1231	983
1232	984
1233	985
1234	985
1235	985
1236	985
1237	985
1238	986
1239	986
1240	986
1241	986
1242	986
1243	987
1244	987
1245	987
1246	987
1247	989
1248	989
1249	989
1250	990
1251	990
1252	990
1253	990
1254	990
1255	990
1256	992
1257	992
1258	992
1259	992
1260	992
1261	992
1262	993
1263	994
1264	994
1265	995
1266	995
1267	996
1268	996
1269	997
1270	999
1271	999
1272	999
1273	1000
1274	1001
1275	1001
1276	1001
1277	1001
1278	1002
1279	1002
1280	1002
1281	1002
1282	1002
1283	1003
1284	1003
1285	1003
1286	1004
1287	1004
1288	1005
1289	1005
1290	1006
1291	1006
1292	1006
1293	1006
1294	1006
1295	1006
1296	1006
1297	1006
1298	1006
1299	1006
1300	1006
1301	1006
1302	1007
1303	1007
1304	1007
1305	1007
1306	1007
1307	1007
1308	1007
1309	1007
1310	1007
1311	1008
1312	1009
1313	1009
1314	1009
1315	1009
1316	1009
1317	1010
1318	1010
1319	1010
1320	1011
1321	1011
1322	1011
1323	1011
1324	1011
1325	1011
1326	1011
1327	1011
1328	1012
1329	1012
1330	1013
1331	1013
1332	1013
1333	1014
1334	1014
1335	1014
1336	1014
1337	1014
1338	1014
1339	1014
1340	1014
1341	1014
1342	1014
1343	1014
1344	1014
1345	1015
1346	1015
1347	1015
1348	1015
1349	1015
1350	1015
1351	1016
1352	1016
1353	1016
1354	1016
1355	1016
1356	1016
1357	1016
1358	1017
1359	1017
1360	1017
1361	1017
1362	1017
1363	1018
1364	1019
1365	1021
1366	1021
1367	1021
1368	1022
1369	1022
1370	1022
1371	1023
1372	1023
1373	1023
1374	1023
1375	1023
1376	1024
1377	1024
1378	1025
1379	1025
1380	1025
1381	1025
1382	1028
1383	1029
1384	1029
1385	1029
1386	1029
1387	1029
1388	1029
1389	1029
1390	1030
1391	1030
1392	1030
1393	1030
1394	1030
1395	1030
1396	1030
1397	1031
1398	1032
1399	1033
1400	1033
1401	1033
1402	1034
1403	1034
1404	1034
1405	1034
1406	1035
1407	1036
1408	1038
1409	1038
1410	1038
1411	1038
1412	1039
1413	1039
1414	1039
1415	1039
1416	1039
1417	1039
1418	1039
1419	1039
1420	1039
1421	1039
1422	1039
1423	1039
1424	1039
1425	1040
1426	1041
1427	1041
1428	1041
1429	1042
1430	1042
1431	1042
1432	1042
1433	1042
1434	1043
1435	1043
1436	1043
1437	1043
1438	1043
1439	1043
1440	1045
1441	1045
1442	1045
1443	1045
1444	1045
1445	1045
1446	1045
1447	1045
1448	1045
1449	1045
1450	1046
1451	1046
1452	1046
1453	1046
1454	1046
1455	1046
1456	1046
1457	1046
1458	1046
1459	1046
1460	1046
1461	1046
1462	1046
1463	1046
1464	1046
1465	1046
1466	1046
1467	1046
1468	1046
1469	1046
1470	1046
1471	1047
1472	1047
1473	1047
1474	1047
1475	1047
1476	1047
1477	1048
1478	1048
1479	1049
1480	1049
1481	1049
1482	1049
1483	1049
1484	1050
1485	1050
1486	1051
1487	1051
1488	1051
1489	1051
1490	1051
1491	1051
1492	1052
1493	1052
1494	1052
1495	1052
1496	1052
1497	1052
1498	1052
1499	1052
1500	1052
1501	1052
1502	1052
1503	1052
1504	1052
1505	1053
1506	1053
1507	1053
1508	1054
1509	1054
1510	1055
1511	1055
1512	1056
1513	1056
1514	1056
1515	1056
1516	1056
1517	1056
1518	1056
1519	1056
1520	1057
1521	1057
1522	1059
1523	1059
1524	1059
1525	1059
1526	1059
1527	1059
1528	1060
1529	1061
1530	1061
1531	1061
1532	1061
1533	1061
1534	1061
1535	1061
1536	1061
1537	1061
1538	1061
1539	1061
1540	1061
1541	1061
1542	1061
1543	1061
1544	1061
1545	1061
1546	1061
1547	1061
1548	1062
1549	1062
1550	1062
1551	1062
1552	1062
1553	1062
1554	1063
1555	1063
1556	1063
1557	1063
1558	1065
1559	1066
1560	1066
1561	1066
1562	1066
1563	1066
1564	1067
1565	1067
1566	1067
1567	1067
1568	1067
1569	1067
1570	1067
1571	1067
1572	1067
1573	1068
1574	1068
1575	1069
1576	1069
1577	1069
1578	1069
1579	1069
1580	1069
1581	1070
1582	1070
1583	1070
1584	1070
1585	1070
1586	1070
1587	1070
1588	1070
1589	1071
1590	1071
1591	1071
1592	1071
1593	1071
1594	1071
1595	1071
1596	1071
1597	1071
1598	1072
1599	1072
1600	1073
1601	1074
1602	1074
1603	1074
1604	1074
1605	1074
1606	1074
1607	1074
1608	1074
1609	1076
1610	1076
1611	1076
1612	1076
1613	1076
1614	1076
1615	1076
1616	1076
1617	1076
1618	1076
1619	1076
1620	1076
1621	1076
1622	1076
1623	1076
1624	1076
1625	1076
1626	1077
1627	1078
1628	1079
1629	1079
1630	1079
1631	1079
1632	1080
1633	1080
1634	1080
1635	1081
1636	1081
1637	1081
1638	1081
1639	1081
1640	1081
1641	1081
1642	1081
1643	1081
1644	1081
1645	1081
1646	1081
1647	1081
1648	1082
1649	1082
1650	1082
1651	1082
1652	1082
1653	1082
1654	1083
1655	1083
1656	1084
1657	1084
1658	1084
1659	1084
1660	1084
1661	1084
1662	1084
1663	1084
1664	1084
1665	1084
1666	1085
1667	1085
1668	1085
1669	1085
1670	1085
1671	1085
1672	1085
1673	1085
1674	1085
1675	1085
1676	1085
1677	1085
1678	1085
1679	1085
1680	1085
1681	1085
1682	1085
1683	1085
1684	1086
1685	1086
1686	1086
1687	1086
1688	1086
1689	1086
1690	1086
1691	1086
1692	1086
1693	1086
1694	1086
1695	1086
1696	1086
1697	1086
1698	1086
1699	1086
1700	1086
1701	1088
1702	1088
1703	1088
1704	1088
1705	1088
1706	1088
1707	1088
1708	1088
1709	1088
1710	1088
1711	1088
1712	1088
1713	1089
1714	1089
1715	1089
1716	1089
1717	1090
1718	1090
1719	1090
1720	1090
1721	1090
1722	1091
1723	1091
1724	1091
1725	1092
1726	1092
1727	1092
1728	1092
1729	1092
1730	1092
1731	1092
1732	1092
1733	1094
1734	1094
1735	1094
1736	1094
1737	1094
1738	1094
1739	1094
1740	1094
1741	1094
1742	1094
1743	1094
1744	1094
1745	1095
1746	1096
1747	1096
1748	1096
1749	1097
1750	1097
1751	1097
1752	1097
1753	1097
1754	1098
1755	1098
1756	1098
1757	1098
1758	1098
1759	1098
1760	1098
1761	1098
1762	1098
1763	1098
1764	1098
1765	1098
1766	1098
1767	1098
1768	1098
1769	1098
1770	1098
1771	1098
1772	1098
1773	1099
1774	1099
1775	1099
1776	1100
1777	1100
1778	1101
1779	1101
1780	1101
1781	1102
1782	1102
1783	1102
1784	1102
1785	1102
1786	1102
1787	1102
1788	1102
1789	1102
1790	1102
1791	1102
1792	1102
1793	1102
1794	1102
1795	1102
1796	1102
1797	1102
1798	1102
1799	1102
1800	1103
1801	1103
1802	1103
1803	1103
1804	1103
1805	1103
1806	1103
1807	1103
1808	1103
1809	1104
1810	1104
1811	1104
1812	1104
1813	1104
1814	1105
1815	1105
1816	1105
1817	1105
1818	1105
1819	1105
1820	1105
1821	1105
1822	1105
1823	1106
1824	1106
1825	1106
1826	1107
1827	1107
1828	1107
1829	1107
1830	1107
1831	1107
1832	1107
1833	1107
1834	1107
1835	1107
1836	1107
1837	1107
1838	1107
1839	1107
1840	1107
1841	1107
1842	1107
1843	1107
1844	1107
1845	1107
1846	1108
1847	1108
1848	1108
1849	1108
1850	1109
1851	1109
1852	1109
1853	1109
1854	1109
1855	1109
1856	1109
1857	1109
1858	1109
1859	1109
1860	1109
1861	1109
1862	1109
1863	1109
1864	1110
1865	1110
1866	1110
1867	1110
1868	1110
1869	1110
1870	1110
1871	1110
1872	1110
1873	1110
1874	1110
1875	1110
1876	1110
1877	1110
1878	1110
1879	1111
1880	1111
1881	1111
1882	1111
1883	1112
1884	1112
1885	1112
1886	1112
1887	1112
1888	1112
1889	1112
1890	1112
1891	1112
1892	1112
1893	1112
1894	1113
1895	1113
1896	1113
1897	1113
1898	1113
1899	1114
1900	1114
1901	1114
1902	1114
1903	1114
1904	1114
1905	1114
1906	1114
1907	1114
1908	1114
1909	1115
1910	1115
1911	1115
1912	1115
1913	1116
1914	1116
1915	1117
1916	1117
1917	1117
1918	1117
1919	1117
1920	1117
1921	1118
1922	1118
1923	1118
1924	1118
1925	1118
1926	1118
1927	1119
1928	1120
1929	1120
1930	1120
1931	1120
1932	1120
1933	1120
1934	1120
1935	1121
1936	1121
1937	1122
1938	1122
1939	1122
1940	1122
1941	1122
1942	1122
1943	1122
1944	1122
1945	1122
1946	1122
1947	1122
1948	1122
1949	1122
1950	1122
1951	1122
1952	1122
1953	1122
1954	1122
1955	1122
1956	1122
1957	1122
1958	1122
1959	1123
1960	1123
1961	1123
1962	1123
1963	1123
1964	1123
1965	1123
1966	1123
1967	1123
1968	1123
1969	1123
1970	1123
1971	1123
1972	1124
1973	1124
1974	1124
1975	1124
1976	1124
1977	1124
1978	1124
1979	1125
1980	1125
1981	1125
1982	1125
1983	1126
1984	1126
1985	1126
1986	1126
1987	1126
1988	1126
1989	1126
1990	1126
1991	1126
1992	1126
1993	1126
1994	1126
1995	1126
1996	1126
1997	1126
1998	1126
1999	1126
2000	1127
2001	1127
2002	1127
2003	1127
2004	1127
2005	1127
2006	1129
2007	1129
2008	1129
2009	1129
2010	1129
2011	1129
2012	1130
2013	1130
2014	1130
2015	1130
2016	1130
2017	1130
2018	1130
2019	1130
2020	1130
2021	1130
2022	1130
2023	1130
2024	1130
2025	1130
2026	1130
2027	1130
2028	1130
2029	1130
2030	1130
2031	1130
2032	1131
2033	1131
2034	1132
2035	1132
2036	1132
2037	1132
2038	1132
2039	1132
2040	1132
2041	1133
2042	1133
2043	1133
2044	1133
2045	1133
2046	1133
2047	1133
2048	1133
2049	1133
2050	1133
2051	1133
2052	1133
2053	1133
2054	1133
2055	1133
2056	1133
2057	1133
2058	1133
2059	1133
2060	1133
2061	1133
2062	1133
2063	1133
2064	1133
2065	1133
2066	1134
2067	1134
2068	1134
2069	1134
2070	1134
2071	1134
2072	1134
2073	1134
2074	1134
2075	1134
2076	1134
2077	1135
2078	1135
2079	1135
2080	1135
2081	1135
2082	1135
2083	1135
2084	1135
2085	1135
2086	1135
2087	1135
2088	1135
2089	1135
2090	1135
2091	1135
2092	1136
2093	1136
2094	1136
2095	1136
2096	1136
2097	1136
2098	1137
2099	1137
2100	1137
2101	1137
2102	1137
2103	1137
2104	1137
2105	1137
2106	1137
2107	1137
2108	1137
2109	1137
2110	1137
2111	1137
2112	1137
2113	1137
2114	1137
2115	1137
2116	1137
2117	1138
2118	1138
2119	1138
2120	1138
2121	1138
2122	1138
2123	1138
2124	1139
2125	1139
2126	1139
2127	1139
2128	1139
2129	1139
2130	1139
2131	1139
2132	1139
2133	1139
2134	1139
2135	1139
2136	1139
2137	1139
2138	1139
2139	1139
2140	1139
2141	1139
2142	1139
2143	1139
2144	1139
2145	1139
2146	1139
2147	1140
2148	1140
2149	1140
2150	1140
2151	1141
2152	1141
2153	1141
2154	1141
2155	1141
2156	1141
2157	1141
2158	1141
2159	1141
2160	1141
2161	1141
2162	1141
2163	1141
2164	1141
2165	1142
2166	1142
2167	1142
2168	1142
2169	1142
2170	1142
2171	1142
2172	1144
2173	1144
2174	1145
2175	1145
2176	1145
2177	1145
2178	1145
2179	1145
2180	1145
2181	1145
2182	1145
2183	1145
2184	1145
2185	1145
2186	1145
2187	1145
2188	1145
2189	1145
2190	1145
2191	1145
2192	1145
2193	1145
2194	1145
2195	1145
2196	1145
2197	1145
2198	1145
2199	1145
2200	1145
2201	1145
2202	1145
2203	1145
2204	1145
2205	1145
2206	1145
2207	1145
2208	1145
2209	1145
2210	1146
2211	1146
2212	1146
2213	1146
2214	1146
2215	1146
2216	1146
2217	1146
2218	1146
2219	1146
2220	1146
2221	1146
2222	1146
2223	1146
2224	1146
2225	1146
2226	1146
2227	1146
2228	1147
2229	1147
2230	1147
2231	1147
2232	1148
2233	1148
2234	1148
2235	1148
2236	1148
2237	1148
2238	1148
2239	1148
2240	1148
2241	1148
2242	1148
2243	1148
2244	1148
2245	1148
2246	1148
2247	1148
2248	1148
2249	1148
2250	1148
2251	1149
2252	1149
2253	1150
2254	1150
2255	1150
2256	1150
2257	1150
2258	1150
2259	1150
2260	1150
2261	1150
2262	1151
2263	1151
2264	1151
2265	1151
2266	1151
2267	1151
2268	1151
2269	1151
2270	1151
2271	1151
2272	1151
2273	1151
2274	1151
2275	1152
2276	1152
2277	1152
2278	1152
2279	1152
2280	1152
2281	1152
2282	1152
2283	1152
2284	1152
2285	1152
2286	1152
2287	1152
2288	1152
2289	1152
2290	1152
2291	1152
2292	1152
2293	1152
2294	1152
2295	1152
2296	1152
2297	1152
2298	1152
2299	1152
2300	1152
2301	1152
2302	1152
2303	1152
2304	1152
2305	1152
2306	1152
2307	1152
2308	1152
2309	1153
2310	1153
2311	1153
2312	1153
2313	1153
2314	1153
2315	1153
2316	1153
2317	1153
2318	1153
2319	1153
2320	1154
2321	1154
2322	1154
2323	1154
2324	1154
2325	1154
2326	1154
2327	1154
2328	1154
2329	1154
2330	1154
2331	1154
2332	1154
2333	1154
2334	1154
2335	1154
2336	1154
2337	1154
2338	1154
2339	1154
2340	1154
2341	1154
2342	1154
2343	1154
2344	1154
2345	1154
2346	1154
2347	1154
2348	1154
2349	1154
2350	1154
2351	1154
2352	1154
2353	1154
2354	1154
2355	1154
2356	1154
2357	1154
2358	1154
2359	1154
2360	1154
2361	1155
2362	1155
2363	1155
2364	1155
2365	1155
2366	1155
2367	1155
2368	1155
2369	1156
2370	1156
2371	1156
2372	1157
2373	1157
2374	1157
2375	1157
2376	1157
2377	1157
2378	1157
2379	1157
2380	1157
2381	1157
2382	1157
2383	1157
2384	1158
2385	1158
2386	1158
2387	1158
2388	1158
2389	1158
2390	1158
2391	1158
2392	1158
2393	1158
2394	1158
2395	1158
2396	1158
2397	1159
2398	1159
2399	1159
2400	1159
2401	1159
2402	1159
2403	1159
2404	1159
2405	1159
2406	1159
2407	1159
2408	1159
2409	1159
2410	1159
2411	1159
2412	1159
2413	1159
2414	1159
2415	1159
2416	1160
2417	1160
2418	1160
2419	1160
2420	1160
2421	1160
2422	1160
2423	1161
2424	1161
2425	1161
2426	1161
2427	1161
2428	1161
2429	1161
2430	1161
2431	1161
2432	1161
2433	1161
2434	1161
2435	1161
2436	1161
2437	1161
2438	1161
2439	1161
2440	1161
2441	1161
2442	1161
2443	1161
2444	1161
2445	1161
2446	1161
2447	1161
2448	1162
2449	1162
2450	1162
2451	1163
2452	1163
2453	1163
2454	1163
2455	1163
2456	1163
2457	1163
2458	1163
2459	1163
2460	1163
2461	1163
2462	1163
2463	1163
2464	1163
2465	1163
2466	1163
2467	1163
2468	1163
2469	1163
2470	1163
2471	1163
2472	1163
2473	1163
2474	1163
2475	1163
2476	1163
2477	1163
2478	1163
2479	1163
2480	1163
2481	1163
2482	1163
2483	1163
2484	1163
2485	1163
2486	1163
2487	1163
2488	1163
2489	1163
2490	1163
2491	1163
2492	1163
2493	1163
2494	1164
2495	1165
2496	1165
2497	1165
2498	1165
2499	1165
2500	1165
2501	1165
2502	1165
2503	1165
2504	1165
2505	1165
2506	1165
2507	1165
2508	1165
2509	1165
2510	1165
2511	1165
2512	1165
2513	1165
2514	1165
2515	1165
2516	1165
2517	1165
2518	1165
2519	1165
2520	1165
2521	1165
2522	1165
2523	1165
2524	1165
2525	1165
2526	1165
2527	1165
2528	1165
2529	1165
2530	1165
2531	1165
2532	1165
2533	1165
2534	1165
2535	1165
2536	1165
2537	1165
2538	1166
2539	1166
2540	1166
2541	1166
2542	1166
2543	1166
2544	1166
2545	1166
2546	1166
2547	1166
2548	1166
2549	1166
2550	1166
2551	1166
2552	1166
2553	1166
2554	1166
2555	1166
2556	1166
2557	1166
2558	1166
2559	1166
2560	1166
2561	1166
2562	1166
2563	1166
2564	1166
2565	1166
2566	1166
2567	1166
2568	1166
2569	1166
2570	1166
2571	1166
2572	1166
2573	1166
2574	1166
2575	1166
2576	1166
2577	1166
2578	1166
2579	1166
2580	1166
2581	1166
2582	1166
2583	1166
2584	1166
2585	1166
2586	1166
2587	1166
2588	1166
2589	1166
2590	1167
2591	1167
2592	1168
2593	1168
2594	1168
2595	1168
2596	1168
2597	1168
2598	1168
2599	1168
2600	1168
2601	1168
2602	1168
2603	1168
2604	1168
2605	1168
2606	1168
2607	1168
2608	1168
2609	1168
2610	1168
2611	1168
2612	1168
2613	1168
2614	1168
2615	1168
2616	1168
2617	1169
2618	1169
2619	1169
2620	1169
2621	1169
2622	1169
2623	1169
2624	1169
2625	1169
2626	1169
2627	1169
2628	1169
2629	1169
2630	1169
2631	1169
2632	1169
2633	1169
2634	1169
2635	1169
2636	1169
2637	1169
2638	1169
2639	1169
2640	1169
2641	1169
2642	1169
2643	1169
2644	1170
2645	1170
2646	1170
2647	1170
2648	1170
2649	1170
2650	1170
2651	1170
2652	1170
2653	1170
2654	1170
2655	1170
2656	1170
2657	1170
2658	1170
2659	1170
2660	1170
2661	1170
2662	1170
2663	1170
2664	1170
2665	1171
2666	1172
2667	1172
2668	1172
2669	1172
2670	1172
2671	1172
2672	1172
2673	1172
2674	1172
2675	1172
2676	1172
2677	1172
2678	1172
2679	1172
2680	1172
2681	1172
2682	1172
2683	1172
2684	1172
2685	1172
2686	1172
2687	1173
2688	1173
2689	1173
2690	1173
2691	1173
2692	1173
2693	1173
2694	1173
2695	1173
2696	1173
2697	1173
2698	1173
2699	1173
2700	1173
2701	1173
2702	1173
2703	1173
2704	1173
2705	1173
2706	1173
2707	1173
2708	1173
2709	1173
2710	1173
2711	1173
2712	1173
2713	1173
2714	1173
2715	1173
2716	1173
2717	1173
2718	1173
2719	1173
2720	1173
2721	1173
2722	1173
2723	1173
2724	1173
2725	1173
2726	1173
2727	1173
2728	1173
2729	1173
2730	1173
2731	1173
2732	1174
2733	1174
2734	1174
2735	1174
2736	1174
2737	1174
2738	1175
2739	1175
2740	1175
2741	1175
2742	1175
2743	1175
2744	1175
2745	1175
2746	1175
2747	1175
2748	1175
2749	1175
2750	1175
2751	1175
2752	1175
2753	1176
2754	1176
2755	1176
2756	1176
2757	1176
2758	1176
2759	1176
2760	1176
2761	1176
2762	1176
2763	1177
2764	1177
2765	1177
2766	1177
2767	1177
2768	1177
2769	1177
2770	1177
2771	1177
2772	1177
2773	1177
2774	1177
2775	1177
2776	1177
2777	1177
2778	1177
2779	1177
2780	1177
2781	1177
2782	1177
2783	1177
2784	1177
2785	1177
2786	1177
2787	1178
2788	1178
2789	1178
2790	1178
2791	1178
2792	1178
2793	1178
2794	1178
2795	1178
2796	1178
2797	1178
2798	1178
2799	1178
2800	1178
2801	1178
2802	1178
2803	1178
2804	1178
2805	1178
2806	1178
2807	1178
2808	1178
2809	1178
2810	1178
2811	1178
2812	1178
2813	1178
2814	1178
2815	1179
2816	1179
2817	1179
2818	1179
2819	1179
2820	1179
2821	1180
2822	1180
2823	1180
2824	1180
2825	1180
2826	1180
2827	1180
2828	1181
2829	1181
2830	1181
2831	1182
2832	1182
2833	1182
2834	1182
2835	1182
2836	1182
2837	1182
2838	1182
2839	1182
2840	1182
2841	1182
2842	1182
2843	1182
2844	1182
2845	1182
2846	1182
2847	1182
2848	1182
2849	1182
2850	1182
2851	1182
2852	1182
2853	1182
2854	1182
2855	1182
2856	1182
2857	1183
2858	1183
2859	1183
2860	1183
2861	1183
2862	1183
2863	1183
2864	1183
2865	1183
2866	1183
2867	1183
2868	1183
2869	1183
2870	1183
2871	1183
2872	1183
2873	1183
2874	1183
2875	1183
2876	1183
2877	1183
2878	1183
2879	1183
2880	1183
2881	1184
2882	1184
2883	1184
2884	1184
2885	1184
2886	1184
2887	1184
2888	1184
2889	1184
2890	1184
2891	1184
2892	1184
2893	1184
2894	1184
2895	1184
2896	1184
2897	1184
2898	1184
2899	1184
2900	1184
2901	1184
2902	1184
2903	1184
2904	1184
2905	1184
2906	1184
2907	1184
2908	1184
2909	1184
2910	1184
2911	1184
2912	1184
2913	1184
2914	1184
2915	1184
2916	1184
2917	1184
2918	1184
2919	1184
2920	1184
2921	1184
2922	1184
2923	1184
2924	1184
2925	1184
2926	1184
2927	1184
2928	1184
2929	1184
2930	1184
2931	1184
2932	1184
2933	1184
2934	1184
2935	1184
2936	1184
2937	1184
2938	1184
2939	1184
2940	1184
2941	1184
2942	1184
2943	1184
2944	1184
2945	1184
2946	1184
2947	1184
2948	1184
2949	1184
2950	1184
2951	1184
2952	1184
2953	1184
2954	1184
2955	1184
2956	1184
2957	1184
2958	1184
2959	1184
2960	1184
2961	1184
2962	1184
2963	1184
2964	1184
2965	1184
2966	1184
2967	1184
2968	1184
2969	1184
2970	1184
2971	1184
2972	1184
2973	1184
2974	1184
2975	1184
2976	1184
2977	1184
2978	1184
2979	1184
2980	1184
2981	1184
2982	1184
2983	1184
2984	1184
2985	1184
2986	1184
2987	1184
2988	1184
2989	1184
2990	1184
2991	1184
2992	1184
2993	1184
2994	1184
2995	1184
2996	1184
2997	1184
2998	1184
2999	1184
3000	1184
3001	1184
3002	1184
3003	1184
3004	1184
3005	1184
3006	1184
3007	1184
3008	1184
3009	1184
3010	1184
3011	1184
3012	1184
3013	1184
3014	1185
3015	1185
3016	1185
3017	1185
3018	1185
3019	1185
3020	1185
3021	1185
3022	1185
3023	1185
3024	1185
3025	1185
3026	1185
3027	1185
3028	1185
3029	1185
3030	1185
3031	1185
3032	1185
3033	1185
3034	1185
3035	1185
3036	1185
3037	1185
3038	1185
3039	1185
3040	1185
3041	1185
3042	1185
3043	1185
3044	1185
3045	1185
3046	1185
3047	1185
3048	1185
3049	1185
3050	1185
3051	1185
3052	1185
3053	1185
3054	1185
3055	1185
3056	1185
3057	1185
3058	1185
3059	1185
3060	1185
3061	1185
3062	1185
3063	1185
3064	1185
3065	1185
3066	1185
3067	1185
3068	1185
3069	1185
3070	1185
3071	1185
3072	1185
3073	1185
3074	1185
3075	1185
3076	1185
3077	1185
3078	1185
3079	1186
3080	1186
3081	1186
3082	1186
3083	1186
3084	1186
3085	1186
3086	1186
3087	1186
3088	1186
3089	1186
3090	1186
3091	1186
3092	1186
3093	1187
3094	1187
3095	1187
3096	1187
3097	1187
3098	1187
3099	1187
3100	1187
3101	1187
3102	1187
3103	1187
3104	1187
3105	1187
3106	1187
3107	1187
3108	1187
3109	1187
3110	1187
3111	1187
3112	1187
3113	1187
3114	1187
3115	1187
3116	1187
3117	1187
3118	1187
3119	1187
3120	1187
3121	1187
3122	1187
3123	1187
3124	1187
3125	1187
3126	1187
3127	1187
3128	1187
3129	1187
3130	1187
3131	1187
3132	1187
3133	1187
3134	1187
3135	1187
3136	1187
3137	1187
3138	1187
3139	1187
3140	1187
3141	1187
3142	1187
3143	1187
3144	1187
3145	1187
3146	1187
3147	1187
3148	1187
3149	1187
3150	1187
3151	1187
3152	1187
3153	1187
3154	1187
3155	1187
3156	1187
3157	1187
3158	1187
3159	1187
3160	1187
3161	1187
3162	1187
3163	1187
3164	1187
3165	1187
3166	1187
3167	1187
3168	1187
3169	1187
3170	1187
3171	1187
3172	1187
3173	1187
3174	1187
3175	1187
3176	1187
3177	1187
3178	1187
3179	1187
3180	1187
3181	1187
3182	1187
3183	1187
3184	1187
3185	1187
3186	1187
3187	1187
3188	1187
3189	1187
3190	1187
3191	1187
3192	1187
3193	1187
3194	1187
3195	1187
3196	1187
3197	1187
3198	1187
3199	1187
3200	1187
3201	1187
3202	1187
3203	1187
3204	1187
3205	1187
3206	1187
3207	1187
3208	1187
3209	1187
3210	1187
3211	1187
3212	1187
3213	1187
3214	1187
3215	1187
3216	1188
3217	1188
3218	1188
3219	1188
3220	1188
3221	1188
3222	1188
3223	1188
3224	1188
3225	1188
3226	1188
3227	1188
3228	1188
3229	1188
3230	1188
3231	1188
3232	1188
3233	1188
3234	1188
3235	1188
3236	1188
3237	1188
3238	1188
3239	1188
3240	1189
3241	1189
3242	1189
3243	1189
3244	1189
3245	1189
3246	1189
3247	1189
3248	1189
3249	1189
3250	1189
3251	1189
3252	1189
3253	1189
3254	1189
3255	1189
3256	1189
3257	1189
3258	1189
3259	1189
3260	1189
3261	1189
3262	1189
3263	1189
3264	1189
3265	1189
3266	1189
3267	1189
3268	1189
3269	1189
3270	1189
3271	1189
3272	1189
3273	1189
3274	1189
3275	1189
3276	1189
3277	1189
3278	1189
3279	1189
3280	1189
3281	1189
3282	1189
3283	1189
3284	1189
3285	1189
3286	1189
3287	1189
3288	1189
3289	1189
3290	1189
3291	1189
3292	1189
3293	1189
3294	1189
3295	1189
3296	1189
3297	1189
3298	1189
3299	1189
3300	1189
3301	1189
3302	1189
3303	1189
3304	1189
3305	1189
3306	1189
3307	1189
3308	1189
3309	1189
3310	1189
3311	1189
3312	1189
3313	1189
3314	1189
3315	1189
3316	1189
3317	1189
3318	1189
3319	1189
3320	1189
3321	1189
3322	1189
3323	1189
3324	1189
3325	1189
3326	1189
3327	1189
3328	1189
3329	1189
3330	1189
3331	1189
3332	1189
3333	1189
3334	1189
3335	1189
3336	1189
3337	1189
3338	1189
3339	1189
3340	1189
3341	1189
3342	1189
3343	1189
3344	1189
3345	1189
3346	1189
3347	1189
3348	1189
3349	1189
3350	1189
3351	1189
3352	1189
3353	1189
3354	1189
3355	1189
3356	1189
3357	1189
3358	1189
3359	1189
3360	1189
3361	1189
3362	1189
3363	1189
3364	1189
3365	1189
3366	1189
3367	1189
3368	1189
3369	1189
3370	1189
3371	1189
3372	1189
3373	1189
3374	1189
3375	1189
3376	1189
3377	1189
3378	1189
3379	1189
3380	1189
3381	1189
3382	1189
3383	1189
3384	1189
3385	1189
3386	1189
3387	1189
3388	1189
3389	1189
3390	1189
3391	1189
3392	1189
3393	1189
3394	1189
3395	1189
3396	1189
3397	1189
3398	1189
3399	1189
3400	1189
3401	1189
3402	1189
3403	1189
3404	1189
3405	1189
3406	1189
3407	1189
3408	1189
3409	1189
3410	1189
3411	1189
3412	1189
3413	1189
3414	1189
3415	1189
3416	1189
3417	1189
3418	1189
3419	1189
3420	1189
3421	1189
3422	1189
3423	1189
3424	1189
3425	1189
3426	1189
3427	1189
3428	1189
3429	1189
3430	1189
3431	1189
3432	1189
3433	1189
3434	1189
3435	1189
3436	1189
3437	1189
3438	1189
3439	1189
3440	1189
3441	1189
3442	1189
3443	1189
3444	1189
3445	1189
3446	1189
3447	1189
3448	1189
3449	1189
3450	1189
3451	1189
3452	1189
3453	1189
3454	1189
3455	1189
3456	1189
3457	1189
3458	1189
3459	1189
3460	1189
3461	1189
3462	1189
3463	1189
3464	1189
3465	1189
3466	1189
3467	1189
3468	1189
3469	1189
3470	1189
3471	1189
3472	1189
3473	1189
3474	1189
3475	1189
3476	1189
3477	1189
3478	1190
3479	1190
3480	1190
3481	1190
3482	1190
3483	1190
3484	1190
3485	1190
3486	1190
3487	1190
3488	1190
3489	1190
3490	1190
3491	1190
3492	1190
3493	1190
3494	1190
3495	1190
3496	1190
3497	1190
3498	1190
3499	1190
3500	1190
3501	1191
3502	1191
3503	1191
3504	1191
3505	1191
3506	1191
3507	1191
3508	1191
3509	1191
3510	1191
3511	1191
3512	1191
3513	1191
3514	1191
3515	1191
3516	1191
3517	1191
3518	1191
3519	1191
3520	1191
3521	1191
3522	1191
3523	1191
3524	1191
3525	1191
3526	1192
3527	1192
3528	1192
3529	1192
3530	1192
3531	1192
3532	1192
3533	1192
3534	1192
3535	1192
3536	1192
3537	1192
3538	1192
3539	1192
3540	1192
3541	1192
3542	1192
3543	1192
3544	1192
3545	1192
3546	1192
3547	1192
3548	1192
3549	1193
3550	1193
3551	1193
3552	1193
3553	1193
3554	1193
3555	1193
3556	1193
3557	1193
3558	1193
3559	1193
3560	1193
3561	1193
3562	1193
3563	1193
3564	1193
3565	1193
3566	1193
3567	1193
3568	1193
3569	1193
3570	1193
3571	1193
3572	1193
3573	1193
3574	1193
3575	1193
3576	1193
3577	1193
3578	1193
3579	1193
3580	1193
3581	1193
3582	1193
3583	1193
3584	1193
3585	1193
3586	1193
3587	1193
3588	1193
3589	1193
3590	1193
3591	1193
3592	1193
3593	1193
3594	1193
3595	1193
3596	1193
3597	1193
3598	1193
3599	1193
3600	1193
3601	1193
3602	1193
3603	1193
3604	1193
3605	1193
3606	1193
3607	1193
3608	1193
3609	1193
3610	1193
3611	1193
3612	1193
3613	1193
3614	1193
3615	1193
3616	1193
3617	1193
3618	1193
3619	1193
3620	1193
3621	1193
3622	1193
3623	1193
3624	1193
3625	1193
3626	1193
3627	1193
3628	1193
3629	1193
3630	1193
3631	1193
3632	1193
3633	1193
3634	1193
3635	1193
3636	1193
3637	1193
3638	1193
3639	1193
3640	1193
3641	1193
3642	1193
3643	1193
3644	1193
3645	1193
3646	1193
3647	1193
3648	1193
3649	1193
3650	1193
3651	1193
3652	1193
3653	1193
3654	1193
3655	1193
3656	1193
3657	1193
3658	1193
3659	1193
3660	1193
3661	1193
3662	1193
3663	1193
3664	1193
3665	1193
3666	1193
3667	1193
3668	1193
3669	1193
3670	1193
3671	1193
3672	1193
3673	1193
3674	1193
3675	1193
3676	1193
3677	1193
3678	1193
3679	1193
3680	1193
3681	1193
3682	1193
3683	1193
3684	1193
3685	1193
3686	1193
3687	1193
3688	1193
3689	1193
3690	1193
3691	1193
3692	1193
3693	1193
3694	1193
3695	1193
3696	1193
3697	1193
3698	1193
3699	1193
3700	1193
3701	1193
3702	1193
3703	1193
3704	1193
3705	1193
3706	1193
3707	1193
3708	1193
3709	1193
3710	1193
3711	1193
3712	1193
3713	1193
3714	1193
3715	1193
3716	1193
3717	1193
3718	1193
3719	1193
3720	1193
3721	1193
3722	1193
3723	1193
3724	1193
3725	1193
3726	1193
3727	1193
3728	1193
3729	1193
3730	1193
3731	1193
3732	1193
3733	1193
3734	1193
3735	1193
3736	1193
3737	1193
3738	1193
3739	1193
3740	1193
3741	1193
3742	1193
3743	1193
3744	1193
3745	1193
3746	1193
3747	1193
3748	1194
3749	1194
3750	1194
3751	1194
3752	1194
3753	1194
3754	1194
3755	1194
3756	1194
3757	1194
3758	1194
3759	1194
3760	1194
3761	1194
3762	1194
3763	1194
3764	1194
3765	1194
3766	1194
3767	1194
3768	1194
3769	1194
3770	1194
3771	1194
3772	1194
3773	1194
3774	1194
3775	1194
3776	1194
3777	1194
3778	1194
3779	1194
3780	1194
3781	1194
3782	1194
3783	1194
3784	1194
3785	1194
3786	1194
3787	1194
3788	1194
3789	1194
3790	1194
3791	1194
3792	1194
3793	1194
3794	1194
3795	1194
3796	1194
3797	1194
3798	1194
3799	1194
3800	1194
3801	1194
3802	1194
3803	1194
3804	1194
3805	1194
3806	1194
3807	1194
3808	1194
3809	1194
3810	1194
3811	1194
3812	1194
3813	1194
3814	1194
3815	1194
3816	1194
3817	1194
3818	1194
3819	1194
3820	1194
3821	1194
3822	1194
3823	1194
3824	1194
3825	1194
3826	1194
3827	1194
3828	1194
3829	1194
3830	1194
3831	1194
3832	1194
3833	1194
3834	1194
3835	1194
3836	1194
3837	1194
3838	1194
3839	1194
3840	1194
3841	1194
3842	1194
3843	1194
3844	1194
3845	1194
3846	1194
3847	1194
3848	1194
3849	1194
3850	1194
3851	1194
3852	1194
3853	1194
3854	1194
3855	1194
3856	1194
3857	1194
3858	1194
3859	1194
3860	1194
3861	1194
3862	1194
3863	1194
3864	1194
3865	1194
3866	1194
3867	1194
3868	1194
3869	1194
3870	1194
3871	1194
3872	1194
3873	1194
3874	1194
3875	1194
3876	1194
3877	1194
3878	1194
3879	1194
3880	1194
3881	1194
3882	1194
3883	1194
3884	1194
3885	1194
3886	1194
3887	1194
3888	1194
3889	1194
3890	1194
3891	1194
3892	1194
3893	1194
3894	1194
3895	1194
3896	1194
3897	1194
3898	1194
3899	1194
3900	1194
3901	1194
3902	1194
3903	1194
3904	1194
3905	1194
3906	1194
3907	1194
3908	1194
3909	1194
3910	1194
3911	1194
3912	1194
3913	1194
3914	1194
3915	1194
3916	1194
3917	1194
3918	1194
3919	1194
3920	1194
3921	1194
3922	1194
3923	1194
3924	1194
3925	1194
3926	1194
3927	1194
3928	1194
3929	1194
3930	1194
3931	1194
3932	1194
3933	1194
3934	1194
3935	1194
3936	1194
3937	1194
3938	1194
3939	1194
3940	1194
3941	1194
3942	1194
3943	1194
3944	1194
3945	1194
3946	1194
3947	1194
3948	1194
3949	1194
3950	1194
3951	1194
3952	1194
3953	1194
3954	1194
3955	1194
3956	1194
3957	1194
3958	1194
3959	1194
3960	1194
3961	1194
3962	1194
3963	1195
3964	1195
3965	1195
3966	1195
3967	1195
3968	1195
3969	1195
3970	1195
3971	1195
3972	1195
3973	1195
3974	1195
3975	1195
3976	1195
3977	1195
3978	1195
3979	1195
3980	1195
3981	1195
3982	1195
3983	1195
3984	1195
3985	1195
3986	1195
3987	1195
3988	1195
3989	1195
3990	1195
3991	1195
3992	1195
3993	1195
3994	1195
3995	1195
3996	1195
3997	1195
3998	1195
3999	1195
4000	1195
4001	1195
4002	1195
4003	1195
4004	1195
4005	1195
4006	1195
4007	1195
4008	1195
4009	1195
4010	1195
4011	1195
4012	1195
4013	1195
4014	1195
4015	1195
4016	1195
4017	1195
4018	1195
4019	1195
4020	1195
4021	1195
4022	1195
4023	1195
4024	1195
4025	1195
4026	1195
4027	1195
4028	1195
4029	1195
4030	1195
4031	1195
4032	1195
4033	1195
4034	1195
4035	1195
4036	1195
4037	1195
4038	1195
4039	1195
4040	1195
4041	1195
4042	1195
4043	1195
4044	1195
4045	1195
4046	1195
4047	1195
4048	1195
4049	1195
4050	1195
4051	1195
4052	1195
4053	1195
4054	1195
4055	1195
4056	1195
4057	1195
4058	1195
4059	1195
4060	1195
4061	1195
4062	1195
4063	1195
4064	1195
4065	1195
4066	1195
4067	1195
4068	1195
4069	1195
4070	1195
4071	1195
4072	1195
4073	1195
4074	1195
4075	1195
4076	1195
4077	1195
4078	1195
4079	1195
4080	1195
4081	1195
4082	1195
4083	1195
4084	1195
4085	1195
4086	1195
4087	1195
4088	1195
4089	1196
4090	1196
4091	1196
4092	1196
4093	1196
4094	1196
4095	1196
4096	1196
4097	1196
4098	1196
4099	1196
4100	1196
4101	1196
4102	1196
4103	1196
4104	1196
4105	1196
4106	1196
4107	1196
4108	1196
4109	1196
4110	1196
4111	1196
4112	1196
4113	1196
4114	1196
4115	1196
4116	1196
4117	1196
4118	1196
4119	1196
4120	1196
4121	1196
4122	1196
4123	1196
4124	1196
4125	1196
4126	1196
4127	1196
4128	1196
4129	1196
4130	1196
4131	1196
4132	1196
4133	1196
4134	1196
4135	1197
4136	1197
4137	1197
4138	1197
4139	1197
4140	1197
4141	1197
4142	1197
4143	1197
4144	1197
4145	1197
4146	1197
4147	1197
4148	1197
4149	1197
4150	1197
4151	1197
4152	1197
4153	1197
4154	1197
4155	1197
4156	1197
4157	1197
4158	1197
4159	1197
4160	1197
4161	1197
4162	1197
4163	1197
4164	1197
4165	1197
4166	1197
4167	1197
4168	1197
4169	1197
4170	1197
4171	1197
4172	1197
4173	1197
4174	1197
4175	1197
4176	1197
4177	1197
4178	1197
4179	1197
4180	1197
4181	1197
4182	1197
4183	1197
4184	1197
4185	1197
4186	1197
4187	1197
4188	1197
4189	1197
4190	1197
4191	1197
4192	1197
4193	1197
4194	1197
4195	1197
4196	1197
4197	1197
4198	1197
4199	1197
4200	1197
4201	1197
4202	1197
4203	1197
4204	1197
4205	1197
4206	1197
4207	1197
4208	1197
4209	1197
4210	1197
4211	1197
4212	1197
4213	1197
4214	1197
4215	1197
4216	1197
4217	1197
4218	1197
4219	1197
4220	1197
4221	1197
4222	1197
4223	1197
4224	1197
4225	1197
4226	1197
4227	1197
4228	1197
4229	1197
4230	1197
4231	1197
4232	1197
4233	1197
4234	1197
4235	1197
4236	1197
4237	1197
4238	1197
4239	1197
4240	1197
4241	1197
4242	1197
4243	1197
4244	1197
4245	1197
4246	1197
4247	1197
4248	1197
4249	1197
4250	1197
4251	1197
4252	1197
4253	1197
4254	1197
4255	1197
4256	1197
4257	1197
4258	1197
4259	1197
4260	1197
4261	1197
4262	1197
4263	1197
4264	1197
4265	1197
4266	1197
4267	1197
4268	1197
4269	1197
4270	1197
4271	1197
4272	1197
4273	1197
4274	1197
4275	1197
4276	1197
4277	1197
4278	1197
4279	1197
4280	1197
4281	1197
4282	1197
4283	1197
4284	1197
4285	1197
4286	1197
4287	1197
4288	1197
4289	1197
4290	1197
4291	1197
4292	1197
4293	1197
4294	1197
4295	1197
4296	1197
4297	1197
4298	1197
4299	1197
4300	1197
4301	1197
4302	1197
4303	1197
4304	1197
4305	1197
4306	1197
4307	1197
4308	1197
4309	1197
4310	1197
4311	1197
4312	1198
4313	1198
4314	1198
4315	1198
4316	1198
4317	1198
4318	1198
4319	1198
4320	1198
4321	1198
4322	1198
4323	1198
4324	1198
4325	1198
4326	1198
4327	1198
4328	1198
4329	1198
4330	1198
4331	1198
4332	1198
4333	1198
4334	1198
4335	1198
4336	1198
4337	1198
4338	1198
4339	1198
4340	1198
4341	1198
4342	1198
4343	1198
4344	1198
4345	1198
4346	1198
4347	1198
4348	1198
4349	1198
4350	1198
4351	1198
4352	1198
4353	1198
4354	1198
4355	1198
4356	1198
4357	1198
4358	1198
4359	1198
4360	1198
4361	1198
4362	1198
4363	1198
4364	1198
4365	1198
4366	1198
4367	1198
4368	1198
4369	1198
4370	1198
4371	1198
4372	1198
4373	1198
4374	1198
4375	1198
4376	1198
4377	1198
4378	1198
4379	1198
4380	1198
4381	1198
4382	1198
4383	1198
4384	1198
4385	1198
4386	1198
4387	1198
4388	1198
4389	1198
4390	1198
4391	1198
4392	1198
4393	1198
4394	1198
4395	1198
4396	1198
4397	1198
4398	1198
4399	1198
4400	1198
4401	1198
4402	1198
4403	1198
4404	1198
4405	1198
4406	1198
4407	1198
4408	1198
4409	1198
4410	1198
4411	1198
4412	1198
4413	1198
4414	1198
4415	1198
4416	1198
4417	1198
4418	1198
4419	1198
4420	1198
4421	1198
4422	1198
4423	1198
4424	1198
4425	1198
4426	1198
4427	1198
4428	1198
4429	1198
4430	1198
4431	1198
4432	1198
4433	1198
4434	1198
4435	1198
4436	1198
4437	1198
4438	1198
4439	1198
4440	1198
4441	1198
4442	1198
4443	1198
4444	1198
4445	1198
4446	1198
4447	1198
4448	1198
4449	1198
4450	1198
4451	1198
4452	1198
4453	1198
4454	1198
4455	1198
4456	1198
4457	1198
4458	1198
4459	1198
4460	1198
4461	1198
4462	1198
4463	1198
4464	1198
4465	1198
4466	1198
4467	1198
4468	1198
4469	1198
4470	1198
4471	1198
4472	1198
4473	1198
4474	1198
4475	1198
4476	1198
4477	1198
4478	1198
4479	1198
4480	1198
4481	1198
4482	1198
4483	1198
4484	1198
4485	1198
4486	1198
4487	1198
4488	1198
4489	1198
4490	1198
4491	1198
4492	1198
4493	1198
4494	1198
4495	1198
4496	1198
4497	1198
4498	1198
4499	1198
4500	1198
4501	1198
4502	1198
4503	1198
4504	1198
4505	1198
4506	1198
4507	1198
4508	1198
4509	1198
4510	1198
4511	1198
4512	1198
4513	1198
4514	1198
4515	1198
4516	1198
4517	1198
4518	1198
4519	1198
4520	1198
4521	1198
4522	1198
4523	1198
4524	1198
4525	1198
4526	1198
4527	1198
4528	1198
4529	1198
4530	1198
4531	1198
4532	1198
4533	1198
4534	1198
4535	1198
4536	1198
4537	1198
4538	1198
4539	1198
4540	1198
4541	1198
4542	1198
4543	1198
4544	1198
4545	1198
4546	1198
4547	1198
4548	1198
4549	1198
4550	1198
4551	1198
4552	1198
4553	1198
4554	1198
4555	1198
4556	1198
4557	1198
4558	1198
4559	1198
4560	1198
4561	1198
4562	1198
4563	1198
4564	1198
4565	1198
4566	1198
4567	1198
4568	1198
4569	1198
4570	1198
4571	1198
4572	1198
4573	1198
4574	1198
4575	1198
4576	1198
4577	1198
4578	1198
4579	1198
4580	1198
4581	1198
4582	1198
4583	1198
4584	1198
4585	1198
4586	1198
4587	1198
4588	1198
4589	1198
4590	1198
4591	1198
4592	1198
4593	1198
4594	1198
4595	1198
4596	1198
4597	1198
4598	1198
4599	1198
4600	1198
4601	1198
4602	1198
4603	1198
4604	1198
4605	1198
4606	1198
4607	1198
4608	1198
4609	1198
4610	1198
4611	1198
4612	1198
4613	1198
4614	1198
4615	1198
4616	1198
4617	1198
4618	1198
4619	1198
4620	1198
4621	1198
4622	1198
4623	1198
4624	1198
4625	1198
4626	1198
4627	1198
4628	1198
4629	1198
4630	1198
4631	1198
4632	1198
4633	1198
4634	1198
4635	1198
4636	1198
4637	1198
4638	1198
4639	1198
4640	1198
4641	1198
4642	1198
4643	1198
4644	1198
4645	1198
4646	1198
4647	1198
4648	1198
4649	1198
4650	1198
4651	1198
4652	1198
4653	1198
4654	1198
4655	1198
4656	1198
4657	1198
4658	1198
4659	1198
4660	1198
4661	1198
4662	1198
4663	1198
4664	1198
4665	1198
4666	1198
4667	1198
4668	1199
4669	1199
4670	1199
4671	1199
4672	1199
4673	1199
4674	1199
4675	1199
4676	1199
4677	1199
4678	1199
4679	1199
4680	1199
4681	1199
4682	1199
4683	1199
4684	1199
4685	1199
4686	1199
4687	1199
4688	1199
4689	1199
4690	1199
4691	1199
4692	1199
4693	1199
4694	1199
4695	1199
4696	1199
4697	1199
4698	1199
4699	1199
4700	1199
4701	1199
4702	1199
4703	1199
4704	1199
4705	1199
4706	1199
4707	1199
4708	1199
4709	1199
4710	1199
4711	1199
4712	1199
4713	1199
4714	1199
4715	1199
4716	1199
4717	1199
4718	1199
4719	1199
4720	1199
4721	1199
4722	1199
4723	1199
4724	1199
4725	1199
4726	1199
4727	1199
4728	1199
4729	1199
4730	1199
4731	1199
4732	1199
4733	1199
4734	1199
4735	1199
4736	1199
4737	1199
4738	1199
4739	1199
4740	1199
4741	1199
4742	1199
4743	1199
4744	1199
4745	1199
4746	1199
4747	1199
4748	1199
4749	1199
4750	1199
4751	1199
4752	1199
4753	1199
4754	1199
4755	1199
4756	1199
4757	1199
4758	1199
4759	1199
4760	1199
4761	1199
4762	1199
4763	1199
4764	1199
4765	1199
4766	1199
4767	1199
4768	1199
4769	1199
4770	1199
4771	1199
4772	1199
4773	1199
4774	1199
4775	1199
4776	1199
4777	1199
4778	1199
4779	1199
4780	1199
4781	1199
4782	1199
4783	1199
4784	1199
4785	1199
4786	1199
4787	1199
4788	1199
4789	1199
4790	1199
4791	1199
4792	1199
4793	1199
4794	1199
4795	1199
4796	1199
4797	1199
4798	1199
4799	1199
4800	1199
4801	1199
4802	1199
4803	1199
4804	1199
4805	1199
4806	1199
4807	1199
4808	1199
4809	1199
4810	1199
4811	1199
4812	1199
4813	1199
4814	1199
4815	1199
4816	1199
4817	1199
4818	1199
4819	1199
4820	1199
4821	1199
4822	1199
4823	1199
4824	1199
4825	1199
4826	1199
4827	1199
4828	1199
4829	1199
4830	1199
4831	1199
4832	1199
4833	1199
4834	1199
4835	1199
4836	1199
4837	1199
4838	1199
4839	1199
4840	1199
4841	1199
4842	1199
4843	1199
4844	1199
4845	1199
4846	1199
4847	1199
4848	1199
4849	1199
4850	1199
4851	1199
4852	1199
4853	1199
4854	1199
4855	1199
4856	1199
4857	1199
4858	1199
4859	1199
4860	1199
4861	1199
4862	1199
4863	1199
4864	1199
4865	1199
4866	1199
4867	1199
4868	1199
4869	1199
4870	1199
4871	1199
4872	1199
4873	1199
4874	1199
4875	1199
4876	1199
4877	1199
4878	1199
4879	1199
4880	1199
4881	1199
4882	1199
4883	1199
4884	1199
4885	1199
4886	1199
4887	1199
4888	1199
4889	1199
4890	1199
4891	1199
4892	1199
4893	1199
4894	1199
4895	1199
4896	1199
4897	1199
4898	1199
4899	1199
4900	1199
4901	1199
4902	1199
4903	1199
4904	1199
4905	1199
4906	1199
4907	1199
4908	1199
4909	1199
4910	1199
4911	1199
4912	1199
4913	1199
4914	1199
4915	1199
4916	1199
4917	1199
4918	1199
4919	1199
4920	1199
4921	1199
4922	1199
4923	1199
4924	1199
4925	1199
4926	1199
4927	1199
4928	1199
4929	1199
4930	1199
4931	1199
4932	1199
4933	1199
4934	1199
4935	1199
4936	1199
4937	1199
4938	1199
4939	1199
4940	1199
4941	1199
4942	1199
4943	1199
4944	1199
4945	1199
4946	1199
4947	1199
4948	1199
4949	1199
4950	1199
4951	1199
4952	1199
4953	1199
4954	1199
4955	1199
4956	1199
4957	1199
4958	1199
4959	1199
4960	1199
4961	1199
4962	1199
4963	1199
4964	1199
4965	1199
4966	1199
4967	1199
4968	1199
4969	1199
4970	1199
4971	1199
4972	1199
4973	1199
4974	1199
4975	1199
4976	1199
4977	1199
4978	1199
4979	1199
4980	1199
4981	1199
4982	1199
4983	1199
4984	1199
4985	1199
4986	1199
4987	1199
4988	1199
4989	1199
4990	1199
4991	1199
4992	1199
4993	1199
4994	1199
4995	1199
4996	1199
4997	1199
4998	1199
4999	1199

