0	0
1	0
2	0
3	0
4	0
5	0
6	0
7	0
8	0
9	0
10	0
11	0
12	0
13	0
14	0
15	0
16	0
17	0
18	0
19	0
20	0
21	0
22	0
23	0
24	0
25	0
26	0
27	0
28	0
29	0
30	0
31	0
32	0
33	0
34	0
35	0
36	0
37	0
38	0
39	0
40	0
41	0
42	0
43	0
44	0
45	0
46	0
47	0
48	0
49	0
50	0
51	0
52	0
53	0
54	0
55	0
56	0
57	0
58	0
59	0
60	0
61	0
62	0
63	0
64	0
65	0
66	0
67	0
68	0
69	0
70	0
71	0
72	0
73	0
74	1
75	1
76	1
77	1
78	1
79	1
80	1
81	1
82	1
83	1
84	1
85	1
86	2
87	2
88	2
89	2
90	2
91	3
92	3
93	3
94	3
95	3
96	3
97	3
98	3
99	3
100	4
101	6
102	6
103	6
104	7
105	8
106	8
107	10
108	10
109	10
110	10
111	11
112	12
113	13
114	13
115	14
116	15
117	15
118	18
119	18
120	19
121	20
122	20
123	20
124	22
125	22
126	22
127	23
128	24
129	24
130	24
131	26
132	29
133	31
134	32
135	33
136	34
137	34
138	35
139	37
140	37
141	38
142	40
143	41
144	42
145	45
146	46
147	46
148	47
149	47
150	48
151	50
152	52
153	55
154	57
155	57
156	61
157	62
158	64
159	66
160	69
161	70
162	72
163	75
164	77
165	79
166	79
167	80
168	87
169	87
170	88
171	92
172	94
173	96
174	98
175	102
176	102
177	103
178	105
179	107
180	108
181	110
182	111
183	112
184	114
185	116
186	117
187	119
188	121
189	123
190	126
191	130
192	132
193	134
194	136
195	138
196	140
197	143
198	145
199	148
200	149
201	149
202	152
203	152
204	154
205	154
206	154
207	156
208	157
209	159
210	162
211	166
212	168
213	169
214	172
215	173
216	174
217	177
218	178
219	180
220	182
221	183
222	184
223	185
224	186
225	187
226	188
227	191
228	192
229	193
230	194
231	195
232	195
233	198
234	200
235	202
236	206
237	206
238	210
239	212
240	213
241	215
242	216
243	219
244	221
245	223
246	224
247	227
248	229
249	229
250	232
251	236
252	238
253	240
254	242
255	244
256	245
257	246
258	248
259	251
260	255
261	257
262	258
263	261
264	262
265	262
266	262
267	263
268	265
269	269
270	270
271	271
272	273
273	274
274	276
275	279
276	280
277	283
278	284
279	285
280	288
281	291
282	293
283	294
284	295
285	296
286	297
287	297
288	299
289	300
290	301
291	302
292	303
293	307
294	308
295	310
296	312
297	313
298	315
299	318
300	321
301	321
302	322
303	323
304	325
305	326
306	328
307	328
308	331
309	332
310	332
311	334
312	335
313	337
314	338
315	338
316	340
317	340
318	341
319	343
320	343
321	344
322	346
323	347
324	354
325	355
326	357
327	359
328	361
329	362
330	364
331	364
332	365
333	365
334	365
335	366
336	367
337	371
338	373
339	373
340	373
341	375
342	377
343	378
344	379
345	382
346	384
347	384
348	386
349	388
350	390
351	392
352	393
353	393
354	395
355	395
356	396
357	397
358	399
359	399
360	400
361	401
362	401
363	401
364	403
365	403
366	403
367	405
368	408
369	410
370	411
371	414
372	416
373	417
374	418
375	421
376	422
377	422
378	424
379	425
380	427
381	427
382	429
383	430
384	430
385	432
386	432
387	432
388	432
389	432
390	433
391	433
392	435
393	435
394	435
395	437
396	439
397	439
398	441
399	442
400	445
401	447
402	452
403	452
404	453
405	456
406	456
407	456
408	458
409	459
410	460
411	461
412	462
413	464
414	464
415	465
416	466
417	467
418	467
419	467
420	469
421	472
422	474
423	475
424	477
425	477
426	477
427	477
428	478
429	478
430	479
431	480
432	481
433	481
434	481
435	483
436	483
437	485
438	486
439	487
440	488
441	488
442	488
443	489
444	490
445	492
446	493
447	493
448	494
449	496
450	496
451	499
452	500
453	502
454	503
455	505
456	507
457	507
458	507
459	509
460	511
461	511
462	512
463	514
464	514
465	514
466	514
467	514
468	517
469	518
470	518
471	518
472	519
473	520
474	521
475	522
476	522
477	522
478	523
479	525
480	527
481	530
482	534
483	536
484	538
485	538
486	538
487	538
488	539
489	540
490	540
491	541
492	542
493	542
494	542
495	543
496	543
497	543
498	543
499	544
500	544
501	544
502	545
503	546
504	546
505	548
506	548
507	549
508	550
509	554
510	556
511	557
512	558
513	560
514	560
515	560
516	560
517	560
518	561
519	562
520	563
521	563
522	564
523	565
524	566
525	566
526	568
527	569
528	569
529	569
530	569
531	570
532	572
533	572
534	574
535	574
536	575
537	576
538	576
539	578
540	581
541	582
542	583
543	583
544	584
545	585
546	586
547	587
548	588
549	590
550	591
551	592
552	593
553	593
554	594
555	594
556	595
557	595
558	595
559	597
560	598
561	598
562	600
563	600
564	600
565	601
566	602
567	603
568	604
569	604
570	605
571	605
572	606
573	608
574	610
575	611
576	611
577	611
578	613
579	613
580	613
581	614
582	614
583	615
584	615
585	616
586	617
587	618
588	618
589	621
590	621
591	622
592	622
593	622
594	622
595	624
596	624
597	625
598	625
599	627
600	627
601	627
602	627
603	629
604	629
605	630
606	633
607	635
608	636
609	637
610	638
611	638
612	638
613	638
614	640
615	641
616	642
617	642
618	642
619	642
620	642
621	643
622	646
623	647
624	648
625	649
626	651
627	653
628	653
629	655
630	655
631	655
632	655
633	655
634	656
635	659
636	661
637	661
638	661
639	661
640	661
641	663
642	664
643	666
644	666
645	667
646	668
647	668
648	670
649	670
650	671
651	672
652	672
653	672
654	673
655	673
656	674
657	675
658	675
659	675
660	678
661	678
662	678
663	678
664	678
665	680
666	682
667	682
668	683
669	683
670	684
671	685
672	685
673	686
674	688
675	688
676	689
677	689
678	691
679	691
680	692
681	693
682	695
683	697
684	697
685	698
686	699
687	701
688	701
689	701
690	701
691	701
692	702
693	702
694	703
695	705
696	705
697	706
698	706
699	707
700	708
701	709
702	710
703	711
704	713
705	713
706	715
707	718
708	720
709	720
710	720
711	720
712	720
713	720
714	720
715	722
716	722
717	722
718	723
719	724
720	724
721	726
722	726
723	726
724	726
725	726
726	726
727	726
728	726
729	728
730	729
731	730
732	731
733	732
734	732
735	733
736	733
737	733
738	734
739	734
740	734
741	736
742	738
743	738
744	739
745	739
746	739
747	739
748	739
749	741
750	743
751	743
752	744
753	745
754	745
755	747
756	747
757	748
758	750
759	750
760	751
761	751
762	751
763	752
764	753
765	753
766	755
767	755
768	755
769	756
770	756
771	758
772	758
773	759
774	760
775	760
776	761
777	764
778	765
779	766
780	766
781	767
782	768
783	768
784	769
785	771
786	771
787	773
788	773
789	773
790	774
791	775
792	777
793	777
794	778
795	778
796	778
797	778
798	779
799	782
800	783
801	784
802	785
803	785
804	786
805	786
806	786
807	786
808	787
809	787
810	787
811	787
812	787
813	787
814	788
815	788
816	789
817	791
818	792
819	793
820	793
821	793
822	794
823	795
824	796
825	796
826	796
827	796
828	796
829	796
830	796
831	796
832	797
833	798
834	799
835	800
836	800
837	803
838	804
839	805
840	806
841	807
842	808
843	809
844	811
845	811
846	812
847	813
848	813
849	814
850	814
851	814
852	814
853	814
854	815
855	816
856	817
857	820
858	820
859	820
860	820
861	820
862	820
863	822
864	824
865	824
866	825
867	825
868	826
869	828
870	828
871	829
872	829
873	829
874	829
875	829
876	829
877	829
878	829
879	831
880	832
881	833
882	835
883	835
884	835
885	835
886	836
887	836
888	836
889	837
890	837
891	837
892	839
893	839
894	840
895	840
896	841
897	841
898	843
899	843
900	843
901	844
902	846
903	846
904	846
905	846
906	846
907	846
908	847
909	847
910	848
911	849
912	850
913	850
914	850
915	851
916	851
917	851
918	851
919	852
920	852
921	852
922	852
923	853
924	854
925	854
926	855
927	859
928	859
929	861
930	862
931	862
932	862
933	862
934	862
935	862
936	863
937	863
938	864
939	864
940	864
941	866
942	867
943	869
944	870
945	870
946	870
947	870
948	870
949	871
950	872
951	872
952	872
953	872
954	872
955	875
956	875
957	876
958	877
959	877
960	878
961	879
962	880
963	881
964	881
965	883
966	884
967	884
968	885
969	885
970	886
971	886
972	886
973	886
974	886
975	887
976	888
977	888
978	888
979	889
980	889
981	889
982	889
983	889
984	891
985	891
986	891
987	892
988	892
989	892
990	892
991	892
992	892
993	893
994	894
995	895
996	896
997	896
998	897
999	897
1000	898
1001	898
1002	899
1003	899
1004	899
1005	899
1006	899
1007	899
1008	899
1009	900
1010	901
1011	901
1012	901
1013	902
1014	902
1015	902
1016	902
1017	904
1018	906
1019	906
1020	906
1021	907
1022	907
1023	907
1024	907
1025	907
1026	907
1027	907
1028	907
1029	908
1030	909
1031	909
1032	909
1033	909
1034	910
1035	910
1036	911
1037	911
1038	911
1039	911
1040	912
1041	913
1042	913
1043	913
1044	914
1045	914
1046	914
1047	914
1048	914
1049	914
1050	914
1051	915
1052	915
1053	915
1054	915
1055	915
1056	916
1057	916
1058	917
1059	918
1060	919
1061	920
1062	920
1063	922
1064	922
1065	922
1066	922
1067	922
1068	922
1069	922
1070	923
1071	924
1072	924
1073	925
1074	925
1075	926
1076	926
1077	926
1078	926
1079	926
1080	927
1081	927
1082	927
1083	928
1084	928
1085	930
1086	930
1087	931
1088	931
1089	931
1090	932
1091	933
1092	933
1093	934
1094	934
1095	934
1096	934
1097	934
1098	934
1099	934
1100	935
1101	936
1102	937
1103	937
1104	938
1105	939
1106	939
1107	939
1108	939
1109	940
1110	941
1111	941
1112	941
1113	943
1114	943
1115	943
1116	943
1117	943
1118	943
1119	944
1120	944
1121	945
1122	948
1123	948
1124	948
1125	949
1126	950
1127	951
1128	953
1129	954
1130	954
1131	954
1132	954
1133	955
1134	956
1135	957
1136	957
1137	957
1138	959
1139	959
1140	959
1141	959
1142	960
1143	960
1144	960
1145	960
1146	960
1147	960
1148	960
1149	960
1150	962
1151	962
1152	962
1153	963
1154	963
1155	963
1156	963
1157	963
1158	964
1159	964
1160	964
1161	964
1162	964
1163	964
1164	964
1165	964
1166	966
1167	966
1168	966
1169	966
1170	966
1171	966
1172	968
1173	969
1174	969
1175	969
1176	970
1177	971
1178	972
1179	972
1180	972
1181	974
1182	974
1183	974
1184	974
1185	974
1186	976
1187	976
1188	977
1189	980
1190	980
1191	980
1192	980
1193	980
1194	980
1195	980
1196	980
1197	981
1198	981
1199	982
1200	983
1201	985
1202	985
1203	987
1204	987
1205	987
1206	987
1207	988
1208	988
1209	988
1210	988
1211	988
1212	988
1213	988
1214	988
1215	988
1216	988
1217	989
1218	989
1219	990
1220	991
1221	991
1222	991
1223	992
1224	992
1225	993
1226	994
1227	995
1228	996
1229	996
1230	997
1231	998
1232	998
1233	999
1234	999
1235	1000
1236	1001
1237	1001
1238	1002
1239	1002
1240	1002
1241	1002
1242	1002
1243	1003
1244	1003
1245	1003
1246	1005
1247	1005
1248	1005
1249	1005
1250	1005
1251	1005
1252	1005
1253	1005
1254	1005
1255	1005
1256	1005
1257	1006
1258	1007
1259	1007
1260	1007
1261	1008
1262	1008
1263	1008
1264	1011
1265	1012
1266	1012
1267	1013
1268	1013
1269	1013
1270	1013
1271	1014
1272	1015
1273	1015
1274	1017
1275	1017
1276	1017
1277	1017
1278	1017
1279	1017
1280	1017
1281	1017
1282	1018
1283	1020
1284	1021
1285	1022
1286	1022
1287	1022
1288	1022
1289	1022
1290	1023
1291	1023
1292	1023
1293	1023
1294	1023
1295	1023
1296	1023
1297	1023
1298	1023
1299	1023
1300	1023
1301	1023
1302	1023
1303	1023
1304	1023
1305	1023
1306	1023
1307	1023
1308	1023
1309	1026
1310	1026
1311	1027
1312	1027
1313	1028
1314	1028
1315	1028
1316	1029
1317	1029
1318	1029
1319	1029
1320	1029
1321	1030
1322	1030
1323	1030
1324	1030
1325	1030
1326	1030
1327	1030
1328	1031
1329	1031
1330	1032
1331	1032
1332	1032
1333	1032
1334	1033
1335	1034
1336	1034
1337	1035
1338	1035
1339	1036
1340	1037
1341	1037
1342	1038
1343	1038
1344	1039
1345	1039
1346	1039
1347	1041
1348	1041
1349	1042
1350	1042
1351	1042
1352	1042
1353	1042
1354	1042
1355	1042
1356	1042
1357	1042
1358	1043
1359	1044
1360	1044
1361	1044
1362	1044
1363	1044
1364	1044
1365	1044
1366	1044
1367	1044
1368	1045
1369	1045
1370	1046
1371	1046
1372	1046
1373	1046
1374	1046
1375	1046
1376	1046
1377	1046
1378	1046
1379	1046
1380	1046
1381	1046
1382	1046
1383	1046
1384	1046
1385	1047
1386	1047
1387	1047
1388	1047
1389	1047
1390	1047
1391	1047
1392	1048
1393	1048
1394	1048
1395	1049
1396	1050
1397	1050
1398	1050
1399	1050
1400	1050
1401	1050
1402	1050
1403	1050
1404	1051
1405	1052
1406	1052
1407	1052
1408	1052
1409	1052
1410	1053
1411	1053
1412	1053
1413	1054
1414	1054
1415	1054
1416	1055
1417	1055
1418	1055
1419	1055
1420	1055
1421	1055
1422	1057
1423	1057
1424	1058
1425	1059
1426	1060
1427	1060
1428	1060
1429	1060
1430	1060
1431	1060
1432	1061
1433	1061
1434	1061
1435	1061
1436	1061
1437	1061
1438	1061
1439	1062
1440	1064
1441	1064
1442	1064
1443	1064
1444	1064
1445	1065
1446	1066
1447	1066
1448	1066
1449	1066
1450	1067
1451	1067
1452	1068
1453	1070
1454	1070
1455	1070
1456	1070
1457	1071
1458	1071
1459	1071
1460	1071
1461	1072
1462	1073
1463	1073
1464	1073
1465	1073
1466	1073
1467	1073
1468	1073
1469	1073
1470	1073
1471	1073
1472	1073
1473	1073
1474	1073
1475	1073
1476	1074
1477	1075
1478	1076
1479	1076
1480	1076
1481	1077
1482	1077
1483	1077
1484	1077
1485	1077
1486	1077
1487	1077
1488	1077
1489	1077
1490	1078
1491	1078
1492	1079
1493	1079
1494	1079
1495	1079
1496	1079
1497	1079
1498	1079
1499	1080
1500	1080
1501	1080
1502	1080
1503	1080
1504	1080
1505	1080
1506	1081
1507	1081
1508	1081
1509	1081
1510	1081
1511	1081
1512	1083
1513	1083
1514	1083
1515	1083
1516	1084
1517	1084
1518	1084
1519	1084
1520	1084
1521	1084
1522	1084
1523	1084
1524	1084
1525	1084
1526	1084
1527	1085
1528	1085
1529	1085
1530	1085
1531	1086
1532	1086
1533	1086
1534	1087
1535	1087
1536	1087
1537	1087
1538	1087
1539	1088
1540	1088
1541	1088
1542	1088
1543	1088
1544	1088
1545	1088
1546	1088
1547	1088
1548	1088
1549	1088
1550	1088
1551	1088
1552	1089
1553	1089
1554	1089
1555	1090
1556	1091
1557	1091
1558	1091
1559	1091
1560	1091
1561	1092
1562	1092
1563	1092
1564	1093
1565	1093
1566	1093
1567	1093
1568	1094
1569	1094
1570	1095
1571	1096
1572	1096
1573	1096
1574	1096
1575	1096
1576	1096
1577	1096
1578	1096
1579	1097
1580	1097
1581	1097
1582	1097
1583	1097
1584	1097
1585	1097
1586	1097
1587	1097
1588	1097
1589	1097
1590	1097
1591	1097
1592	1097
1593	1097
1594	1098
1595	1098
1596	1098
1597	1098
1598	1098
1599	1098
1600	1098
1601	1098
1602	1099
1603	1099
1604	1099
1605	1101
1606	1101
1607	1101
1608	1102
1609	1102
1610	1102
1611	1102
1612	1102
1613	1103
1614	1104
1615	1104
1616	1104
1617	1104
1618	1104
1619	1104
1620	1104
1621	1104
1622	1104
1623	1104
1624	1104
1625	1104
1626	1104
1627	1104
1628	1104
1629	1104
1630	1104
1631	1104
1632	1105
1633	1106
1634	1106
1635	1107
1636	1108
1637	1109
1638	1109
1639	1109
1640	1109
1641	1110
1642	1110
1643	1110
1644	1110
1645	1111
1646	1111
1647	1111
1648	1111
1649	1111
1650	1111
1651	1111
1652	1111
1653	1111
1654	1112
1655	1112
1656	1112
1657	1112
1658	1113
1659	1115
1660	1116
1661	1116
1662	1116
1663	1116
1664	1116
1665	1116
1666	1116
1667	1116
1668	1116
1669	1116
1670	1116
1671	1116
1672	1116
1673	1117
1674	1117
1675	1117
1676	1117
1677	1117
1678	1117
1679	1118
1680	1118
1681	1118
1682	1118
1683	1118
1684	1118
1685	1118
1686	1118
1687	1118
1688	1118
1689	1118
1690	1118
1691	1118
1692	1120
1693	1120
1694	1120
1695	1121
1696	1121
1697	1121
1698	1121
1699	1122
1700	1122
1701	1122
1702	1122
1703	1122
1704	1122
1705	1122
1706	1122
1707	1122
1708	1122
1709	1122
1710	1122
1711	1122
1712	1123
1713	1123
1714	1123
1715	1123
1716	1123
1717	1123
1718	1123
1719	1123
1720	1123
1721	1123
1722	1124
1723	1124
1724	1124
1725	1125
1726	1125
1727	1125
1728	1125
1729	1126
1730	1126
1731	1126
1732	1126
1733	1126
1734	1126
1735	1126
1736	1126
1737	1126
1738	1126
1739	1126
1740	1126
1741	1127
1742	1127
1743	1128
1744	1128
1745	1128
1746	1128
1747	1128
1748	1128
1749	1128
1750	1128
1751	1128
1752	1128
1753	1128
1754	1128
1755	1128
1756	1128
1757	1128
1758	1128
1759	1128
1760	1128
1761	1129
1762	1129
1763	1129
1764	1129
1765	1130
1766	1130
1767	1130
1768	1130
1769	1130
1770	1131
1771	1131
1772	1131
1773	1131
1774	1131
1775	1131
1776	1131
1777	1132
1778	1132
1779	1132
1780	1132
1781	1132
1782	1132
1783	1132
1784	1132
1785	1132
1786	1132
1787	1132
1788	1132
1789	1132
1790	1133
1791	1133
1792	1133
1793	1133
1794	1134
1795	1134
1796	1134
1797	1134
1798	1134
1799	1134
1800	1134
1801	1134
1802	1134
1803	1134
1804	1134
1805	1134
1806	1134
1807	1134
1808	1134
1809	1134
1810	1134
1811	1135
1812	1135
1813	1135
1814	1135
1815	1135
1816	1135
1817	1135
1818	1135
1819	1135
1820	1135
1821	1135
1822	1135
1823	1135
1824	1135
1825	1137
1826	1137
1827	1137
1828	1137
1829	1137
1830	1137
1831	1137
1832	1137
1833	1137
1834	1137
1835	1137
1836	1137
1837	1137
1838	1137
1839	1137
1840	1137
1841	1137
1842	1137
1843	1137
1844	1137
1845	1137
1846	1137
1847	1137
1848	1137
1849	1137
1850	1138
1851	1138
1852	1138
1853	1138
1854	1138
1855	1138
1856	1139
1857	1140
1858	1140
1859	1140
1860	1140
1861	1140
1862	1140
1863	1141
1864	1141
1865	1141
1866	1141
1867	1141
1868	1141
1869	1141
1870	1141
1871	1141
1872	1142
1873	1142
1874	1142
1875	1142
1876	1143
1877	1143
1878	1143
1879	1143
1880	1143
1881	1143
1882	1143
1883	1143
1884	1143
1885	1143
1886	1143
1887	1143
1888	1143
1889	1143
1890	1143
1891	1143
1892	1143
1893	1143
1894	1143
1895	1144
1896	1144
1897	1144
1898	1144
1899	1144
1900	1144
1901	1144
1902	1144
1903	1145
1904	1145
1905	1145
1906	1145
1907	1146
1908	1147
1909	1147
1910	1147
1911	1147
1912	1147
1913	1148
1914	1148
1915	1148
1916	1148
1917	1148
1918	1148
1919	1149
1920	1149
1921	1149
1922	1149
1923	1149
1924	1150
1925	1150
1926	1151
1927	1151
1928	1151
1929	1151
1930	1151
1931	1151
1932	1151
1933	1151
1934	1151
1935	1151
1936	1151
1937	1151
1938	1151
1939	1151
1940	1151
1941	1151
1942	1151
1943	1151
1944	1151
1945	1151
1946	1151
1947	1151
1948	1151
1949	1151
1950	1151
1951	1151
1952	1151
1953	1152
1954	1152
1955	1153
1956	1153
1957	1153
1958	1153
1959	1153
1960	1153
1961	1153
1962	1153
1963	1153
1964	1153
1965	1153
1966	1153
1967	1153
1968	1153
1969	1154
1970	1154
1971	1154
1972	1154
1973	1154
1974	1154
1975	1154
1976	1154
1977	1154
1978	1154
1979	1154
1980	1154
1981	1154
1982	1154
1983	1154
1984	1154
1985	1154
1986	1154
1987	1154
1988	1154
1989	1154
1990	1154
1991	1154
1992	1154
1993	1154
1994	1154
1995	1154
1996	1154
1997	1154
1998	1154
1999	1154
2000	1154
2001	1154
2002	1154
2003	1154
2004	1154
2005	1154
2006	1154
2007	1155
2008	1156
2009	1157
2010	1157
2011	1157
2012	1157
2013	1157
2014	1157
2015	1157
2016	1157
2017	1157
2018	1157
2019	1157
2020	1157
2021	1157
2022	1157
2023	1158
2024	1158
2025	1159
2026	1159
2027	1159
2028	1159
2029	1159
2030	1159
2031	1159
2032	1159
2033	1159
2034	1159
2035	1159
2036	1159
2037	1159
2038	1159
2039	1159
2040	1159
2041	1159
2042	1159
2043	1159
2044	1159
2045	1159
2046	1159
2047	1160
2048	1160
2049	1160
2050	1160
2051	1160
2052	1160
2053	1160
2054	1161
2055	1161
2056	1161
2057	1161
2058	1161
2059	1161
2060	1161
2061	1161
2062	1161
2063	1161
2064	1161
2065	1161
2066	1161
2067	1161
2068	1161
2069	1161
2070	1161
2071	1161
2072	1161
2073	1161
2074	1161
2075	1161
2076	1161
2077	1161
2078	1161
2079	1161
2080	1161
2081	1161
2082	1161
2083	1161
2084	1161
2085	1161
2086	1161
2087	1161
2088	1161
2089	1161
2090	1161
2091	1162
2092	1162
2093	1162
2094	1162
2095	1163
2096	1163
2097	1163
2098	1163
2099	1163
2100	1163
2101	1163
2102	1163
2103	1163
2104	1163
2105	1163
2106	1163
2107	1163
2108	1163
2109	1163
2110	1163
2111	1163
2112	1163
2113	1163
2114	1163
2115	1163
2116	1163
2117	1163
2118	1163
2119	1163
2120	1163
2121	1163
2122	1164
2123	1164
2124	1164
2125	1164
2126	1164
2127	1164
2128	1164
2129	1164
2130	1164
2131	1164
2132	1164
2133	1164
2134	1164
2135	1164
2136	1164
2137	1164
2138	1164
2139	1164
2140	1164
2141	1164
2142	1164
2143	1164
2144	1164
2145	1164
2146	1164
2147	1164
2148	1164
2149	1164
2150	1164
2151	1164
2152	1164
2153	1164
2154	1164
2155	1164
2156	1166
2157	1166
2158	1166
2159	1166
2160	1166
2161	1166
2162	1166
2163	1166
2164	1166
2165	1166
2166	1166
2167	1166
2168	1166
2169	1166
2170	1166
2171	1166
2172	1166
2173	1166
2174	1166
2175	1166
2176	1166
2177	1166
2178	1166
2179	1166
2180	1167
2181	1167
2182	1167
2183	1167
2184	1167
2185	1167
2186	1167
2187	1167
2188	1167
2189	1167
2190	1167
2191	1167
2192	1168
2193	1168
2194	1168
2195	1168
2196	1168
2197	1168
2198	1168
2199	1169
2200	1169
2201	1170
2202	1170
2203	1170
2204	1170
2205	1170
2206	1170
2207	1170
2208	1170
2209	1170
2210	1170
2211	1170
2212	1170
2213	1170
2214	1170
2215	1170
2216	1170
2217	1170
2218	1170
2219	1170
2220	1170
2221	1170
2222	1170
2223	1170
2224	1170
2225	1170
2226	1170
2227	1170
2228	1170
2229	1170
2230	1170
2231	1170
2232	1170
2233	1170
2234	1171
2235	1171
2236	1171
2237	1171
2238	1172
2239	1172
2240	1172
2241	1172
2242	1172
2243	1172
2244	1172
2245	1172
2246	1172
2247	1172
2248	1172
2249	1172
2250	1172
2251	1172
2252	1172
2253	1172
2254	1172
2255	1172
2256	1172
2257	1172
2258	1172
2259	1172
2260	1172
2261	1172
2262	1173
2263	1173
2264	1173
2265	1173
2266	1173
2267	1173
2268	1173
2269	1173
2270	1173
2271	1173
2272	1173
2273	1173
2274	1173
2275	1173
2276	1173
2277	1173
2278	1173
2279	1174
2280	1174
2281	1174
2282	1174
2283	1174
2284	1174
2285	1174
2286	1174
2287	1174
2288	1174
2289	1174
2290	1174
2291	1174
2292	1174
2293	1174
2294	1174
2295	1174
2296	1174
2297	1174
2298	1174
2299	1174
2300	1174
2301	1174
2302	1174
2303	1174
2304	1174
2305	1174
2306	1174
2307	1175
2308	1175
2309	1176
2310	1176
2311	1176
2312	1176
2313	1176
2314	1176
2315	1176
2316	1176
2317	1176
2318	1176
2319	1176
2320	1176
2321	1176
2322	1176
2323	1176
2324	1176
2325	1176
2326	1176
2327	1176
2328	1176
2329	1176
2330	1176
2331	1176
2332	1176
2333	1176
2334	1176
2335	1176
2336	1176
2337	1176
2338	1176
2339	1176
2340	1176
2341	1176
2342	1177
2343	1177
2344	1177
2345	1177
2346	1177
2347	1177
2348	1177
2349	1177
2350	1177
2351	1177
2352	1177
2353	1177
2354	1177
2355	1177
2356	1177
2357	1177
2358	1177
2359	1177
2360	1177
2361	1177
2362	1177
2363	1177
2364	1177
2365	1177
2366	1177
2367	1177
2368	1177
2369	1177
2370	1177
2371	1177
2372	1177
2373	1177
2374	1178
2375	1178
2376	1178
2377	1178
2378	1178
2379	1178
2380	1178
2381	1178
2382	1178
2383	1179
2384	1179
2385	1179
2386	1179
2387	1179
2388	1179
2389	1179
2390	1179
2391	1179
2392	1179
2393	1179
2394	1179
2395	1179
2396	1179
2397	1179
2398	1179
2399	1179
2400	1179
2401	1179
2402	1179
2403	1179
2404	1179
2405	1179
2406	1179
2407	1179
2408	1179
2409	1179
2410	1179
2411	1179
2412	1179
2413	1179
2414	1179
2415	1179
2416	1179
2417	1179
2418	1179
2419	1179
2420	1179
2421	1179
2422	1180
2423	1180
2424	1180
2425	1180
2426	1180
2427	1181
2428	1181
2429	1181
2430	1181
2431	1181
2432	1181
2433	1181
2434	1181
2435	1181
2436	1181
2437	1181
2438	1181
2439	1181
2440	1181
2441	1181
2442	1181
2443	1181
2444	1181
2445	1181
2446	1181
2447	1181
2448	1181
2449	1181
2450	1181
2451	1181
2452	1181
2453	1181
2454	1181
2455	1181
2456	1181
2457	1181
2458	1181
2459	1181
2460	1181
2461	1181
2462	1181
2463	1181
2464	1181
2465	1181
2466	1181
2467	1181
2468	1181
2469	1181
2470	1181
2471	1181
2472	1181
2473	1181
2474	1181
2475	1181
2476	1181
2477	1181
2478	1181
2479	1181
2480	1181
2481	1181
2482	1182
2483	1182
2484	1182
2485	1182
2486	1182
2487	1182
2488	1183
2489	1183
2490	1183
2491	1183
2492	1183
2493	1183
2494	1183
2495	1183
2496	1183
2497	1183
2498	1183
2499	1183
2500	1183
2501	1183
2502	1183
2503	1183
2504	1183
2505	1183
2506	1183
2507	1183
2508	1183
2509	1183
2510	1183
2511	1183
2512	1183
2513	1183
2514	1183
2515	1183
2516	1183
2517	1183
2518	1183
2519	1183
2520	1183
2521	1183
2522	1183
2523	1183
2524	1183
2525	1184
2526	1184
2527	1184
2528	1184
2529	1184
2530	1184
2531	1184
2532	1184
2533	1184
2534	1184
2535	1184
2536	1184
2537	1184
2538	1184
2539	1184
2540	1184
2541	1184
2542	1184
2543	1184
2544	1184
2545	1184
2546	1184
2547	1184
2548	1184
2549	1184
2550	1184
2551	1184
2552	1184
2553	1184
2554	1184
2555	1184
2556	1184
2557	1184
2558	1184
2559	1184
2560	1184
2561	1184
2562	1184
2563	1184
2564	1184
2565	1184
2566	1184
2567	1184
2568	1185
2569	1185
2570	1185
2571	1185
2572	1185
2573	1185
2574	1185
2575	1185
2576	1185
2577	1185
2578	1185
2579	1185
2580	1185
2581	1185
2582	1185
2583	1185
2584	1185
2585	1185
2586	1185
2587	1185
2588	1185
2589	1185
2590	1185
2591	1185
2592	1185
2593	1185
2594	1185
2595	1185
2596	1185
2597	1185
2598	1185
2599	1185
2600	1185
2601	1185
2602	1186
2603	1186
2604	1186
2605	1186
2606	1186
2607	1186
2608	1186
2609	1186
2610	1186
2611	1186
2612	1186
2613	1186
2614	1186
2615	1186
2616	1186
2617	1186
2618	1186
2619	1187
2620	1187
2621	1187
2622	1187
2623	1187
2624	1187
2625	1187
2626	1187
2627	1187
2628	1187
2629	1187
2630	1187
2631	1187
2632	1187
2633	1187
2634	1187
2635	1187
2636	1187
2637	1187
2638	1187
2639	1187
2640	1187
2641	1187
2642	1187
2643	1187
2644	1187
2645	1187
2646	1187
2647	1187
2648	1187
2649	1187
2650	1187
2651	1187
2652	1187
2653	1187
2654	1187
2655	1187
2656	1187
2657	1187
2658	1187
2659	1187
2660	1187
2661	1187
2662	1187
2663	1187
2664	1187
2665	1187
2666	1187
2667	1187
2668	1187
2669	1187
2670	1187
2671	1187
2672	1187
2673	1187
2674	1187
2675	1187
2676	1187
2677	1187
2678	1187
2679	1187
2680	1187
2681	1187
2682	1187
2683	1187
2684	1187
2685	1187
2686	1187
2687	1187
2688	1187
2689	1187
2690	1187
2691	1187
2692	1187
2693	1187
2694	1187
2695	1187
2696	1187
2697	1187
2698	1187
2699	1187
2700	1187
2701	1187
2702	1187
2703	1187
2704	1187
2705	1187
2706	1187
2707	1187
2708	1187
2709	1187
2710	1187
2711	1187
2712	1188
2713	1188
2714	1188
2715	1188
2716	1188
2717	1188
2718	1188
2719	1188
2720	1188
2721	1188
2722	1188
2723	1188
2724	1188
2725	1188
2726	1188
2727	1188
2728	1188
2729	1188
2730	1188
2731	1188
2732	1188
2733	1188
2734	1188
2735	1188
2736	1188
2737	1188
2738	1188
2739	1188
2740	1188
2741	1188
2742	1188
2743	1188
2744	1188
2745	1188
2746	1189
2747	1189
2748	1189
2749	1189
2750	1189
2751	1189
2752	1189
2753	1189
2754	1189
2755	1189
2756	1189
2757	1189
2758	1189
2759	1189
2760	1189
2761	1189
2762	1189
2763	1189
2764	1189
2765	1189
2766	1189
2767	1189
2768	1189
2769	1189
2770	1189
2771	1189
2772	1189
2773	1189
2774	1189
2775	1189
2776	1189
2777	1189
2778	1189
2779	1189
2780	1189
2781	1189
2782	1189
2783	1189
2784	1189
2785	1189
2786	1189
2787	1189
2788	1189
2789	1189
2790	1189
2791	1189
2792	1189
2793	1189
2794	1189
2795	1189
2796	1189
2797	1189
2798	1189
2799	1189
2800	1189
2801	1189
2802	1189
2803	1189
2804	1189
2805	1189
2806	1189
2807	1189
2808	1189
2809	1189
2810	1189
2811	1189
2812	1189
2813	1189
2814	1189
2815	1189
2816	1189
2817	1189
2818	1189
2819	1189
2820	1190
2821	1190
2822	1190
2823	1190
2824	1190
2825	1190
2826	1190
2827	1190
2828	1190
2829	1190
2830	1190
2831	1190
2832	1190
2833	1190
2834	1190
2835	1190
2836	1190
2837	1190
2838	1190
2839	1190
2840	1190
2841	1190
2842	1190
2843	1190
2844	1190
2845	1190
2846	1190
2847	1190
2848	1190
2849	1190
2850	1190
2851	1190
2852	1190
2853	1190
2854	1190
2855	1190
2856	1190
2857	1190
2858	1190
2859	1190
2860	1190
2861	1190
2862	1190
2863	1190
2864	1190
2865	1190
2866	1190
2867	1190
2868	1190
2869	1190
2870	1190
2871	1190
2872	1190
2873	1190
2874	1190
2875	1190
2876	1190
2877	1190
2878	1190
2879	1190
2880	1190
2881	1190
2882	1190
2883	1190
2884	1190
2885	1190
2886	1190
2887	1190
2888	1190
2889	1191
2890	1191
2891	1191
2892	1191
2893	1191
2894	1191
2895	1191
2896	1191
2897	1191
2898	1191
2899	1191
2900	1191
2901	1191
2902	1191
2903	1191
2904	1191
2905	1191
2906	1191
2907	1191
2908	1191
2909	1191
2910	1191
2911	1191
2912	1191
2913	1191
2914	1191
2915	1191
2916	1191
2917	1191
2918	1191
2919	1191
2920	1191
2921	1191
2922	1191
2923	1191
2924	1191
2925	1191
2926	1191
2927	1191
2928	1191
2929	1192
2930	1192
2931	1192
2932	1192
2933	1192
2934	1192
2935	1192
2936	1192
2937	1192
2938	1192
2939	1192
2940	1192
2941	1192
2942	1192
2943	1192
2944	1192
2945	1192
2946	1192
2947	1192
2948	1192
2949	1192
2950	1192
2951	1192
2952	1192
2953	1192
2954	1192
2955	1192
2956	1192
2957	1192
2958	1192
2959	1192
2960	1192
2961	1192
2962	1192
2963	1192
2964	1192
2965	1192
2966	1192
2967	1192
2968	1192
2969	1192
2970	1192
2971	1192
2972	1192
2973	1192
2974	1192
2975	1192
2976	1192
2977	1192
2978	1192
2979	1192
2980	1192
2981	1192
2982	1192
2983	1192
2984	1192
2985	1192
2986	1192
2987	1192
2988	1192
2989	1192
2990	1192
2991	1192
2992	1192
2993	1192
2994	1192
2995	1192
2996	1192
2997	1192
2998	1192
2999	1192
3000	1192
3001	1192
3002	1192
3003	1192
3004	1192
3005	1192
3006	1192
3007	1192
3008	1192
3009	1192
3010	1192
3011	1192
3012	1192
3013	1192
3014	1192
3015	1192
3016	1192
3017	1192
3018	1192
3019	1192
3020	1192
3021	1192
3022	1192
3023	1192
3024	1192
3025	1192
3026	1192
3027	1192
3028	1192
3029	1192
3030	1192
3031	1192
3032	1193
3033	1193
3034	1193
3035	1193
3036	1193
3037	1193
3038	1193
3039	1193
3040	1193
3041	1193
3042	1193
3043	1193
3044	1193
3045	1193
3046	1193
3047	1193
3048	1193
3049	1193
3050	1193
3051	1193
3052	1193
3053	1193
3054	1193
3055	1193
3056	1193
3057	1194
3058	1194
3059	1194
3060	1194
3061	1194
3062	1194
3063	1194
3064	1194
3065	1194
3066	1194
3067	1194
3068	1194
3069	1194
3070	1194
3071	1194
3072	1194
3073	1194
3074	1194
3075	1194
3076	1194
3077	1194
3078	1194
3079	1194
3080	1194
3081	1194
3082	1194
3083	1194
3084	1194
3085	1194
3086	1194
3087	1194
3088	1194
3089	1194
3090	1194
3091	1194
3092	1194
3093	1194
3094	1194
3095	1194
3096	1194
3097	1194
3098	1194
3099	1194
3100	1194
3101	1194
3102	1194
3103	1194
3104	1194
3105	1194
3106	1194
3107	1194
3108	1194
3109	1194
3110	1194
3111	1194
3112	1194
3113	1194
3114	1194
3115	1194
3116	1194
3117	1194
3118	1194
3119	1194
3120	1194
3121	1194
3122	1194
3123	1194
3124	1194
3125	1194
3126	1194
3127	1194
3128	1194
3129	1194
3130	1194
3131	1194
3132	1194
3133	1194
3134	1194
3135	1194
3136	1194
3137	1194
3138	1194
3139	1194
3140	1194
3141	1194
3142	1194
3143	1194
3144	1194
3145	1194
3146	1195
3147	1195
3148	1195
3149	1195
3150	1195
3151	1195
3152	1195
3153	1195
3154	1195
3155	1195
3156	1195
3157	1195
3158	1195
3159	1195
3160	1195
3161	1195
3162	1195
3163	1195
3164	1195
3165	1195
3166	1195
3167	1195
3168	1195
3169	1195
3170	1195
3171	1195
3172	1195
3173	1195
3174	1195
3175	1195
3176	1195
3177	1195
3178	1195
3179	1195
3180	1195
3181	1195
3182	1195
3183	1195
3184	1195
3185	1195
3186	1195
3187	1195
3188	1195
3189	1195
3190	1195
3191	1196
3192	1196
3193	1196
3194	1196
3195	1196
3196	1196
3197	1196
3198	1196
3199	1196
3200	1196
3201	1196
3202	1196
3203	1196
3204	1196
3205	1196
3206	1196
3207	1196
3208	1196
3209	1196
3210	1196
3211	1196
3212	1196
3213	1196
3214	1196
3215	1196
3216	1196
3217	1196
3218	1196
3219	1196
3220	1196
3221	1196
3222	1196
3223	1196
3224	1196
3225	1196
3226	1196
3227	1196
3228	1196
3229	1196
3230	1196
3231	1196
3232	1196
3233	1196
3234	1196
3235	1196
3236	1196
3237	1196
3238	1196
3239	1196
3240	1196
3241	1196
3242	1196
3243	1196
3244	1196
3245	1196
3246	1196
3247	1196
3248	1196
3249	1196
3250	1196
3251	1196
3252	1196
3253	1196
3254	1196
3255	1196
3256	1196
3257	1196
3258	1196
3259	1197
3260	1197
3261	1197
3262	1197
3263	1197
3264	1197
3265	1197
3266	1197
3267	1197
3268	1197
3269	1197
3270	1197
3271	1197
3272	1197
3273	1197
3274	1197
3275	1197
3276	1197
3277	1197
3278	1197
3279	1197
3280	1197
3281	1197
3282	1197
3283	1197
3284	1197
3285	1197
3286	1197
3287	1197
3288	1197
3289	1197
3290	1197
3291	1197
3292	1197
3293	1197
3294	1197
3295	1197
3296	1197
3297	1197
3298	1197
3299	1197
3300	1197
3301	1198
3302	1198
3303	1198
3304	1198
3305	1198
3306	1198
3307	1198
3308	1198
3309	1198
3310	1198
3311	1198
3312	1199
3313	1199
3314	1199
3315	1199
3316	1199
3317	1199
3318	1199
3319	1199
3320	1199
3321	1199
3322	1199
3323	1199
3324	1199
3325	1199
3326	1199
3327	1199
3328	1199
3329	1199
3330	1199
3331	1199
3332	1199
3333	1199
3334	1199
3335	1199
3336	1199
3337	1199
3338	1199
3339	1199
3340	1199
3341	1199
3342	1199
3343	1199
3344	1199
3345	1199
3346	1199
3347	1199
3348	1199
3349	1199
3350	1199
3351	1199
3352	1199
3353	1199
3354	1199
3355	1199
3356	1199
3357	1199
3358	1199
3359	1199
3360	1199
3361	1199
3362	1199
3363	1199
3364	1199
3365	1199
3366	1199
3367	1199
3368	1199
3369	1199
3370	1199
3371	1199
3372	1199
3373	1199
3374	1199
3375	1199
3376	1199
3377	1199
3378	1199
3379	1199
3380	1199
3381	1199
3382	1199
3383	1199
3384	1199
3385	1199
3386	1199
3387	1199
3388	1199
3389	1199
3390	1199
3391	1199
3392	1199
3393	1199
3394	1199
3395	1199
3396	1199
3397	1199
3398	1199
3399	1199
3400	1199
3401	1199
3402	1199
3403	1199
3404	1199
3405	1199
3406	1199
3407	1199
3408	1199
3409	1199
3410	1199
3411	1199
3412	1199
3413	1199
3414	1199
3415	1199
3416	1199
3417	1200
3418	1200
3419	1200
3420	1200
3421	1200
3422	1200
3423	1200
3424	1200
3425	1200
3426	1200
3427	1200
3428	1200
3429	1200
3430	1200
3431	1200
3432	1200
3433	1200
3434	1200
3435	1200
3436	1200
3437	1200
3438	1200
3439	1200
3440	1200
3441	1200
3442	1200
3443	1200
3444	1200
3445	1200
3446	1200
3447	1200
3448	1200
3449	1200
3450	1200
3451	1200
3452	1200
3453	1200
3454	1200
3455	1200
3456	1200
3457	1200
3458	1200
3459	1200
3460	1200
3461	1200
3462	1200
3463	1200
3464	1200
3465	1200
3466	1200
3467	1200
3468	1200
3469	1200
3470	1200
3471	1200
3472	1200
3473	1200
3474	1200
3475	1200
3476	1200
3477	1200
3478	1200
3479	1200
3480	1200
3481	1200
3482	1200
3483	1200
3484	1200
3485	1200
3486	1200
3487	1200
3488	1200
3489	1200
3490	1200
3491	1200
3492	1200
3493	1200
3494	1200
3495	1200
3496	1200
3497	1200
3498	1200
3499	1200
3500	1200
3501	1200
3502	1200
3503	1200
3504	1200
3505	1200
3506	1200
3507	1200
3508	1200
3509	1200
3510	1200
3511	1200
3512	1200
3513	1200
3514	1200
3515	1200
3516	1200
3517	1200
3518	1200
3519	1200
3520	1200
3521	1200
3522	1200
3523	1200
3524	1200
3525	1200
3526	1200
3527	1200
3528	1200
3529	1200
3530	1200
3531	1200
3532	1200
3533	1200
3534	1200
3535	1200
3536	1200
3537	1200
3538	1200
3539	1200
3540	1200
3541	1200
3542	1200
3543	1200
3544	1200
3545	1200
3546	1200
3547	1200
3548	1200
3549	1200
3550	1200
3551	1200
3552	1200
3553	1200
3554	1200
3555	1200
3556	1200
3557	1200
3558	1200
3559	1200
3560	1200
3561	1200
3562	1200
3563	1200
3564	1200
3565	1200
3566	1200
3567	1200
3568	1200
3569	1200
3570	1200
3571	1200
3572	1200
3573	1200
3574	1200
3575	1200
3576	1200
3577	1200
3578	1200
3579	1200
3580	1200
3581	1200
3582	1200
3583	1200
3584	1200
3585	1200
3586	1200
3587	1200
3588	1200
3589	1200
3590	1200
3591	1200
3592	1200
3593	1200
3594	1200
3595	1200
3596	1200
3597	1200
3598	1200
3599	1200
3600	1200
3601	1200
3602	1200
3603	1200
3604	1200
3605	1200
3606	1200
3607	1200
3608	1200
3609	1200
3610	1200
3611	1200
3612	1200
3613	1200
3614	1200
3615	1200
3616	1200
3617	1200
3618	1200
3619	1200
3620	1200
3621	1200
3622	1200
3623	1200
3624	1200
3625	1200
3626	1200
3627	1200
3628	1200
3629	1200
3630	1200
3631	1200
3632	1200
3633	1200
3634	1200
3635	1200
3636	1200
3637	1200
3638	1200
3639	1200
3640	1200
3641	1200
3642	1200
3643	1200
3644	1200
3645	1200
3646	1200
3647	1200
3648	1200
3649	1200
3650	1200
3651	1200
3652	1200
3653	1200
3654	1200
3655	1200
3656	1200
3657	1200
3658	1200
3659	1200
3660	1200
3661	1200
3662	1200
3663	1200
3664	1200
3665	1200
3666	1200
3667	1200
3668	1200
3669	1200
3670	1200
3671	1200
3672	1200
3673	1200
3674	1200
3675	1200
3676	1200
3677	1200
3678	1200
3679	1200
3680	1200
3681	1200
3682	1200
3683	1200
3684	1200
3685	1200
3686	1200
3687	1200
3688	1200
3689	1200
3690	1200
3691	1200
3692	1200
3693	1200
3694	1200
3695	1200
3696	1200
3697	1200
3698	1200
3699	1200
3700	1200
3701	1200
3702	1200
3703	1200
3704	1200
3705	1200
3706	1200
3707	1200
3708	1200
3709	1200
3710	1200
3711	1200
3712	1200
3713	1200
3714	1200
3715	1200
3716	1200
3717	1200
3718	1200
3719	1200
3720	1200
3721	1200
3722	1200
3723	1200
3724	1200
3725	1200
3726	1200
3727	1200
3728	1200
3729	1200
3730	1200
3731	1200
3732	1200
3733	1200
3734	1200
3735	1200
3736	1200
3737	1200
3738	1200
3739	1200
3740	1200
3741	1200
3742	1200
3743	1200
3744	1200
3745	1200
3746	1200
3747	1200
3748	1200
3749	1200
3750	1200
3751	1200
3752	1200
3753	1200
3754	1200
3755	1200
3756	1200
3757	1200
3758	1200
3759	1200
3760	1200
3761	1200
3762	1200
3763	1200
3764	1200
3765	1200
3766	1200
3767	1200
3768	1200
3769	1200
3770	1200
3771	1200
3772	1200
3773	1200
3774	1200
3775	1200
3776	1200
3777	1200
3778	1200
3779	1200
3780	1200
3781	1200
3782	1200
3783	1200
3784	1200
3785	1200
3786	1200
3787	1200
3788	1200
3789	1200
3790	1200
3791	1200
3792	1200
3793	1200
3794	1200
3795	1200
3796	1200
3797	1200
3798	1200
3799	1200
3800	1200
3801	1200
3802	1200
3803	1200
3804	1200
3805	1200
3806	1200
3807	1200
3808	1200
3809	1200
3810	1200
3811	1200
3812	1200
3813	1200
3814	1200
3815	1200
3816	1200
3817	1200
3818	1200
3819	1200
3820	1200
3821	1200
3822	1200
3823	1200
3824	1200
3825	1200
3826	1200
3827	1200
3828	1200
3829	1200
3830	1200
3831	1200
3832	1200
3833	1200
3834	1200
3835	1200
3836	1200
3837	1200
3838	1200
3839	1200
3840	1200
3841	1200
3842	1200
3843	1200
3844	1200
3845	1200
3846	1200
3847	1200
3848	1200
3849	1200
3850	1200
3851	1200
3852	1200
3853	1200
3854	1200
3855	1200
3856	1200
3857	1200
3858	1200
3859	1200
3860	1200
3861	1200
3862	1200
3863	1200
3864	1200
3865	1200
3866	1200
3867	1200
3868	1200
3869	1200
3870	1200
3871	1200
3872	1200
3873	1200
3874	1200
3875	1200
3876	1200
3877	1200
3878	1200
3879	1200
3880	1200
3881	1200
3882	1200
3883	1200
3884	1200
3885	1200
3886	1200
3887	1200
3888	1200
3889	1200
3890	1200
3891	1200
3892	1200
3893	1200
3894	1200
3895	1200
3896	1200
3897	1200
3898	1200
3899	1200
3900	1200
3901	1200
3902	1200
3903	1200
3904	1200
3905	1200
3906	1200
3907	1200
3908	1200
3909	1200
3910	1200
3911	1200
3912	1200
3913	1200
3914	1200
3915	1200
3916	1200
3917	1200
3918	1200
3919	1200
3920	1200
3921	1200
3922	1200
3923	1200
3924	1200
3925	1200
3926	1200
3927	1200
3928	1200
3929	1200
3930	1200
3931	1200
3932	1200
3933	1200
3934	1200
3935	1200
3936	1200
3937	1200
3938	1200
3939	1200
3940	1200
3941	1200
3942	1200
3943	1200
3944	1200
3945	1200
3946	1200
3947	1200
3948	1200
3949	1200
3950	1200
3951	1200
3952	1200
3953	1200
3954	1200
3955	1200
3956	1200
3957	1200
3958	1200
3959	1200
3960	1200
3961	1200
3962	1200
3963	1200
3964	1200
3965	1200
3966	1200
3967	1200
3968	1200
3969	1200
3970	1200
3971	1200
3972	1200
3973	1200
3974	1200
3975	1200
3976	1200
3977	1200
3978	1200
3979	1200
3980	1200
3981	1200
3982	1200
3983	1200
3984	1200
3985	1200
3986	1200
3987	1200
3988	1200
3989	1200
3990	1200
3991	1200
3992	1200
3993	1200
3994	1200
3995	1200
3996	1200
3997	1200
3998	1200
3999	1200
4000	1200
4001	1200
4002	1200
4003	1200
4004	1200
4005	1200
4006	1200
4007	1200
4008	1200
4009	1200
4010	1200
4011	1200
4012	1200
4013	1200
4014	1200
4015	1200
4016	1200
4017	1200
4018	1200
4019	1200
4020	1200
4021	1200
4022	1200
4023	1200
4024	1200
4025	1200
4026	1200
4027	1200
4028	1200
4029	1200
4030	1200
4031	1200
4032	1200
4033	1200
4034	1200
4035	1200
4036	1200
4037	1200
4038	1200
4039	1200
4040	1200
4041	1200
4042	1200
4043	1200
4044	1200
4045	1200
4046	1200
4047	1200
4048	1200
4049	1200
4050	1200
4051	1200
4052	1200
4053	1200
4054	1200
4055	1200
4056	1200
4057	1200
4058	1200
4059	1200
4060	1200
4061	1200
4062	1200
4063	1200
4064	1200
4065	1200
4066	1200
4067	1200
4068	1200
4069	1200
4070	1200
4071	1200
4072	1200
4073	1200
4074	1200
4075	1200
4076	1200
4077	1200
4078	1200
4079	1200
4080	1200
4081	1200
4082	1200
4083	1200
4084	1200
4085	1200
4086	1200
4087	1200
4088	1200
4089	1200
4090	1200
4091	1200
4092	1200
4093	1200
4094	1200
4095	1200
4096	1200
4097	1200
4098	1200
4099	1200
4100	1200
4101	1200
4102	1200
4103	1200
4104	1200
4105	1200
4106	1200
4107	1200
4108	1200
4109	1200
4110	1200
4111	1200
4112	1200
4113	1200
4114	1200
4115	1200
4116	1200
4117	1200
4118	1200
4119	1200
4120	1200
4121	1200
4122	1200
4123	1200
4124	1200
4125	1200
4126	1200
4127	1200
4128	1200
4129	1200
4130	1200
4131	1200
4132	1200
4133	1200
4134	1200
4135	1200
4136	1200
4137	1200
4138	1200
4139	1200
4140	1200
4141	1200
4142	1200
4143	1200
4144	1200
4145	1200
4146	1200
4147	1200
4148	1200
4149	1200
4150	1200
4151	1200
4152	1200
4153	1200
4154	1200
4155	1200
4156	1200
4157	1200
4158	1200
4159	1200
4160	1200
4161	1200
4162	1200
4163	1200
4164	1200
4165	1200
4166	1200
4167	1200
4168	1200
4169	1200
4170	1200
4171	1200
4172	1200
4173	1200
4174	1200
4175	1200
4176	1200
4177	1200
4178	1200
4179	1200
4180	1200
4181	1200
4182	1200
4183	1200
4184	1200
4185	1200
4186	1200
4187	1200
4188	1200
4189	1200
4190	1200
4191	1200
4192	1200
4193	1200
4194	1200
4195	1200
4196	1200
4197	1200
4198	1200
4199	1200
4200	1200
4201	1200
4202	1200
4203	1200
4204	1200
4205	1200
4206	1200
4207	1200
4208	1200
4209	1200
4210	1200
4211	1200
4212	1200
4213	1200
4214	1200
4215	1200
4216	1200
4217	1200
4218	1200
4219	1200
4220	1200
4221	1200
4222	1200
4223	1200
4224	1200
4225	1200
4226	1200
4227	1200
4228	1200
4229	1200
4230	1200
4231	1200
4232	1200
4233	1200
4234	1200
4235	1200
4236	1200
4237	1200
4238	1200
4239	1200
4240	1200
4241	1200
4242	1200
4243	1200
4244	1200
4245	1200
4246	1200
4247	1200
4248	1200
4249	1200
4250	1200
4251	1200
4252	1200
4253	1200
4254	1200
4255	1200
4256	1200
4257	1200
4258	1200
4259	1200
4260	1200
4261	1200
4262	1200
4263	1201
4264	1201
4265	1201
4266	1201
4267	1201
4268	1201
4269	1201
4270	1201
4271	1201
4272	1201
4273	1201
4274	1201
4275	1201
4276	1201
4277	1201
4278	1201
4279	1201
4280	1201
4281	1201
4282	1201
4283	1201
4284	1201
4285	1201
4286	1201
4287	1201
4288	1201
4289	1201
4290	1201
4291	1201
4292	1201
4293	1201
4294	1201
4295	1201
4296	1201
4297	1201
4298	1201
4299	1201
4300	1201
4301	1201
4302	1201
4303	1201
4304	1201
4305	1201
4306	1201
4307	1201
4308	1201
4309	1201
4310	1201
4311	1201
4312	1201
4313	1201
4314	1201
4315	1201
4316	1201
4317	1201
4318	1201
4319	1201
4320	1201
4321	1201
4322	1201
4323	1201
4324	1201
4325	1201
4326	1201
4327	1201
4328	1201
4329	1201
4330	1201
4331	1201
4332	1201
4333	1201
4334	1201
4335	1201
4336	1201
4337	1201
4338	1201
4339	1201
4340	1201
4341	1201
4342	1201
4343	1201
4344	1201
4345	1201
4346	1201
4347	1201
4348	1201
4349	1201
4350	1201
4351	1201
4352	1201
4353	1201
4354	1201
4355	1201
4356	1201
4357	1201
4358	1201
4359	1201
4360	1201
4361	1201
4362	1201
4363	1201
4364	1201
4365	1201
4366	1201
4367	1201
4368	1201
4369	1201
4370	1201
4371	1201
4372	1201
4373	1201
4374	1201
4375	1201
4376	1201
4377	1201
4378	1201
4379	1201
4380	1201
4381	1201
4382	1201
4383	1201
4384	1201
4385	1201
4386	1201
4387	1201
4388	1201
4389	1201
4390	1201
4391	1201
4392	1201
4393	1201
4394	1201
4395	1201
4396	1201
4397	1201
4398	1201
4399	1201
4400	1201
4401	1201
4402	1201
4403	1201
4404	1201
4405	1201
4406	1201
4407	1201
4408	1201
4409	1201
4410	1201
4411	1201
4412	1201
4413	1201
4414	1201
4415	1201
4416	1201
4417	1201
4418	1201
4419	1201
4420	1201
4421	1201
4422	1201
4423	1201
4424	1201
4425	1201
4426	1201
4427	1201
4428	1201
4429	1201
4430	1201
4431	1201
4432	1201
4433	1201
4434	1201
4435	1201
4436	1201
4437	1201
4438	1201
4439	1201
4440	1201
4441	1201
4442	1201
4443	1201
4444	1201
4445	1201
4446	1201
4447	1201
4448	1201
4449	1201
4450	1201
4451	1201
4452	1201
4453	1201
4454	1201
4455	1201
4456	1201
4457	1201
4458	1201
4459	1201
4460	1201
4461	1201
4462	1201
4463	1201
4464	1201
4465	1201
4466	1201
4467	1201
4468	1201
4469	1201
4470	1201
4471	1201
4472	1201
4473	1201
4474	1201
4475	1201
4476	1201
4477	1201
4478	1201
4479	1201
4480	1201
4481	1201
4482	1201
4483	1201
4484	1201
4485	1201
4486	1201
4487	1201
4488	1201
4489	1201
4490	1201
4491	1201
4492	1201
4493	1201
4494	1201
4495	1201
4496	1201
4497	1201
4498	1201
4499	1201
4500	1201
4501	1201
4502	1201
4503	1201
4504	1201
4505	1201
4506	1201
4507	1201
4508	1201
4509	1201
4510	1201
4511	1201
4512	1201
4513	1201
4514	1201
4515	1201
4516	1201
4517	1201
4518	1201
4519	1201
4520	1201
4521	1201
4522	1201
4523	1201
4524	1201
4525	1201
4526	1201
4527	1201
4528	1201
4529	1201
4530	1201
4531	1201
4532	1201
4533	1201
4534	1201
4535	1201
4536	1201
4537	1201
4538	1201
4539	1201
4540	1201
4541	1201
4542	1201
4543	1201
4544	1201
4545	1201
4546	1201
4547	1201
4548	1201
4549	1201
4550	1201
4551	1201
4552	1201
4553	1201
4554	1201
4555	1201
4556	1201
4557	1201
4558	1201
4559	1201
4560	1201
4561	1201
4562	1201
4563	1201
4564	1201
4565	1201
4566	1201
4567	1201
4568	1201
4569	1201
4570	1201
4571	1201
4572	1201
4573	1201
4574	1201
4575	1201
4576	1201
4577	1201
4578	1201
4579	1201
4580	1201
4581	1201
4582	1201
4583	1201
4584	1201
4585	1201
4586	1201
4587	1201
4588	1201
4589	1201
4590	1201
4591	1201
4592	1201
4593	1201
4594	1201
4595	1201
4596	1201
4597	1201
4598	1201
4599	1201
4600	1201
4601	1201
4602	1201
4603	1201
4604	1201
4605	1201
4606	1201
4607	1201
4608	1201
4609	1201
4610	1201
4611	1201
4612	1201
4613	1201
4614	1201
4615	1201
4616	1201
4617	1201
4618	1201
4619	1201
4620	1201
4621	1201
4622	1201
4623	1201
4624	1201
4625	1201
4626	1201
4627	1201
4628	1201
4629	1201
4630	1201
4631	1201
4632	1201
4633	1201
4634	1201
4635	1201
4636	1201
4637	1201
4638	1201
4639	1201
4640	1201
4641	1201
4642	1201
4643	1201
4644	1201
4645	1201
4646	1201
4647	1201
4648	1201
4649	1201
4650	1201
4651	1201
4652	1201
4653	1201
4654	1201
4655	1201
4656	1201
4657	1201
4658	1201
4659	1201
4660	1201
4661	1201
4662	1201
4663	1201
4664	1201
4665	1201
4666	1201
4667	1201
4668	1201
4669	1201
4670	1201
4671	1201
4672	1201
4673	1201
4674	1201
4675	1201
4676	1201
4677	1201
4678	1201
4679	1201
4680	1201
4681	1201
4682	1201
4683	1201
4684	1201
4685	1201
4686	1201
4687	1201
4688	1201
4689	1201
4690	1201
4691	1201
4692	1201
4693	1201
4694	1201
4695	1201
4696	1201
4697	1201
4698	1201
4699	1201
4700	1201
4701	1201
4702	1201
4703	1201
4704	1201
4705	1201
4706	1201
4707	1201
4708	1201
4709	1201
4710	1201
4711	1201
4712	1201
4713	1201
4714	1201
4715	1201
4716	1201
4717	1201
4718	1201
4719	1201
4720	1201
4721	1201
4722	1201
4723	1201
4724	1201
4725	1201
4726	1201
4727	1201
4728	1201
4729	1201
4730	1201
4731	1201
4732	1201
4733	1201
4734	1201
4735	1201
4736	1201
4737	1201
4738	1201
4739	1201
4740	1201
4741	1201
4742	1201
4743	1201
4744	1201
4745	1201
4746	1201
4747	1201
4748	1201
4749	1201
4750	1201
4751	1201
4752	1201
4753	1201
4754	1201
4755	1201
4756	1201
4757	1201
4758	1201
4759	1201
4760	1201
4761	1201
4762	1201
4763	1201
4764	1201
4765	1201
4766	1201
4767	1201
4768	1201
4769	1201
4770	1201
4771	1201
4772	1201
4773	1201
4774	1201
4775	1201
4776	1201
4777	1201
4778	1201
4779	1201
4780	1201
4781	1201
4782	1201
4783	1201
4784	1201
4785	1201
4786	1201
4787	1201
4788	1201
4789	1201
4790	1201
4791	1201
4792	1201
4793	1201
4794	1201
4795	1201
4796	1201
4797	1201
4798	1201
4799	1201
4800	1201
4801	1201
4802	1201
4803	1201
4804	1201
4805	1201
4806	1201
4807	1201
4808	1201
4809	1201
4810	1201
4811	1201
4812	1201
4813	1201
4814	1201
4815	1201
4816	1201
4817	1201
4818	1201
4819	1201
4820	1201
4821	1201
4822	1201
4823	1201
4824	1201
4825	1201
4826	1201
4827	1201
4828	1201
4829	1201
4830	1201
4831	1201
4832	1201
4833	1201
4834	1201
4835	1201
4836	1201
4837	1201
4838	1201
4839	1201
4840	1201
4841	1201
4842	1201
4843	1201
4844	1201
4845	1201
4846	1201
4847	1201
4848	1201
4849	1201
4850	1201
4851	1201
4852	1201
4853	1201
4854	1201
4855	1201
4856	1201
4857	1201
4858	1201
4859	1201
4860	1201
4861	1201
4862	1201
4863	1201
4864	1201
4865	1201
4866	1201
4867	1201
4868	1201
4869	1201
4870	1201
4871	1201
4872	1201
4873	1201
4874	1201
4875	1201
4876	1201
4877	1201
4878	1201
4879	1201
4880	1201
4881	1201
4882	1201
4883	1201
4884	1201
4885	1201
4886	1201
4887	1201
4888	1201
4889	1201
4890	1201
4891	1201
4892	1201
4893	1201
4894	1201
4895	1201
4896	1201
4897	1201
4898	1201
4899	1201
4900	1201
4901	1201
4902	1201
4903	1201
4904	1201
4905	1201
4906	1201
4907	1201
4908	1201
4909	1201
4910	1201
4911	1201
4912	1201
4913	1201
4914	1201
4915	1201
4916	1201
4917	1201
4918	1201
4919	1201
4920	1201
4921	1201
4922	1201
4923	1201
4924	1201
4925	1201
4926	1201
4927	1201
4928	1201
4929	1201
4930	1201
4931	1201
4932	1201
4933	1201
4934	1201
4935	1201
4936	1201
4937	1201
4938	1201
4939	1201
4940	1201
4941	1201
4942	1201
4943	1201
4944	1201
4945	1201
4946	1201
4947	1201
4948	1201
4949	1201
4950	1201
4951	1201
4952	1201
4953	1201
4954	1201
4955	1201
4956	1201
4957	1201
4958	1201
4959	1201
4960	1201
4961	1201
4962	1201
4963	1201
4964	1201
4965	1201
4966	1201
4967	1201
4968	1201
4969	1201
4970	1201
4971	1201
4972	1201
4973	1201
4974	1201
4975	1201
4976	1201
4977	1201
4978	1201
4979	1201
4980	1201
4981	1201
4982	1201
4983	1201
4984	1201
4985	1201
4986	1201
4987	1201
4988	1201
4989	1201
4990	1201
4991	1201
4992	1201
4993	1201
4994	1201
4995	1201
4996	1201
4997	1201
4998	1201
4999	1201

