0	0
1	0
2	0
3	0
4	0
5	0
6	0
7	0
8	0
9	0
10	0
11	0
12	0
13	0
14	0
15	0
16	0
17	0
18	0
19	0
20	0
21	0
22	0
23	0
24	0
25	0
26	0
27	0
28	0
29	0
30	0
31	0
32	0
33	0
34	0
35	0
36	0
37	0
38	0
39	0
40	0
41	0
42	0
43	0
44	0
45	0
46	0
47	0
48	0
49	0
50	0
51	0
52	0
53	0
54	0
55	0
56	0
57	0
58	0
59	0
60	0
61	0
62	0
63	0
64	0
65	0
66	0
67	0
68	0
69	0
70	0
71	0
72	0
73	0
74	0
75	0
76	0
77	0
78	0
79	0
80	0
81	0
82	0
83	0
84	1
85	1
86	1
87	1
88	1
89	1
90	1
91	1
92	1
93	1
94	2
95	2
96	2
97	3
98	3
99	4
100	4
101	5
102	5
103	5
104	6
105	6
106	6
107	8
108	8
109	8
110	8
111	8
112	8
113	9
114	9
115	11
116	11
117	11
118	11
119	15
120	16
121	17
122	19
123	20
124	21
125	23
126	24
127	24
128	25
129	26
130	29
131	30
132	30
133	30
134	31
135	32
136	32
137	34
138	35
139	36
140	39
141	40
142	43
143	44
144	46
145	48
146	49
147	50
148	51
149	53
150	53
151	54
152	58
153	60
154	61
155	61
156	61
157	64
158	65
159	67
160	67
161	70
162	74
163	74
164	78
165	79
166	81
167	82
168	83
169	86
170	87
171	90
172	92
173	93
174	97
175	98
176	99
177	100
178	106
179	107
180	108
181	112
182	114
183	114
184	115
185	116
186	119
187	120
188	122
189	124
190	125
191	127
192	129
193	129
194	130
195	131
196	133
197	135
198	141
199	142
200	143
201	143
202	144
203	144
204	145
205	147
206	150
207	151
208	153
209	158
210	158
211	158
212	160
213	161
214	164
215	167
216	168
217	171
218	174
219	178
220	179
221	180
222	183
223	186
224	188
225	190
226	196
227	200
228	201
229	201
230	202
231	205
232	207
233	207
234	210
235	210
236	212
237	214
238	215
239	218
240	219
241	220
242	220
243	223
244	224
245	225
246	227
247	227
248	230
249	232
250	235
251	235
252	236
253	239
254	242
255	245
256	245
257	247
258	247
259	247
260	248
261	250
262	251
263	251
264	252
265	252
266	256
267	257
268	257
269	260
270	262
271	266
272	269
273	271
274	273
275	274
276	276
277	278
278	279
279	280
280	281
281	282
282	284
283	289
284	289
285	291
286	292
287	295
288	298
289	298
290	301
291	302
292	303
293	304
294	305
295	307
296	309
297	310
298	313
299	314
300	316
301	318
302	319
303	320
304	323
305	324
306	324
307	325
308	326
309	328
310	329
311	330
312	331
313	334
314	336
315	337
316	342
317	343
318	346
319	346
320	347
321	348
322	348
323	349
324	354
325	355
326	356
327	357
328	358
329	360
330	362
331	363
332	365
333	366
334	367
335	370
336	370
337	373
338	373
339	374
340	374
341	375
342	375
343	376
344	377
345	379
346	380
347	382
348	383
349	384
350	385
351	386
352	388
353	389
354	392
355	394
356	394
357	396
358	396
359	398
360	399
361	400
362	402
363	402
364	402
365	403
366	404
367	405
368	406
369	408
370	409
371	412
372	414
373	416
374	417
375	420
376	420
377	422
378	422
379	425
380	426
381	426
382	426
383	428
384	428
385	429
386	429
387	429
388	430
389	431
390	431
391	435
392	436
393	438
394	440
395	444
396	446
397	446
398	447
399	449
400	451
401	452
402	452
403	454
404	456
405	456
406	459
407	462
408	463
409	464
410	465
411	466
412	466
413	466
414	466
415	467
416	467
417	470
418	473
419	473
420	474
421	474
422	474
423	477
424	478
425	481
426	482
427	482
428	482
429	484
430	484
431	484
432	486
433	486
434	489
435	490
436	492
437	493
438	493
439	495
440	495
441	495
442	495
443	496
444	497
445	498
446	498
447	503
448	505
449	505
450	505
451	507
452	507
453	508
454	510
455	513
456	513
457	514
458	514
459	514
460	514
461	514
462	514
463	517
464	518
465	519
466	519
467	519
468	519
469	519
470	520
471	523
472	525
473	525
474	525
475	526
476	527
477	527
478	527
479	527
480	529
481	532
482	532
483	533
484	533
485	534
486	535
487	537
488	537
489	540
490	540
491	541
492	541
493	541
494	541
495	544
496	546
497	546
498	546
499	549
500	549
501	550
502	550
503	551
504	551
505	554
506	556
507	556
508	556
509	558
510	558
511	558
512	561
513	562
514	563
515	564
516	564
517	564
518	564
519	564
520	565
521	567
522	568
523	569
524	572
525	572
526	573
527	574
528	575
529	575
530	577
531	577
532	578
533	579
534	579
535	579
536	580
537	582
538	584
539	586
540	587
541	587
542	588
543	588
544	588
545	589
546	590
547	590
548	590
549	592
550	594
551	595
552	597
553	598
554	598
555	598
556	598
557	598
558	600
559	601
560	602
561	602
562	602
563	602
564	602
565	602
566	602
567	603
568	604
569	605
570	605
571	605
572	605
573	608
574	608
575	611
576	613
577	615
578	615
579	615
580	615
581	617
582	619
583	620
584	622
585	624
586	624
587	626
588	628
589	628
590	628
591	628
592	629
593	629
594	630
595	631
596	632
597	632
598	632
599	633
600	633
601	634
602	635
603	636
604	638
605	638
606	639
607	641
608	642
609	644
610	644
611	644
612	644
613	644
614	644
615	644
616	644
617	645
618	645
619	646
620	650
621	651
622	651
623	652
624	654
625	655
626	656
627	657
628	658
629	659
630	659
631	659
632	659
633	659
634	660
635	662
636	663
637	663
638	665
639	665
640	666
641	666
642	666
643	667
644	669
645	670
646	672
647	673
648	673
649	673
650	673
651	673
652	674
653	674
654	675
655	675
656	675
657	676
658	680
659	683
660	683
661	683
662	683
663	684
664	684
665	684
666	686
667	686
668	686
669	686
670	686
671	687
672	690
673	690
674	690
675	691
676	691
677	691
678	691
679	695
680	697
681	697
682	698
683	698
684	698
685	701
686	702
687	702
688	702
689	703
690	703
691	705
692	707
693	711
694	715
695	716
696	716
697	716
698	716
699	716
700	717
701	717
702	717
703	717
704	717
705	717
706	718
707	718
708	720
709	720
710	722
711	723
712	723
713	727
714	727
715	729
716	729
717	729
718	731
719	731
720	731
721	733
722	735
723	736
724	737
725	739
726	740
727	741
728	743
729	743
730	743
731	744
732	745
733	745
734	745
735	745
736	745
737	745
738	745
739	745
740	746
741	747
742	747
743	748
744	750
745	750
746	751
747	752
748	754
749	755
750	756
751	756
752	757
753	758
754	758
755	759
756	759
757	759
758	760
759	763
760	763
761	763
762	763
763	764
764	765
765	765
766	765
767	765
768	765
769	765
770	766
771	766
772	767
773	767
774	767
775	768
776	771
777	772
778	772
779	772
780	775
781	775
782	777
783	778
784	782
785	782
786	783
787	783
788	783
789	784
790	786
791	788
792	788
793	788
794	789
795	789
796	789
797	790
798	790
799	791
800	791
801	791
802	793
803	793
804	794
805	794
806	796
807	796
808	797
809	799
810	800
811	800
812	800
813	800
814	800
815	801
816	804
817	805
818	806
819	807
820	807
821	807
822	807
823	807
824	809
825	809
826	809
827	811
828	813
829	813
830	813
831	814
832	814
833	815
834	816
835	816
836	818
837	819
838	820
839	820
840	820
841	820
842	821
843	821
844	821
845	821
846	822
847	823
848	824
849	825
850	826
851	826
852	826
853	826
854	826
855	826
856	827
857	827
858	828
859	828
860	828
861	829
862	831
863	833
864	834
865	834
866	834
867	834
868	834
869	834
870	834
871	835
872	836
873	837
874	837
875	838
876	838
877	839
878	841
879	841
880	842
881	842
882	842
883	842
884	844
885	845
886	847
887	847
888	848
889	848
890	848
891	849
892	849
893	850
894	850
895	852
896	852
897	853
898	853
899	853
900	854
901	855
902	856
903	857
904	857
905	858
906	858
907	858
908	859
909	860
910	860
911	860
912	861
913	862
914	862
915	862
916	863
917	863
918	863
919	863
920	865
921	865
922	865
923	866
924	866
925	868
926	869
927	870
928	870
929	871
930	872
931	872
932	872
933	872
934	872
935	874
936	874
937	874
938	876
939	877
940	877
941	878
942	878
943	878
944	878
945	878
946	879
947	880
948	881
949	881
950	881
951	881
952	882
953	882
954	882
955	885
956	885
957	886
958	886
959	886
960	886
961	886
962	886
963	887
964	887
965	887
966	888
967	888
968	888
969	889
970	891
971	891
972	891
973	891
974	891
975	891
976	891
977	891
978	892
979	893
980	893
981	893
982	893
983	895
984	895
985	896
986	896
987	896
988	898
989	898
990	899
991	899
992	899
993	899
994	899
995	900
996	901
997	901
998	901
999	902
1000	903
1001	903
1002	903
1003	903
1004	903
1005	904
1006	905
1007	906
1008	906
1009	907
1010	908
1011	908
1012	908
1013	910
1014	912
1015	912
1016	914
1017	915
1018	918
1019	918
1020	918
1021	918
1022	919
1023	920
1024	920
1025	920
1026	920
1027	920
1028	921
1029	921
1030	922
1031	923
1032	924
1033	924
1034	924
1035	924
1036	924
1037	924
1038	924
1039	925
1040	925
1041	925
1042	926
1043	926
1044	926
1045	926
1046	927
1047	927
1048	928
1049	928
1050	929
1051	929
1052	930
1053	933
1054	934
1055	934
1056	934
1057	935
1058	935
1059	935
1060	935
1061	935
1062	935
1063	935
1064	935
1065	936
1066	936
1067	936
1068	936
1069	936
1070	937
1071	937
1072	937
1073	938
1074	939
1075	940
1076	941
1077	941
1078	941
1079	941
1080	941
1081	941
1082	942
1083	943
1084	945
1085	945
1086	945
1087	945
1088	945
1089	946
1090	946
1091	946
1092	948
1093	948
1094	949
1095	949
1096	949
1097	949
1098	949
1099	950
1100	951
1101	952
1102	952
1103	953
1104	953
1105	953
1106	953
1107	953
1108	953
1109	953
1110	953
1111	954
1112	955
1113	955
1114	955
1115	956
1116	956
1117	956
1118	956
1119	956
1120	956
1121	956
1122	956
1123	957
1124	958
1125	959
1126	959
1127	959
1128	959
1129	959
1130	959
1131	959
1132	961
1133	961
1134	962
1135	962
1136	962
1137	962
1138	963
1139	963
1140	963
1141	963
1142	963
1143	963
1144	967
1145	968
1146	968
1147	968
1148	968
1149	968
1150	968
1151	969
1152	969
1153	969
1154	970
1155	970
1156	970
1157	970
1158	971
1159	972
1160	972
1161	972
1162	972
1163	972
1164	972
1165	972
1166	972
1167	972
1168	973
1169	973
1170	973
1171	973
1172	973
1173	974
1174	975
1175	977
1176	977
1177	978
1178	978
1179	978
1180	978
1181	978
1182	979
1183	979
1184	979
1185	979
1186	979
1187	980
1188	982
1189	982
1190	982
1191	982
1192	982
1193	982
1194	982
1195	982
1196	982
1197	982
1198	983
1199	984
1200	984
1201	985
1202	985
1203	986
1204	986
1205	986
1206	986
1207	987
1208	987
1209	987
1210	987
1211	987
1212	987
1213	987
1214	989
1215	990
1216	990
1217	990
1218	991
1219	991
1220	992
1221	993
1222	993
1223	993
1224	993
1225	993
1226	993
1227	993
1228	993
1229	995
1230	995
1231	995
1232	995
1233	995
1234	996
1235	997
1236	997
1237	998
1238	998
1239	1000
1240	1000
1241	1000
1242	1000
1243	1002
1244	1003
1245	1003
1246	1003
1247	1003
1248	1003
1249	1003
1250	1003
1251	1003
1252	1005
1253	1005
1254	1005
1255	1007
1256	1007
1257	1007
1258	1007
1259	1007
1260	1007
1261	1007
1262	1008
1263	1008
1264	1008
1265	1008
1266	1008
1267	1008
1268	1009
1269	1009
1270	1010
1271	1011
1272	1011
1273	1011
1274	1011
1275	1011
1276	1011
1277	1011
1278	1011
1279	1012
1280	1012
1281	1014
1282	1014
1283	1014
1284	1014
1285	1016
1286	1016
1287	1016
1288	1016
1289	1017
1290	1017
1291	1017
1292	1017
1293	1017
1294	1018
1295	1018
1296	1018
1297	1018
1298	1018
1299	1018
1300	1018
1301	1018
1302	1018
1303	1018
1304	1019
1305	1019
1306	1019
1307	1019
1308	1020
1309	1020
1310	1020
1311	1020
1312	1020
1313	1020
1314	1020
1315	1021
1316	1021
1317	1021
1318	1022
1319	1022
1320	1022
1321	1022
1322	1023
1323	1023
1324	1023
1325	1023
1326	1024
1327	1024
1328	1025
1329	1027
1330	1028
1331	1028
1332	1028
1333	1028
1334	1029
1335	1029
1336	1029
1337	1029
1338	1029
1339	1029
1340	1029
1341	1029
1342	1029
1343	1029
1344	1029
1345	1029
1346	1031
1347	1031
1348	1032
1349	1032
1350	1032
1351	1032
1352	1032
1353	1032
1354	1033
1355	1033
1356	1033
1357	1034
1358	1035
1359	1035
1360	1035
1361	1037
1362	1040
1363	1040
1364	1040
1365	1041
1366	1041
1367	1041
1368	1041
1369	1042
1370	1042
1371	1042
1372	1042
1373	1042
1374	1042
1375	1042
1376	1043
1377	1043
1378	1044
1379	1044
1380	1045
1381	1045
1382	1045
1383	1045
1384	1045
1385	1045
1386	1045
1387	1045
1388	1046
1389	1046
1390	1046
1391	1046
1392	1046
1393	1046
1394	1046
1395	1046
1396	1046
1397	1047
1398	1047
1399	1048
1400	1049
1401	1049
1402	1049
1403	1049
1404	1049
1405	1050
1406	1050
1407	1050
1408	1050
1409	1050
1410	1050
1411	1050
1412	1051
1413	1051
1414	1051
1415	1051
1416	1051
1417	1052
1418	1052
1419	1052
1420	1052
1421	1052
1422	1053
1423	1053
1424	1053
1425	1053
1426	1053
1427	1053
1428	1054
1429	1054
1430	1054
1431	1055
1432	1056
1433	1056
1434	1056
1435	1056
1436	1056
1437	1056
1438	1056
1439	1056
1440	1056
1441	1057
1442	1058
1443	1058
1444	1058
1445	1058
1446	1059
1447	1059
1448	1060
1449	1060
1450	1060
1451	1060
1452	1060
1453	1061
1454	1061
1455	1061
1456	1061
1457	1062
1458	1063
1459	1063
1460	1063
1461	1063
1462	1063
1463	1064
1464	1064
1465	1064
1466	1064
1467	1064
1468	1064
1469	1064
1470	1064
1471	1064
1472	1064
1473	1064
1474	1064
1475	1064
1476	1064
1477	1066
1478	1066
1479	1066
1480	1067
1481	1067
1482	1067
1483	1068
1484	1068
1485	1068
1486	1068
1487	1069
1488	1069
1489	1069
1490	1069
1491	1069
1492	1069
1493	1069
1494	1069
1495	1069
1496	1069
1497	1069
1498	1069
1499	1069
1500	1069
1501	1069
1502	1069
1503	1069
1504	1069
1505	1070
1506	1070
1507	1070
1508	1070
1509	1072
1510	1072
1511	1072
1512	1073
1513	1073
1514	1073
1515	1073
1516	1073
1517	1074
1518	1074
1519	1074
1520	1074
1521	1074
1522	1074
1523	1074
1524	1074
1525	1075
1526	1075
1527	1076
1528	1076
1529	1076
1530	1076
1531	1076
1532	1076
1533	1076
1534	1077
1535	1077
1536	1077
1537	1078
1538	1078
1539	1078
1540	1078
1541	1078
1542	1078
1543	1079
1544	1079
1545	1079
1546	1079
1547	1081
1548	1081
1549	1081
1550	1081
1551	1081
1552	1081
1553	1081
1554	1081
1555	1081
1556	1081
1557	1081
1558	1081
1559	1081
1560	1081
1561	1081
1562	1082
1563	1082
1564	1082
1565	1083
1566	1083
1567	1083
1568	1083
1569	1083
1570	1083
1571	1083
1572	1083
1573	1083
1574	1083
1575	1083
1576	1083
1577	1084
1578	1084
1579	1084
1580	1085
1581	1085
1582	1085
1583	1086
1584	1086
1585	1086
1586	1086
1587	1086
1588	1086
1589	1087
1590	1087
1591	1087
1592	1087
1593	1087
1594	1088
1595	1088
1596	1088
1597	1089
1598	1089
1599	1090
1600	1090
1601	1090
1602	1090
1603	1090
1604	1090
1605	1090
1606	1090
1607	1090
1608	1090
1609	1090
1610	1090
1611	1090
1612	1091
1613	1091
1614	1091
1615	1091
1616	1091
1617	1091
1618	1091
1619	1093
1620	1093
1621	1093
1622	1093
1623	1093
1624	1094
1625	1094
1626	1094
1627	1095
1628	1095
1629	1095
1630	1095
1631	1095
1632	1096
1633	1097
1634	1097
1635	1097
1636	1097
1637	1097
1638	1098
1639	1098
1640	1098
1641	1098
1642	1098
1643	1098
1644	1098
1645	1098
1646	1098
1647	1098
1648	1099
1649	1099
1650	1100
1651	1100
1652	1100
1653	1100
1654	1100
1655	1100
1656	1100
1657	1100
1658	1100
1659	1100
1660	1100
1661	1100
1662	1100
1663	1100
1664	1100
1665	1100
1666	1100
1667	1100
1668	1100
1669	1100
1670	1100
1671	1100
1672	1100
1673	1100
1674	1100
1675	1100
1676	1100
1677	1100
1678	1100
1679	1100
1680	1100
1681	1100
1682	1100
1683	1100
1684	1100
1685	1100
1686	1101
1687	1101
1688	1101
1689	1101
1690	1101
1691	1101
1692	1101
1693	1101
1694	1101
1695	1102
1696	1102
1697	1102
1698	1102
1699	1102
1700	1103
1701	1103
1702	1103
1703	1103
1704	1104
1705	1104
1706	1104
1707	1104
1708	1104
1709	1104
1710	1104
1711	1104
1712	1105
1713	1105
1714	1106
1715	1106
1716	1106
1717	1106
1718	1106
1719	1107
1720	1107
1721	1108
1722	1108
1723	1108
1724	1108
1725	1108
1726	1108
1727	1108
1728	1108
1729	1110
1730	1110
1731	1110
1732	1110
1733	1110
1734	1110
1735	1110
1736	1111
1737	1111
1738	1111
1739	1111
1740	1111
1741	1111
1742	1111
1743	1111
1744	1112
1745	1112
1746	1112
1747	1114
1748	1114
1749	1114
1750	1114
1751	1114
1752	1114
1753	1114
1754	1114
1755	1114
1756	1114
1757	1114
1758	1114
1759	1114
1760	1114
1761	1114
1762	1114
1763	1115
1764	1115
1765	1115
1766	1115
1767	1115
1768	1115
1769	1116
1770	1116
1771	1116
1772	1116
1773	1116
1774	1116
1775	1116
1776	1117
1777	1117
1778	1117
1779	1117
1780	1117
1781	1118
1782	1118
1783	1118
1784	1118
1785	1118
1786	1119
1787	1119
1788	1119
1789	1119
1790	1119
1791	1119
1792	1119
1793	1119
1794	1119
1795	1119
1796	1119
1797	1119
1798	1119
1799	1119
1800	1119
1801	1119
1802	1119
1803	1119
1804	1119
1805	1119
1806	1120
1807	1120
1808	1120
1809	1120
1810	1120
1811	1121
1812	1121
1813	1121
1814	1121
1815	1121
1816	1121
1817	1121
1818	1121
1819	1121
1820	1121
1821	1122
1822	1122
1823	1122
1824	1122
1825	1122
1826	1122
1827	1122
1828	1122
1829	1122
1830	1122
1831	1122
1832	1122
1833	1122
1834	1123
1835	1123
1836	1123
1837	1123
1838	1123
1839	1123
1840	1123
1841	1123
1842	1123
1843	1123
1844	1123
1845	1124
1846	1124
1847	1125
1848	1125
1849	1125
1850	1125
1851	1125
1852	1125
1853	1125
1854	1125
1855	1125
1856	1125
1857	1125
1858	1125
1859	1125
1860	1125
1861	1125
1862	1125
1863	1125
1864	1125
1865	1125
1866	1125
1867	1125
1868	1125
1869	1125
1870	1125
1871	1125
1872	1126
1873	1126
1874	1126
1875	1126
1876	1126
1877	1126
1878	1126
1879	1126
1880	1126
1881	1126
1882	1126
1883	1126
1884	1126
1885	1126
1886	1126
1887	1126
1888	1126
1889	1126
1890	1126
1891	1126
1892	1126
1893	1126
1894	1126
1895	1126
1896	1126
1897	1127
1898	1127
1899	1127
1900	1127
1901	1127
1902	1128
1903	1129
1904	1129
1905	1129
1906	1129
1907	1129
1908	1129
1909	1129
1910	1130
1911	1130
1912	1130
1913	1130
1914	1130
1915	1130
1916	1131
1917	1131
1918	1131
1919	1131
1920	1131
1921	1131
1922	1131
1923	1132
1924	1132
1925	1132
1926	1132
1927	1133
1928	1133
1929	1133
1930	1133
1931	1133
1932	1134
1933	1134
1934	1134
1935	1134
1936	1134
1937	1135
1938	1135
1939	1135
1940	1135
1941	1135
1942	1137
1943	1137
1944	1137
1945	1137
1946	1137
1947	1137
1948	1137
1949	1137
1950	1137
1951	1137
1952	1137
1953	1137
1954	1137
1955	1137
1956	1137
1957	1137
1958	1138
1959	1138
1960	1138
1961	1138
1962	1138
1963	1138
1964	1138
1965	1138
1966	1138
1967	1138
1968	1138
1969	1138
1970	1138
1971	1138
1972	1138
1973	1139
1974	1139
1975	1139
1976	1139
1977	1139
1978	1139
1979	1139
1980	1139
1981	1140
1982	1140
1983	1140
1984	1140
1985	1140
1986	1140
1987	1140
1988	1140
1989	1140
1990	1140
1991	1140
1992	1140
1993	1140
1994	1140
1995	1140
1996	1140
1997	1140
1998	1140
1999	1141
2000	1142
2001	1142
2002	1142
2003	1142
2004	1143
2005	1143
2006	1143
2007	1144
2008	1144
2009	1144
2010	1144
2011	1144
2012	1144
2013	1144
2014	1144
2015	1144
2016	1144
2017	1144
2018	1144
2019	1144
2020	1144
2021	1144
2022	1144
2023	1144
2024	1144
2025	1144
2026	1144
2027	1144
2028	1144
2029	1144
2030	1144
2031	1144
2032	1145
2033	1145
2034	1145
2035	1145
2036	1146
2037	1146
2038	1146
2039	1146
2040	1146
2041	1146
2042	1146
2043	1146
2044	1146
2045	1146
2046	1146
2047	1146
2048	1146
2049	1147
2050	1147
2051	1147
2052	1147
2053	1147
2054	1147
2055	1147
2056	1147
2057	1147
2058	1147
2059	1147
2060	1147
2061	1147
2062	1147
2063	1148
2064	1149
2065	1149
2066	1149
2067	1149
2068	1149
2069	1149
2070	1149
2071	1149
2072	1149
2073	1149
2074	1149
2075	1149
2076	1149
2077	1149
2078	1149
2079	1149
2080	1149
2081	1149
2082	1150
2083	1150
2084	1150
2085	1150
2086	1150
2087	1150
2088	1150
2089	1151
2090	1151
2091	1151
2092	1151
2093	1152
2094	1152
2095	1152
2096	1152
2097	1152
2098	1152
2099	1152
2100	1152
2101	1152
2102	1152
2103	1152
2104	1153
2105	1153
2106	1153
2107	1154
2108	1154
2109	1154
2110	1154
2111	1154
2112	1154
2113	1154
2114	1154
2115	1154
2116	1154
2117	1155
2118	1156
2119	1156
2120	1156
2121	1156
2122	1156
2123	1156
2124	1156
2125	1156
2126	1156
2127	1156
2128	1156
2129	1156
2130	1156
2131	1156
2132	1156
2133	1156
2134	1157
2135	1157
2136	1157
2137	1157
2138	1157
2139	1157
2140	1157
2141	1157
2142	1157
2143	1157
2144	1157
2145	1157
2146	1157
2147	1157
2148	1157
2149	1157
2150	1157
2151	1157
2152	1157
2153	1157
2154	1157
2155	1157
2156	1157
2157	1157
2158	1158
2159	1158
2160	1158
2161	1159
2162	1159
2163	1159
2164	1159
2165	1159
2166	1159
2167	1159
2168	1159
2169	1159
2170	1159
2171	1159
2172	1159
2173	1159
2174	1159
2175	1159
2176	1159
2177	1159
2178	1159
2179	1159
2180	1159
2181	1159
2182	1159
2183	1159
2184	1159
2185	1159
2186	1159
2187	1159
2188	1159
2189	1159
2190	1159
2191	1159
2192	1159
2193	1159
2194	1159
2195	1159
2196	1159
2197	1159
2198	1159
2199	1159
2200	1160
2201	1160
2202	1160
2203	1160
2204	1160
2205	1160
2206	1160
2207	1160
2208	1160
2209	1160
2210	1160
2211	1160
2212	1160
2213	1160
2214	1160
2215	1160
2216	1160
2217	1160
2218	1160
2219	1160
2220	1161
2221	1161
2222	1161
2223	1161
2224	1161
2225	1161
2226	1161
2227	1161
2228	1161
2229	1161
2230	1161
2231	1161
2232	1161
2233	1161
2234	1161
2235	1161
2236	1161
2237	1161
2238	1161
2239	1161
2240	1161
2241	1161
2242	1161
2243	1161
2244	1161
2245	1161
2246	1161
2247	1161
2248	1161
2249	1161
2250	1162
2251	1163
2252	1163
2253	1163
2254	1163
2255	1163
2256	1163
2257	1163
2258	1163
2259	1163
2260	1163
2261	1163
2262	1163
2263	1163
2264	1163
2265	1163
2266	1163
2267	1163
2268	1163
2269	1163
2270	1163
2271	1163
2272	1163
2273	1163
2274	1163
2275	1163
2276	1163
2277	1163
2278	1164
2279	1164
2280	1164
2281	1164
2282	1164
2283	1164
2284	1164
2285	1165
2286	1165
2287	1165
2288	1165
2289	1165
2290	1165
2291	1165
2292	1165
2293	1165
2294	1165
2295	1165
2296	1165
2297	1165
2298	1165
2299	1165
2300	1165
2301	1165
2302	1165
2303	1166
2304	1166
2305	1166
2306	1166
2307	1166
2308	1166
2309	1166
2310	1166
2311	1166
2312	1166
2313	1166
2314	1166
2315	1166
2316	1166
2317	1166
2318	1166
2319	1166
2320	1166
2321	1166
2322	1166
2323	1166
2324	1167
2325	1167
2326	1167
2327	1167
2328	1167
2329	1167
2330	1167
2331	1167
2332	1167
2333	1167
2334	1167
2335	1167
2336	1167
2337	1167
2338	1167
2339	1167
2340	1167
2341	1167
2342	1167
2343	1167
2344	1167
2345	1167
2346	1167
2347	1167
2348	1167
2349	1167
2350	1167
2351	1167
2352	1167
2353	1167
2354	1167
2355	1167
2356	1168
2357	1168
2358	1168
2359	1169
2360	1169
2361	1169
2362	1169
2363	1169
2364	1169
2365	1169
2366	1169
2367	1169
2368	1169
2369	1169
2370	1169
2371	1169
2372	1169
2373	1169
2374	1169
2375	1169
2376	1169
2377	1169
2378	1169
2379	1169
2380	1169
2381	1169
2382	1169
2383	1169
2384	1169
2385	1169
2386	1169
2387	1169
2388	1169
2389	1169
2390	1169
2391	1169
2392	1169
2393	1169
2394	1169
2395	1169
2396	1169
2397	1169
2398	1169
2399	1169
2400	1169
2401	1169
2402	1169
2403	1169
2404	1169
2405	1169
2406	1169
2407	1169
2408	1169
2409	1169
2410	1169
2411	1169
2412	1170
2413	1170
2414	1170
2415	1170
2416	1170
2417	1170
2418	1170
2419	1170
2420	1170
2421	1170
2422	1170
2423	1170
2424	1170
2425	1170
2426	1170
2427	1170
2428	1170
2429	1170
2430	1170
2431	1170
2432	1171
2433	1171
2434	1171
2435	1171
2436	1171
2437	1171
2438	1171
2439	1171
2440	1171
2441	1171
2442	1171
2443	1171
2444	1171
2445	1171
2446	1171
2447	1171
2448	1172
2449	1172
2450	1172
2451	1172
2452	1172
2453	1172
2454	1172
2455	1173
2456	1173
2457	1173
2458	1173
2459	1173
2460	1173
2461	1173
2462	1173
2463	1173
2464	1173
2465	1173
2466	1173
2467	1173
2468	1173
2469	1173
2470	1173
2471	1173
2472	1173
2473	1173
2474	1173
2475	1173
2476	1173
2477	1173
2478	1173
2479	1173
2480	1173
2481	1173
2482	1173
2483	1173
2484	1173
2485	1174
2486	1174
2487	1174
2488	1174
2489	1174
2490	1174
2491	1174
2492	1174
2493	1174
2494	1174
2495	1174
2496	1174
2497	1174
2498	1174
2499	1174
2500	1174
2501	1175
2502	1175
2503	1175
2504	1175
2505	1175
2506	1175
2507	1175
2508	1175
2509	1175
2510	1175
2511	1175
2512	1175
2513	1175
2514	1175
2515	1175
2516	1175
2517	1175
2518	1175
2519	1175
2520	1175
2521	1175
2522	1175
2523	1175
2524	1175
2525	1175
2526	1176
2527	1176
2528	1176
2529	1176
2530	1176
2531	1176
2532	1176
2533	1176
2534	1176
2535	1176
2536	1176
2537	1176
2538	1176
2539	1176
2540	1176
2541	1176
2542	1176
2543	1176
2544	1176
2545	1176
2546	1176
2547	1176
2548	1176
2549	1176
2550	1176
2551	1176
2552	1176
2553	1176
2554	1176
2555	1176
2556	1176
2557	1177
2558	1177
2559	1177
2560	1177
2561	1177
2562	1177
2563	1177
2564	1177
2565	1177
2566	1177
2567	1178
2568	1178
2569	1178
2570	1178
2571	1178
2572	1178
2573	1178
2574	1178
2575	1178
2576	1178
2577	1178
2578	1178
2579	1178
2580	1178
2581	1178
2582	1178
2583	1178
2584	1178
2585	1178
2586	1178
2587	1178
2588	1178
2589	1178
2590	1178
2591	1178
2592	1178
2593	1179
2594	1179
2595	1179
2596	1179
2597	1179
2598	1179
2599	1179
2600	1179
2601	1179
2602	1179
2603	1179
2604	1179
2605	1179
2606	1179
2607	1179
2608	1179
2609	1179
2610	1179
2611	1179
2612	1179
2613	1179
2614	1179
2615	1179
2616	1179
2617	1179
2618	1179
2619	1179
2620	1179
2621	1179
2622	1179
2623	1179
2624	1180
2625	1180
2626	1180
2627	1180
2628	1180
2629	1181
2630	1181
2631	1181
2632	1181
2633	1181
2634	1181
2635	1181
2636	1181
2637	1181
2638	1181
2639	1181
2640	1181
2641	1181
2642	1181
2643	1181
2644	1181
2645	1181
2646	1181
2647	1181
2648	1181
2649	1181
2650	1181
2651	1181
2652	1181
2653	1181
2654	1181
2655	1181
2656	1181
2657	1181
2658	1181
2659	1181
2660	1181
2661	1181
2662	1181
2663	1181
2664	1181
2665	1181
2666	1181
2667	1181
2668	1181
2669	1181
2670	1181
2671	1182
2672	1182
2673	1182
2674	1182
2675	1182
2676	1182
2677	1182
2678	1182
2679	1182
2680	1182
2681	1182
2682	1182
2683	1182
2684	1182
2685	1182
2686	1182
2687	1182
2688	1182
2689	1182
2690	1182
2691	1182
2692	1182
2693	1182
2694	1182
2695	1182
2696	1182
2697	1182
2698	1182
2699	1182
2700	1182
2701	1182
2702	1182
2703	1182
2704	1182
2705	1182
2706	1182
2707	1182
2708	1182
2709	1182
2710	1182
2711	1183
2712	1183
2713	1183
2714	1183
2715	1183
2716	1183
2717	1183
2718	1183
2719	1183
2720	1183
2721	1183
2722	1183
2723	1183
2724	1183
2725	1183
2726	1183
2727	1183
2728	1183
2729	1183
2730	1183
2731	1183
2732	1183
2733	1183
2734	1183
2735	1183
2736	1183
2737	1183
2738	1183
2739	1183
2740	1183
2741	1183
2742	1183
2743	1183
2744	1184
2745	1184
2746	1185
2747	1185
2748	1185
2749	1185
2750	1185
2751	1185
2752	1185
2753	1185
2754	1185
2755	1185
2756	1185
2757	1185
2758	1185
2759	1185
2760	1185
2761	1185
2762	1185
2763	1185
2764	1185
2765	1185
2766	1185
2767	1185
2768	1185
2769	1185
2770	1185
2771	1185
2772	1185
2773	1185
2774	1185
2775	1185
2776	1185
2777	1185
2778	1185
2779	1185
2780	1185
2781	1185
2782	1185
2783	1185
2784	1185
2785	1185
2786	1185
2787	1185
2788	1185
2789	1185
2790	1185
2791	1185
2792	1185
2793	1185
2794	1185
2795	1185
2796	1185
2797	1185
2798	1185
2799	1185
2800	1185
2801	1185
2802	1185
2803	1185
2804	1185
2805	1185
2806	1185
2807	1185
2808	1185
2809	1185
2810	1185
2811	1185
2812	1185
2813	1185
2814	1185
2815	1185
2816	1185
2817	1185
2818	1185
2819	1185
2820	1185
2821	1185
2822	1185
2823	1185
2824	1185
2825	1185
2826	1185
2827	1185
2828	1185
2829	1185
2830	1185
2831	1185
2832	1185
2833	1185
2834	1185
2835	1185
2836	1185
2837	1185
2838	1186
2839	1186
2840	1186
2841	1186
2842	1186
2843	1186
2844	1186
2845	1186
2846	1186
2847	1186
2848	1186
2849	1186
2850	1186
2851	1186
2852	1186
2853	1186
2854	1186
2855	1186
2856	1186
2857	1186
2858	1186
2859	1186
2860	1186
2861	1186
2862	1186
2863	1186
2864	1186
2865	1186
2866	1186
2867	1186
2868	1186
2869	1186
2870	1187
2871	1187
2872	1187
2873	1187
2874	1187
2875	1187
2876	1187
2877	1187
2878	1187
2879	1187
2880	1187
2881	1187
2882	1187
2883	1187
2884	1187
2885	1187
2886	1187
2887	1187
2888	1187
2889	1187
2890	1187
2891	1188
2892	1188
2893	1188
2894	1188
2895	1188
2896	1188
2897	1188
2898	1188
2899	1188
2900	1188
2901	1188
2902	1188
2903	1188
2904	1188
2905	1188
2906	1188
2907	1188
2908	1188
2909	1188
2910	1188
2911	1188
2912	1188
2913	1188
2914	1188
2915	1188
2916	1188
2917	1188
2918	1188
2919	1188
2920	1188
2921	1188
2922	1188
2923	1188
2924	1188
2925	1188
2926	1188
2927	1188
2928	1188
2929	1188
2930	1188
2931	1188
2932	1188
2933	1188
2934	1188
2935	1188
2936	1188
2937	1188
2938	1188
2939	1188
2940	1188
2941	1188
2942	1188
2943	1188
2944	1188
2945	1188
2946	1188
2947	1188
2948	1188
2949	1188
2950	1188
2951	1188
2952	1188
2953	1188
2954	1188
2955	1188
2956	1188
2957	1188
2958	1188
2959	1188
2960	1188
2961	1188
2962	1188
2963	1188
2964	1188
2965	1188
2966	1189
2967	1189
2968	1189
2969	1189
2970	1189
2971	1189
2972	1189
2973	1189
2974	1189
2975	1189
2976	1189
2977	1189
2978	1189
2979	1189
2980	1189
2981	1189
2982	1189
2983	1189
2984	1189
2985	1189
2986	1189
2987	1189
2988	1189
2989	1189
2990	1189
2991	1189
2992	1189
2993	1189
2994	1189
2995	1189
2996	1189
2997	1189
2998	1189
2999	1189
3000	1189
3001	1189
3002	1189
3003	1189
3004	1189
3005	1189
3006	1189
3007	1189
3008	1189
3009	1189
3010	1189
3011	1189
3012	1189
3013	1189
3014	1189
3015	1189
3016	1189
3017	1189
3018	1189
3019	1189
3020	1189
3021	1189
3022	1189
3023	1189
3024	1189
3025	1189
3026	1189
3027	1189
3028	1189
3029	1189
3030	1189
3031	1189
3032	1189
3033	1189
3034	1190
3035	1190
3036	1190
3037	1190
3038	1190
3039	1190
3040	1190
3041	1190
3042	1190
3043	1190
3044	1190
3045	1190
3046	1190
3047	1190
3048	1190
3049	1190
3050	1190
3051	1190
3052	1190
3053	1190
3054	1190
3055	1190
3056	1190
3057	1190
3058	1190
3059	1190
3060	1190
3061	1190
3062	1190
3063	1190
3064	1190
3065	1190
3066	1190
3067	1190
3068	1190
3069	1190
3070	1190
3071	1190
3072	1190
3073	1190
3074	1190
3075	1190
3076	1190
3077	1190
3078	1190
3079	1190
3080	1190
3081	1190
3082	1190
3083	1190
3084	1190
3085	1190
3086	1190
3087	1190
3088	1190
3089	1190
3090	1190
3091	1190
3092	1190
3093	1190
3094	1190
3095	1190
3096	1190
3097	1190
3098	1190
3099	1190
3100	1190
3101	1190
3102	1190
3103	1190
3104	1190
3105	1190
3106	1190
3107	1190
3108	1190
3109	1190
3110	1190
3111	1190
3112	1190
3113	1191
3114	1191
3115	1191
3116	1191
3117	1191
3118	1191
3119	1191
3120	1191
3121	1191
3122	1191
3123	1191
3124	1191
3125	1192
3126	1192
3127	1192
3128	1192
3129	1192
3130	1192
3131	1192
3132	1192
3133	1192
3134	1192
3135	1192
3136	1192
3137	1192
3138	1192
3139	1192
3140	1192
3141	1192
3142	1192
3143	1192
3144	1192
3145	1192
3146	1192
3147	1192
3148	1192
3149	1192
3150	1192
3151	1192
3152	1192
3153	1192
3154	1192
3155	1192
3156	1192
3157	1192
3158	1192
3159	1192
3160	1192
3161	1192
3162	1192
3163	1192
3164	1192
3165	1192
3166	1192
3167	1192
3168	1192
3169	1192
3170	1192
3171	1192
3172	1192
3173	1192
3174	1192
3175	1192
3176	1192
3177	1192
3178	1192
3179	1192
3180	1192
3181	1192
3182	1192
3183	1192
3184	1192
3185	1192
3186	1192
3187	1192
3188	1192
3189	1192
3190	1192
3191	1192
3192	1192
3193	1192
3194	1192
3195	1192
3196	1192
3197	1192
3198	1192
3199	1192
3200	1192
3201	1192
3202	1192
3203	1192
3204	1192
3205	1192
3206	1192
3207	1192
3208	1192
3209	1192
3210	1193
3211	1193
3212	1193
3213	1193
3214	1193
3215	1193
3216	1193
3217	1193
3218	1193
3219	1193
3220	1193
3221	1193
3222	1193
3223	1193
3224	1193
3225	1193
3226	1193
3227	1193
3228	1193
3229	1193
3230	1193
3231	1193
3232	1193
3233	1193
3234	1193
3235	1193
3236	1193
3237	1193
3238	1193
3239	1193
3240	1193
3241	1193
3242	1193
3243	1193
3244	1193
3245	1193
3246	1193
3247	1193
3248	1193
3249	1193
3250	1193
3251	1193
3252	1193
3253	1193
3254	1193
3255	1193
3256	1193
3257	1193
3258	1193
3259	1193
3260	1193
3261	1193
3262	1193
3263	1193
3264	1193
3265	1193
3266	1193
3267	1193
3268	1193
3269	1193
3270	1193
3271	1193
3272	1193
3273	1193
3274	1193
3275	1193
3276	1193
3277	1193
3278	1193
3279	1193
3280	1193
3281	1193
3282	1193
3283	1193
3284	1193
3285	1193
3286	1193
3287	1193
3288	1193
3289	1193
3290	1193
3291	1193
3292	1193
3293	1193
3294	1193
3295	1193
3296	1193
3297	1193
3298	1193
3299	1193
3300	1193
3301	1193
3302	1193
3303	1193
3304	1193
3305	1193
3306	1193
3307	1193
3308	1193
3309	1193
3310	1193
3311	1193
3312	1193
3313	1193
3314	1193
3315	1193
3316	1193
3317	1193
3318	1193
3319	1193
3320	1193
3321	1193
3322	1193
3323	1193
3324	1193
3325	1193
3326	1193
3327	1193
3328	1194
3329	1194
3330	1194
3331	1194
3332	1194
3333	1194
3334	1194
3335	1194
3336	1194
3337	1194
3338	1194
3339	1194
3340	1194
3341	1194
3342	1194
3343	1194
3344	1194
3345	1194
3346	1194
3347	1194
3348	1194
3349	1194
3350	1194
3351	1194
3352	1194
3353	1194
3354	1194
3355	1194
3356	1194
3357	1194
3358	1194
3359	1194
3360	1194
3361	1194
3362	1194
3363	1194
3364	1194
3365	1194
3366	1194
3367	1194
3368	1194
3369	1194
3370	1194
3371	1194
3372	1194
3373	1194
3374	1194
3375	1194
3376	1194
3377	1194
3378	1194
3379	1194
3380	1194
3381	1194
3382	1194
3383	1194
3384	1194
3385	1194
3386	1194
3387	1194
3388	1194
3389	1194
3390	1194
3391	1194
3392	1194
3393	1194
3394	1194
3395	1194
3396	1194
3397	1194
3398	1194
3399	1194
3400	1194
3401	1194
3402	1194
3403	1194
3404	1194
3405	1194
3406	1194
3407	1194
3408	1194
3409	1194
3410	1194
3411	1194
3412	1194
3413	1194
3414	1194
3415	1194
3416	1194
3417	1194
3418	1194
3419	1194
3420	1194
3421	1194
3422	1194
3423	1194
3424	1194
3425	1194
3426	1194
3427	1194
3428	1194
3429	1194
3430	1194
3431	1194
3432	1194
3433	1194
3434	1194
3435	1194
3436	1194
3437	1194
3438	1194
3439	1194
3440	1194
3441	1194
3442	1195
3443	1195
3444	1195
3445	1195
3446	1195
3447	1195
3448	1195
3449	1195
3450	1195
3451	1195
3452	1195
3453	1195
3454	1195
3455	1195
3456	1195
3457	1195
3458	1195
3459	1195
3460	1195
3461	1195
3462	1195
3463	1195
3464	1195
3465	1195
3466	1195
3467	1195
3468	1195
3469	1195
3470	1195
3471	1195
3472	1195
3473	1195
3474	1195
3475	1195
3476	1195
3477	1195
3478	1195
3479	1195
3480	1195
3481	1195
3482	1195
3483	1195
3484	1195
3485	1195
3486	1195
3487	1195
3488	1195
3489	1195
3490	1195
3491	1195
3492	1195
3493	1195
3494	1195
3495	1195
3496	1195
3497	1195
3498	1195
3499	1195
3500	1195
3501	1195
3502	1195
3503	1195
3504	1195
3505	1195
3506	1195
3507	1195
3508	1195
3509	1195
3510	1195
3511	1195
3512	1195
3513	1195
3514	1195
3515	1195
3516	1195
3517	1195
3518	1195
3519	1195
3520	1195
3521	1195
3522	1195
3523	1195
3524	1195
3525	1195
3526	1195
3527	1195
3528	1195
3529	1195
3530	1195
3531	1195
3532	1195
3533	1195
3534	1195
3535	1195
3536	1195
3537	1195
3538	1195
3539	1195
3540	1195
3541	1196
3542	1196
3543	1196
3544	1196
3545	1196
3546	1196
3547	1196
3548	1196
3549	1196
3550	1196
3551	1196
3552	1196
3553	1196
3554	1196
3555	1196
3556	1196
3557	1196
3558	1196
3559	1196
3560	1196
3561	1196
3562	1196
3563	1196
3564	1196
3565	1196
3566	1196
3567	1196
3568	1196
3569	1196
3570	1196
3571	1196
3572	1196
3573	1196
3574	1196
3575	1196
3576	1196
3577	1196
3578	1196
3579	1196
3580	1196
3581	1196
3582	1196
3583	1196
3584	1196
3585	1196
3586	1196
3587	1196
3588	1196
3589	1196
3590	1196
3591	1196
3592	1196
3593	1196
3594	1196
3595	1196
3596	1196
3597	1196
3598	1196
3599	1196
3600	1196
3601	1196
3602	1196
3603	1196
3604	1196
3605	1196
3606	1196
3607	1196
3608	1196
3609	1196
3610	1196
3611	1196
3612	1196
3613	1196
3614	1196
3615	1196
3616	1196
3617	1196
3618	1196
3619	1196
3620	1196
3621	1196
3622	1196
3623	1196
3624	1196
3625	1196
3626	1196
3627	1196
3628	1196
3629	1196
3630	1196
3631	1196
3632	1196
3633	1196
3634	1196
3635	1196
3636	1196
3637	1196
3638	1196
3639	1196
3640	1196
3641	1196
3642	1196
3643	1196
3644	1196
3645	1196
3646	1196
3647	1196
3648	1196
3649	1196
3650	1196
3651	1196
3652	1196
3653	1196
3654	1196
3655	1196
3656	1196
3657	1196
3658	1196
3659	1196
3660	1196
3661	1196
3662	1196
3663	1196
3664	1196
3665	1196
3666	1196
3667	1196
3668	1196
3669	1196
3670	1196
3671	1196
3672	1196
3673	1196
3674	1197
3675	1197
3676	1197
3677	1197
3678	1197
3679	1197
3680	1197
3681	1197
3682	1197
3683	1197
3684	1197
3685	1197
3686	1197
3687	1197
3688	1197
3689	1197
3690	1197
3691	1197
3692	1197
3693	1197
3694	1197
3695	1197
3696	1197
3697	1197
3698	1197
3699	1197
3700	1197
3701	1197
3702	1197
3703	1197
3704	1197
3705	1197
3706	1197
3707	1197
3708	1197
3709	1197
3710	1197
3711	1197
3712	1197
3713	1197
3714	1197
3715	1197
3716	1197
3717	1197
3718	1197
3719	1197
3720	1197
3721	1197
3722	1197
3723	1197
3724	1197
3725	1197
3726	1197
3727	1197
3728	1197
3729	1197
3730	1197
3731	1197
3732	1197
3733	1197
3734	1197
3735	1197
3736	1197
3737	1197
3738	1197
3739	1197
3740	1197
3741	1197
3742	1197
3743	1197
3744	1197
3745	1197
3746	1197
3747	1197
3748	1197
3749	1197
3750	1197
3751	1197
3752	1197
3753	1197
3754	1197
3755	1197
3756	1197
3757	1197
3758	1197
3759	1197
3760	1197
3761	1197
3762	1197
3763	1197
3764	1197
3765	1197
3766	1197
3767	1197
3768	1197
3769	1197
3770	1197
3771	1197
3772	1197
3773	1197
3774	1197
3775	1197
3776	1197
3777	1197
3778	1197
3779	1197
3780	1197
3781	1197
3782	1197
3783	1197
3784	1197
3785	1197
3786	1197
3787	1197
3788	1197
3789	1197
3790	1197
3791	1197
3792	1197
3793	1197
3794	1197
3795	1197
3796	1197
3797	1197
3798	1197
3799	1197
3800	1197
3801	1197
3802	1197
3803	1197
3804	1197
3805	1197
3806	1197
3807	1197
3808	1197
3809	1197
3810	1197
3811	1197
3812	1197
3813	1197
3814	1197
3815	1197
3816	1197
3817	1197
3818	1197
3819	1197
3820	1197
3821	1197
3822	1197
3823	1197
3824	1197
3825	1197
3826	1197
3827	1197
3828	1197
3829	1197
3830	1197
3831	1197
3832	1197
3833	1197
3834	1197
3835	1197
3836	1197
3837	1197
3838	1197
3839	1197
3840	1197
3841	1197
3842	1197
3843	1197
3844	1197
3845	1197
3846	1197
3847	1197
3848	1197
3849	1197
3850	1197
3851	1197
3852	1197
3853	1197
3854	1197
3855	1197
3856	1197
3857	1197
3858	1197
3859	1197
3860	1197
3861	1197
3862	1197
3863	1197
3864	1197
3865	1197
3866	1197
3867	1197
3868	1197
3869	1197
3870	1197
3871	1197
3872	1197
3873	1197
3874	1197
3875	1197
3876	1197
3877	1197
3878	1197
3879	1197
3880	1197
3881	1197
3882	1197
3883	1197
3884	1197
3885	1197
3886	1197
3887	1197
3888	1197
3889	1197
3890	1197
3891	1197
3892	1197
3893	1197
3894	1197
3895	1197
3896	1197
3897	1197
3898	1197
3899	1197
3900	1197
3901	1197
3902	1197
3903	1197
3904	1197
3905	1197
3906	1197
3907	1197
3908	1197
3909	1197
3910	1197
3911	1197
3912	1197
3913	1197
3914	1197
3915	1197
3916	1197
3917	1197
3918	1197
3919	1197
3920	1197
3921	1197
3922	1197
3923	1197
3924	1197
3925	1197
3926	1197
3927	1197
3928	1197
3929	1197
3930	1197
3931	1197
3932	1197
3933	1197
3934	1197
3935	1197
3936	1197
3937	1197
3938	1197
3939	1197
3940	1197
3941	1197
3942	1197
3943	1197
3944	1197
3945	1197
3946	1197
3947	1197
3948	1197
3949	1197
3950	1197
3951	1197
3952	1197
3953	1197
3954	1197
3955	1197
3956	1197
3957	1197
3958	1197
3959	1197
3960	1197
3961	1197
3962	1197
3963	1197
3964	1197
3965	1197
3966	1197
3967	1197
3968	1197
3969	1197
3970	1197
3971	1197
3972	1197
3973	1197
3974	1197
3975	1197
3976	1197
3977	1197
3978	1197
3979	1197
3980	1197
3981	1197
3982	1197
3983	1197
3984	1197
3985	1197
3986	1197
3987	1197
3988	1197
3989	1197
3990	1197
3991	1197
3992	1197
3993	1197
3994	1197
3995	1197
3996	1197
3997	1197
3998	1197
3999	1197
4000	1197
4001	1197
4002	1197
4003	1197
4004	1197
4005	1197
4006	1197
4007	1197
4008	1197
4009	1197
4010	1197
4011	1197
4012	1197
4013	1197
4014	1197
4015	1197
4016	1197
4017	1197
4018	1197
4019	1197
4020	1197
4021	1197
4022	1197
4023	1197
4024	1197
4025	1197
4026	1197
4027	1197
4028	1197
4029	1197
4030	1197
4031	1197
4032	1197
4033	1197
4034	1197
4035	1197
4036	1197
4037	1197
4038	1197
4039	1197
4040	1197
4041	1197
4042	1197
4043	1197
4044	1197
4045	1197
4046	1197
4047	1197
4048	1197
4049	1197
4050	1197
4051	1197
4052	1197
4053	1197
4054	1197
4055	1197
4056	1197
4057	1197
4058	1197
4059	1197
4060	1197
4061	1197
4062	1197
4063	1197
4064	1197
4065	1197
4066	1197
4067	1197
4068	1197
4069	1197
4070	1197
4071	1197
4072	1197
4073	1197
4074	1197
4075	1197
4076	1197
4077	1197
4078	1197
4079	1197
4080	1197
4081	1197
4082	1197
4083	1197
4084	1197
4085	1197
4086	1197
4087	1197
4088	1197
4089	1197
4090	1197
4091	1197
4092	1197
4093	1197
4094	1197
4095	1197
4096	1197
4097	1197
4098	1197
4099	1197
4100	1197
4101	1197
4102	1197
4103	1197
4104	1197
4105	1197
4106	1197
4107	1197
4108	1197
4109	1197
4110	1197
4111	1197
4112	1197
4113	1197
4114	1197
4115	1197
4116	1197
4117	1197
4118	1197
4119	1197
4120	1197
4121	1197
4122	1197
4123	1197
4124	1197
4125	1197
4126	1197
4127	1197
4128	1197
4129	1197
4130	1197
4131	1197
4132	1197
4133	1197
4134	1197
4135	1197
4136	1197
4137	1197
4138	1197
4139	1197
4140	1197
4141	1197
4142	1197
4143	1197
4144	1197
4145	1197
4146	1197
4147	1197
4148	1197
4149	1197
4150	1197
4151	1197
4152	1197
4153	1197
4154	1197
4155	1197
4156	1197
4157	1197
4158	1197
4159	1197
4160	1197
4161	1197
4162	1197
4163	1197
4164	1197
4165	1197
4166	1197
4167	1197
4168	1197
4169	1197
4170	1197
4171	1197
4172	1197
4173	1198
4174	1198
4175	1198
4176	1198
4177	1198
4178	1198
4179	1198
4180	1198
4181	1198
4182	1198
4183	1198
4184	1198
4185	1198
4186	1198
4187	1198
4188	1198
4189	1198
4190	1198
4191	1198
4192	1198
4193	1198
4194	1198
4195	1198
4196	1198
4197	1198
4198	1198
4199	1199
4200	1199
4201	1199
4202	1199
4203	1199
4204	1199
4205	1199
4206	1199
4207	1199
4208	1199
4209	1199
4210	1199
4211	1199
4212	1199
4213	1199
4214	1199
4215	1199
4216	1199
4217	1199
4218	1199
4219	1199
4220	1199
4221	1199
4222	1199
4223	1199
4224	1199
4225	1199
4226	1199
4227	1199
4228	1199
4229	1199
4230	1199
4231	1199
4232	1199
4233	1199
4234	1199
4235	1199
4236	1199
4237	1199
4238	1199
4239	1199
4240	1199
4241	1199
4242	1199
4243	1199
4244	1199
4245	1199
4246	1199
4247	1199
4248	1199
4249	1199
4250	1199
4251	1199
4252	1199
4253	1199
4254	1199
4255	1199
4256	1199
4257	1199
4258	1199
4259	1199
4260	1199
4261	1199
4262	1199
4263	1199
4264	1199
4265	1199
4266	1199
4267	1199
4268	1199
4269	1199
4270	1199
4271	1199
4272	1199
4273	1199
4274	1199
4275	1199
4276	1199
4277	1199
4278	1199
4279	1199
4280	1199
4281	1199
4282	1199
4283	1199
4284	1199
4285	1199
4286	1199
4287	1199
4288	1199
4289	1199
4290	1199
4291	1199
4292	1199
4293	1199
4294	1199
4295	1199
4296	1199
4297	1199
4298	1199
4299	1199
4300	1199
4301	1199
4302	1199
4303	1199
4304	1199
4305	1199
4306	1199
4307	1199
4308	1199
4309	1199
4310	1199
4311	1199
4312	1199
4313	1199
4314	1199
4315	1199
4316	1199
4317	1199
4318	1199
4319	1199
4320	1199
4321	1199
4322	1199
4323	1199
4324	1199
4325	1199
4326	1199
4327	1199
4328	1199
4329	1199
4330	1199
4331	1199
4332	1199
4333	1199
4334	1199
4335	1199
4336	1199
4337	1199
4338	1199
4339	1199
4340	1199
4341	1199
4342	1199
4343	1199
4344	1199
4345	1199
4346	1199
4347	1199
4348	1199
4349	1199
4350	1199
4351	1199
4352	1199
4353	1199
4354	1199
4355	1199
4356	1199
4357	1199
4358	1199
4359	1199
4360	1199
4361	1199
4362	1199
4363	1199
4364	1199
4365	1199
4366	1199
4367	1199
4368	1199
4369	1199
4370	1199
4371	1199
4372	1199
4373	1199
4374	1199
4375	1199
4376	1199
4377	1199
4378	1199
4379	1199
4380	1199
4381	1199
4382	1199
4383	1199
4384	1199
4385	1199
4386	1199
4387	1199
4388	1199
4389	1199
4390	1199
4391	1199
4392	1199
4393	1199
4394	1199
4395	1199
4396	1199
4397	1199
4398	1199
4399	1199
4400	1199
4401	1199
4402	1199
4403	1199
4404	1199
4405	1199
4406	1199
4407	1199
4408	1199
4409	1199
4410	1199
4411	1199
4412	1199
4413	1199
4414	1199
4415	1199
4416	1199
4417	1199
4418	1199
4419	1199
4420	1199
4421	1199
4422	1199
4423	1199
4424	1199
4425	1199
4426	1199
4427	1199
4428	1199
4429	1199
4430	1199
4431	1199
4432	1199
4433	1199
4434	1199
4435	1199
4436	1199
4437	1199
4438	1199
4439	1199
4440	1199
4441	1199
4442	1199
4443	1199
4444	1199
4445	1199
4446	1199
4447	1199
4448	1199
4449	1199
4450	1199
4451	1199
4452	1199
4453	1199
4454	1199
4455	1199
4456	1199
4457	1199
4458	1199
4459	1199
4460	1199
4461	1199
4462	1199
4463	1199
4464	1199
4465	1199
4466	1199
4467	1199
4468	1199
4469	1199
4470	1199
4471	1199
4472	1199
4473	1199
4474	1199
4475	1199
4476	1199
4477	1199
4478	1199
4479	1199
4480	1199
4481	1199
4482	1199
4483	1199
4484	1199
4485	1199
4486	1199
4487	1199
4488	1199
4489	1199
4490	1199
4491	1199
4492	1199
4493	1199
4494	1199
4495	1199
4496	1199
4497	1199
4498	1199
4499	1199
4500	1199
4501	1199
4502	1199
4503	1199
4504	1199
4505	1199
4506	1199
4507	1199
4508	1199
4509	1199
4510	1199
4511	1199
4512	1199
4513	1199
4514	1199
4515	1199
4516	1199
4517	1199
4518	1199
4519	1199
4520	1199
4521	1199
4522	1199
4523	1199
4524	1199
4525	1199
4526	1199
4527	1199
4528	1199
4529	1199
4530	1199
4531	1199
4532	1199
4533	1199
4534	1199
4535	1199
4536	1199
4537	1199
4538	1199
4539	1199
4540	1199
4541	1199
4542	1199
4543	1199
4544	1199
4545	1199
4546	1199
4547	1199
4548	1199
4549	1199
4550	1199
4551	1199
4552	1199
4553	1199
4554	1199
4555	1199
4556	1199
4557	1199
4558	1199
4559	1199
4560	1199
4561	1199
4562	1199
4563	1199
4564	1199
4565	1199
4566	1199
4567	1199
4568	1199
4569	1199
4570	1199
4571	1199
4572	1199
4573	1199
4574	1199
4575	1199
4576	1199
4577	1199
4578	1199
4579	1199
4580	1199
4581	1199
4582	1199
4583	1199
4584	1199
4585	1199
4586	1199
4587	1199
4588	1199
4589	1199
4590	1199
4591	1199
4592	1199
4593	1199
4594	1199
4595	1199
4596	1199
4597	1199
4598	1199
4599	1199
4600	1199
4601	1199
4602	1199
4603	1199
4604	1199
4605	1199
4606	1199
4607	1199
4608	1199
4609	1199
4610	1199
4611	1199
4612	1199
4613	1199
4614	1199
4615	1199
4616	1199
4617	1199
4618	1199
4619	1199
4620	1199
4621	1199
4622	1199
4623	1199
4624	1199
4625	1199
4626	1199
4627	1199
4628	1199
4629	1199
4630	1199
4631	1199
4632	1199
4633	1199
4634	1199
4635	1199
4636	1199
4637	1199
4638	1199
4639	1199
4640	1199
4641	1199
4642	1199
4643	1199
4644	1199
4645	1199
4646	1199
4647	1199
4648	1199
4649	1199
4650	1199
4651	1199
4652	1199
4653	1199
4654	1199
4655	1199
4656	1199
4657	1199
4658	1199
4659	1199
4660	1199
4661	1199
4662	1199
4663	1199
4664	1199
4665	1199
4666	1199
4667	1199
4668	1199
4669	1199
4670	1199
4671	1199
4672	1199
4673	1199
4674	1199
4675	1199
4676	1199
4677	1199
4678	1199
4679	1199
4680	1199
4681	1199
4682	1199
4683	1199
4684	1199
4685	1199
4686	1199
4687	1199
4688	1199
4689	1199
4690	1199
4691	1199
4692	1199
4693	1199
4694	1199
4695	1199
4696	1199
4697	1199
4698	1199
4699	1199
4700	1199
4701	1199
4702	1199
4703	1199
4704	1199
4705	1199
4706	1199
4707	1199
4708	1199
4709	1199
4710	1199
4711	1199
4712	1199
4713	1199
4714	1199
4715	1199
4716	1199
4717	1199
4718	1199
4719	1199
4720	1199
4721	1199
4722	1199
4723	1200
4724	1200
4725	1200
4726	1200
4727	1200
4728	1200
4729	1200
4730	1200
4731	1200
4732	1200
4733	1200
4734	1200
4735	1200
4736	1200
4737	1200
4738	1200
4739	1200
4740	1200
4741	1200
4742	1200
4743	1200
4744	1200
4745	1200
4746	1200
4747	1200
4748	1200
4749	1200
4750	1200
4751	1200
4752	1200
4753	1200
4754	1200
4755	1200
4756	1200
4757	1200
4758	1200
4759	1200
4760	1200
4761	1200
4762	1200
4763	1200
4764	1200
4765	1200
4766	1200
4767	1200
4768	1200
4769	1200
4770	1200
4771	1200
4772	1200
4773	1200
4774	1200
4775	1200
4776	1200
4777	1200
4778	1200
4779	1200
4780	1200
4781	1200
4782	1200
4783	1200
4784	1200
4785	1200
4786	1200
4787	1200
4788	1200
4789	1200
4790	1200
4791	1200
4792	1200
4793	1200
4794	1200
4795	1200
4796	1200
4797	1200
4798	1200
4799	1200
4800	1200
4801	1200
4802	1200
4803	1200
4804	1200
4805	1200
4806	1200
4807	1200
4808	1200
4809	1200
4810	1200
4811	1200
4812	1200
4813	1200
4814	1200
4815	1200
4816	1200
4817	1200
4818	1200
4819	1200
4820	1200
4821	1200
4822	1200
4823	1200
4824	1200
4825	1200
4826	1200
4827	1200
4828	1200
4829	1200
4830	1200
4831	1200
4832	1200
4833	1200
4834	1200
4835	1200
4836	1200
4837	1200
4838	1200
4839	1200
4840	1200
4841	1200
4842	1200
4843	1200
4844	1200
4845	1200
4846	1200
4847	1200
4848	1200
4849	1200
4850	1200
4851	1200
4852	1200
4853	1200
4854	1200
4855	1200
4856	1200
4857	1200
4858	1200
4859	1200
4860	1200
4861	1200
4862	1200
4863	1200
4864	1200
4865	1200
4866	1200
4867	1200
4868	1200
4869	1200
4870	1200
4871	1200
4872	1200
4873	1200
4874	1200
4875	1200
4876	1200
4877	1200
4878	1200
4879	1200
4880	1200
4881	1200
4882	1200
4883	1200
4884	1200
4885	1200
4886	1200
4887	1200
4888	1200
4889	1200
4890	1200
4891	1200
4892	1200
4893	1200
4894	1200
4895	1200
4896	1200
4897	1200
4898	1200
4899	1200
4900	1200
4901	1200
4902	1200
4903	1200
4904	1200
4905	1200
4906	1200
4907	1200
4908	1200
4909	1200
4910	1200
4911	1200
4912	1200
4913	1200
4914	1200
4915	1200
4916	1200
4917	1200
4918	1200
4919	1200
4920	1200
4921	1200
4922	1200
4923	1200
4924	1200
4925	1200
4926	1200
4927	1200
4928	1200
4929	1200
4930	1200
4931	1200
4932	1200
4933	1200
4934	1200
4935	1200
4936	1200
4937	1200
4938	1200
4939	1200
4940	1200
4941	1200
4942	1200
4943	1200
4944	1200
4945	1200
4946	1200
4947	1200
4948	1200
4949	1200
4950	1200
4951	1200
4952	1200
4953	1200
4954	1200
4955	1200
4956	1200
4957	1200
4958	1200
4959	1200
4960	1200
4961	1200
4962	1200
4963	1200
4964	1200
4965	1200
4966	1200
4967	1200
4968	1200
4969	1200
4970	1200
4971	1200
4972	1200
4973	1200
4974	1200
4975	1200
4976	1200
4977	1200
4978	1200
4979	1200
4980	1200
4981	1200
4982	1200
4983	1200
4984	1200
4985	1200
4986	1200
4987	1200
4988	1200
4989	1200
4990	1200
4991	1200
4992	1200
4993	1200
4994	1200
4995	1200
4996	1200
4997	1200
4998	1200
4999	1200

