0	0
1	0
2	0
3	0
4	0
5	0
6	0
7	0
8	0
9	0
10	0
11	0
12	0
13	0
14	0
15	0
16	0
17	0
18	0
19	0
20	0
21	0
22	0
23	0
24	0
25	0
26	0
27	0
28	0
29	0
30	0
31	0
32	0
33	0
34	0
35	0
36	0
37	0
38	0
39	0
40	0
41	0
42	0
43	0
44	0
45	0
46	0
47	0
48	0
49	0
50	0
51	0
52	0
53	0
54	0
55	0
56	0
57	0
58	0
59	0
60	0
61	0
62	0
63	0
64	0
65	0
66	0
67	0
68	0
69	0
70	0
71	0
72	0
73	0
74	0
75	0
76	0
77	0
78	0
79	0
80	0
81	1
82	1
83	1
84	1
85	1
86	1
87	1
88	1
89	1
90	1
91	1
92	2
93	2
94	3
95	3
96	3
97	4
98	4
99	4
100	4
101	4
102	4
103	4
104	4
105	4
106	5
107	5
108	5
109	7
110	7
111	8
112	9
113	9
114	9
115	10
116	11
117	12
118	13
119	13
120	15
121	16
122	17
123	18
124	20
125	20
126	21
127	22
128	23
129	25
130	25
131	25
132	26
133	28
134	30
135	33
136	34
137	36
138	36
139	36
140	36
141	39
142	39
143	41
144	42
145	43
146	43
147	45
148	48
149	49
150	51
151	51
152	52
153	55
154	56
155	57
156	57
157	58
158	59
159	59
160	61
161	62
162	63
163	67
164	69
165	71
166	71
167	72
168	75
169	76
170	79
171	80
172	82
173	83
174	83
175	85
176	88
177	91
178	92
179	94
180	95
181	98
182	101
183	102
184	102
185	105
186	105
187	107
188	109
189	111
190	113
191	114
192	114
193	115
194	119
195	121
196	126
197	128
198	131
199	132
200	135
201	136
202	137
203	139
204	141
205	145
206	151
207	151
208	154
209	155
210	158
211	161
212	164
213	166
214	167
215	169
216	171
217	173
218	174
219	180
220	182
221	182
222	185
223	186
224	188
225	190
226	194
227	198
228	200
229	202
230	202
231	204
232	207
233	212
234	213
235	214
236	218
237	221
238	222
239	224
240	226
241	228
242	229
243	230
244	232
245	232
246	232
247	233
248	235
249	236
250	237
251	240
252	241
253	241
254	243
255	245
256	248
257	249
258	250
259	251
260	254
261	255
262	257
263	257
264	259
265	260
266	263
267	264
268	264
269	267
270	268
271	270
272	271
273	272
274	274
275	279
276	280
277	282
278	283
279	286
280	287
281	289
282	292
283	297
284	297
285	298
286	298
287	299
288	300
289	300
290	300
291	300
292	302
293	303
294	303
295	308
296	310
297	312
298	314
299	315
300	318
301	320
302	321
303	322
304	323
305	323
306	324
307	327
308	327
309	329
310	331
311	331
312	332
313	334
314	334
315	337
316	339
317	342
318	344
319	345
320	346
321	349
322	349
323	349
324	351
325	352
326	352
327	355
328	355
329	355
330	355
331	357
332	360
333	360
334	360
335	363
336	366
337	369
338	369
339	370
340	371
341	373
342	374
343	375
344	376
345	377
346	377
347	379
348	380
349	380
350	381
351	383
352	384
353	385
354	385
355	385
356	386
357	387
358	388
359	389
360	390
361	391
362	392
363	393
364	393
365	397
366	398
367	400
368	400
369	403
370	406
371	406
372	406
373	406
374	407
375	408
376	410
377	410
378	412
379	412
380	412
381	414
382	415
383	415
384	418
385	422
386	427
387	430
388	430
389	430
390	432
391	434
392	435
393	437
394	437
395	437
396	437
397	439
398	440
399	440
400	441
401	441
402	442
403	445
404	447
405	447
406	448
407	450
408	450
409	452
410	453
411	455
412	458
413	458
414	459
415	459
416	461
417	463
418	466
419	467
420	469
421	472
422	472
423	472
424	475
425	476
426	476
427	476
428	477
429	477
430	478
431	479
432	479
433	480
434	482
435	482
436	482
437	485
438	488
439	488
440	488
441	490
442	491
443	491
444	491
445	492
446	494
447	497
448	497
449	497
450	499
451	501
452	502
453	503
454	503
455	504
456	507
457	508
458	510
459	513
460	513
461	513
462	515
463	517
464	518
465	519
466	519
467	519
468	521
469	521
470	523
471	523
472	523
473	525
474	525
475	526
476	526
477	527
478	528
479	529
480	530
481	532
482	532
483	532
484	533
485	533
486	535
487	536
488	538
489	540
490	541
491	541
492	542
493	543
494	543
495	546
496	547
497	547
498	547
499	547
500	549
501	549
502	552
503	554
504	557
505	558
506	559
507	561
508	561
509	561
510	562
511	564
512	565
513	567
514	567
515	568
516	569
517	569
518	569
519	569
520	570
521	571
522	571
523	571
524	572
525	573
526	574
527	574
528	574
529	575
530	578
531	581
532	582
533	582
534	584
535	585
536	587
537	588
538	589
539	592
540	592
541	592
542	592
543	594
544	594
545	596
546	598
547	598
548	599
549	600
550	600
551	602
552	603
553	604
554	607
555	607
556	608
557	610
558	610
559	611
560	611
561	612
562	612
563	613
564	614
565	615
566	616
567	619
568	620
569	620
570	620
571	620
572	620
573	621
574	621
575	622
576	623
577	624
578	626
579	627
580	628
581	628
582	629
583	629
584	631
585	633
586	633
587	633
588	633
589	635
590	636
591	637
592	638
593	638
594	638
595	638
596	638
597	638
598	639
599	639
600	639
601	639
602	641
603	641
604	643
605	644
606	644
607	644
608	645
609	646
610	647
611	647
612	648
613	648
614	648
615	650
616	650
617	651
618	652
619	653
620	653
621	653
622	653
623	653
624	654
625	656
626	656
627	657
628	658
629	660
630	661
631	662
632	662
633	663
634	665
635	665
636	666
637	666
638	666
639	669
640	669
641	669
642	671
643	671
644	673
645	673
646	675
647	676
648	678
649	680
650	681
651	681
652	685
653	686
654	690
655	691
656	691
657	691
658	692
659	692
660	692
661	693
662	694
663	696
664	697
665	697
666	698
667	699
668	699
669	700
670	700
671	701
672	701
673	702
674	704
675	704
676	705
677	705
678	705
679	706
680	708
681	713
682	715
683	716
684	717
685	718
686	718
687	720
688	720
689	720
690	721
691	721
692	723
693	723
694	723
695	723
696	723
697	724
698	724
699	725
700	725
701	726
702	726
703	727
704	728
705	730
706	732
707	733
708	733
709	734
710	734
711	734
712	736
713	737
714	737
715	737
716	737
717	737
718	737
719	737
720	738
721	738
722	739
723	740
724	742
725	742
726	743
727	744
728	745
729	746
730	747
731	747
732	748
733	750
734	752
735	752
736	754
737	755
738	755
739	756
740	756
741	756
742	756
743	756
744	757
745	757
746	757
747	757
748	757
749	758
750	758
751	760
752	760
753	760
754	760
755	760
756	763
757	765
758	766
759	767
760	768
761	769
762	771
763	774
764	774
765	774
766	774
767	775
768	775
769	775
770	775
771	775
772	775
773	776
774	776
775	778
776	779
777	780
778	781
779	783
780	784
781	785
782	786
783	786
784	786
785	788
786	788
787	788
788	790
789	791
790	791
791	791
792	792
793	792
794	793
795	793
796	794
797	794
798	794
799	796
800	796
801	796
802	797
803	797
804	797
805	799
806	799
807	800
808	801
809	802
810	802
811	802
812	803
813	803
814	803
815	803
816	804
817	804
818	805
819	805
820	805
821	805
822	805
823	805
824	807
825	807
826	808
827	808
828	809
829	810
830	811
831	811
832	811
833	812
834	814
835	815
836	816
837	816
838	818
839	819
840	819
841	819
842	820
843	821
844	822
845	822
846	822
847	823
848	824
849	825
850	826
851	826
852	827
853	827
854	828
855	830
856	831
857	831
858	832
859	835
860	835
861	835
862	837
863	837
864	838
865	839
866	840
867	841
868	841
869	841
870	841
871	842
872	842
873	842
874	842
875	843
876	843
877	844
878	844
879	845
880	846
881	848
882	849
883	849
884	850
885	851
886	852
887	853
888	853
889	855
890	856
891	857
892	859
893	859
894	859
895	859
896	860
897	861
898	861
899	861
900	861
901	861
902	862
903	863
904	865
905	865
906	866
907	870
908	872
909	872
910	872
911	872
912	874
913	875
914	875
915	875
916	875
917	875
918	875
919	875
920	876
921	876
922	877
923	878
924	878
925	878
926	878
927	881
928	881
929	881
930	882
931	882
932	883
933	883
934	883
935	883
936	884
937	884
938	884
939	884
940	884
941	885
942	885
943	885
944	885
945	885
946	886
947	886
948	887
949	887
950	888
951	888
952	888
953	888
954	888
955	888
956	888
957	890
958	891
959	894
960	895
961	896
962	898
963	898
964	898
965	899
966	899
967	900
968	901
969	901
970	902
971	904
972	904
973	905
974	905
975	905
976	905
977	907
978	908
979	908
980	909
981	910
982	910
983	910
984	911
985	911
986	912
987	912
988	912
989	913
990	913
991	913
992	913
993	914
994	914
995	914
996	914
997	915
998	915
999	916
1000	916
1001	916
1002	916
1003	917
1004	918
1005	918
1006	919
1007	919
1008	919
1009	919
1010	919
1011	920
1012	920
1013	922
1014	922
1015	922
1016	923
1017	926
1018	928
1019	928
1020	930
1021	931
1022	931
1023	931
1024	931
1025	931
1026	932
1027	932
1028	932
1029	933
1030	933
1031	934
1032	934
1033	934
1034	934
1035	935
1036	936
1037	937
1038	938
1039	938
1040	938
1041	938
1042	938
1043	938
1044	938
1045	938
1046	939
1047	940
1048	941
1049	941
1050	942
1051	942
1052	942
1053	942
1054	942
1055	942
1056	942
1057	943
1058	944
1059	944
1060	944
1061	946
1062	947
1063	948
1064	948
1065	948
1066	948
1067	948
1068	948
1069	948
1070	949
1071	949
1072	950
1073	951
1074	951
1075	951
1076	951
1077	952
1078	953
1079	953
1080	953
1081	953
1082	955
1083	955
1084	955
1085	955
1086	955
1087	955
1088	956
1089	956
1090	958
1091	959
1092	959
1093	961
1094	962
1095	962
1096	962
1097	962
1098	962
1099	964
1100	965
1101	966
1102	966
1103	966
1104	967
1105	967
1106	967
1107	967
1108	967
1109	967
1110	967
1111	968
1112	969
1113	970
1114	973
1115	974
1116	976
1117	978
1118	978
1119	978
1120	978
1121	979
1122	979
1123	979
1124	980
1125	981
1126	982
1127	982
1128	982
1129	983
1130	983
1131	984
1132	985
1133	985
1134	985
1135	985
1136	985
1137	985
1138	987
1139	987
1140	988
1141	988
1142	988
1143	988
1144	989
1145	989
1146	989
1147	989
1148	989
1149	989
1150	990
1151	991
1152	991
1153	992
1154	992
1155	992
1156	992
1157	992
1158	994
1159	994
1160	994
1161	995
1162	996
1163	997
1164	997
1165	997
1166	997
1167	998
1168	998
1169	998
1170	998
1171	998
1172	998
1173	999
1174	999
1175	999
1176	999
1177	1000
1178	1000
1179	1000
1180	1000
1181	1000
1182	1001
1183	1001
1184	1001
1185	1001
1186	1001
1187	1001
1188	1001
1189	1002
1190	1003
1191	1004
1192	1005
1193	1005
1194	1005
1195	1006
1196	1006
1197	1006
1198	1006
1199	1006
1200	1008
1201	1008
1202	1008
1203	1008
1204	1008
1205	1009
1206	1009
1207	1010
1208	1011
1209	1012
1210	1012
1211	1012
1212	1012
1213	1012
1214	1012
1215	1013
1216	1016
1217	1016
1218	1016
1219	1016
1220	1016
1221	1016
1222	1016
1223	1016
1224	1016
1225	1016
1226	1017
1227	1017
1228	1017
1229	1017
1230	1017
1231	1017
1232	1017
1233	1017
1234	1017
1235	1017
1236	1018
1237	1019
1238	1019
1239	1019
1240	1020
1241	1020
1242	1020
1243	1020
1244	1020
1245	1020
1246	1020
1247	1022
1248	1022
1249	1022
1250	1022
1251	1023
1252	1023
1253	1023
1254	1023
1255	1024
1256	1024
1257	1024
1258	1024
1259	1025
1260	1025
1261	1025
1262	1025
1263	1027
1264	1027
1265	1027
1266	1027
1267	1028
1268	1028
1269	1028
1270	1029
1271	1031
1272	1031
1273	1031
1274	1031
1275	1031
1276	1031
1277	1031
1278	1031
1279	1031
1280	1032
1281	1033
1282	1034
1283	1034
1284	1034
1285	1034
1286	1034
1287	1035
1288	1035
1289	1035
1290	1035
1291	1035
1292	1035
1293	1035
1294	1036
1295	1037
1296	1037
1297	1038
1298	1038
1299	1039
1300	1039
1301	1039
1302	1039
1303	1039
1304	1039
1305	1039
1306	1039
1307	1039
1308	1040
1309	1040
1310	1040
1311	1040
1312	1041
1313	1041
1314	1041
1315	1041
1316	1042
1317	1043
1318	1043
1319	1043
1320	1043
1321	1043
1322	1044
1323	1044
1324	1044
1325	1044
1326	1044
1327	1044
1328	1044
1329	1044
1330	1044
1331	1045
1332	1045
1333	1045
1334	1045
1335	1046
1336	1047
1337	1048
1338	1048
1339	1048
1340	1049
1341	1049
1342	1049
1343	1049
1344	1049
1345	1049
1346	1049
1347	1050
1348	1050
1349	1050
1350	1051
1351	1052
1352	1052
1353	1052
1354	1052
1355	1052
1356	1052
1357	1052
1358	1052
1359	1052
1360	1052
1361	1053
1362	1053
1363	1053
1364	1054
1365	1054
1366	1055
1367	1055
1368	1055
1369	1055
1370	1055
1371	1055
1372	1056
1373	1057
1374	1057
1375	1058
1376	1058
1377	1058
1378	1058
1379	1058
1380	1058
1381	1059
1382	1059
1383	1059
1384	1059
1385	1059
1386	1059
1387	1059
1388	1059
1389	1060
1390	1060
1391	1061
1392	1061
1393	1061
1394	1061
1395	1061
1396	1061
1397	1061
1398	1062
1399	1062
1400	1062
1401	1062
1402	1064
1403	1065
1404	1066
1405	1066
1406	1066
1407	1067
1408	1067
1409	1068
1410	1068
1411	1068
1412	1068
1413	1068
1414	1068
1415	1068
1416	1068
1417	1068
1418	1068
1419	1068
1420	1068
1421	1069
1422	1069
1423	1069
1424	1069
1425	1070
1426	1070
1427	1071
1428	1072
1429	1072
1430	1072
1431	1072
1432	1072
1433	1072
1434	1072
1435	1072
1436	1073
1437	1073
1438	1073
1439	1073
1440	1074
1441	1074
1442	1074
1443	1074
1444	1074
1445	1074
1446	1074
1447	1074
1448	1074
1449	1075
1450	1075
1451	1075
1452	1075
1453	1075
1454	1075
1455	1075
1456	1075
1457	1075
1458	1076
1459	1076
1460	1076
1461	1078
1462	1078
1463	1079
1464	1079
1465	1079
1466	1079
1467	1079
1468	1079
1469	1080
1470	1081
1471	1081
1472	1082
1473	1082
1474	1082
1475	1082
1476	1082
1477	1082
1478	1082
1479	1083
1480	1083
1481	1084
1482	1084
1483	1084
1484	1084
1485	1084
1486	1084
1487	1084
1488	1084
1489	1084
1490	1084
1491	1084
1492	1084
1493	1084
1494	1086
1495	1086
1496	1086
1497	1086
1498	1086
1499	1086
1500	1087
1501	1087
1502	1087
1503	1087
1504	1087
1505	1087
1506	1087
1507	1087
1508	1088
1509	1088
1510	1088
1511	1089
1512	1090
1513	1090
1514	1090
1515	1090
1516	1090
1517	1092
1518	1093
1519	1093
1520	1093
1521	1093
1522	1093
1523	1093
1524	1093
1525	1093
1526	1093
1527	1094
1528	1094
1529	1094
1530	1094
1531	1095
1532	1095
1533	1096
1534	1096
1535	1096
1536	1096
1537	1096
1538	1096
1539	1096
1540	1096
1541	1096
1542	1096
1543	1096
1544	1096
1545	1096
1546	1096
1547	1096
1548	1097
1549	1097
1550	1097
1551	1097
1552	1097
1553	1098
1554	1098
1555	1098
1556	1098
1557	1098
1558	1098
1559	1098
1560	1098
1561	1098
1562	1099
1563	1100
1564	1100
1565	1100
1566	1100
1567	1100
1568	1101
1569	1101
1570	1101
1571	1101
1572	1101
1573	1101
1574	1101
1575	1101
1576	1101
1577	1101
1578	1102
1579	1102
1580	1102
1581	1102
1582	1103
1583	1103
1584	1103
1585	1103
1586	1103
1587	1103
1588	1103
1589	1103
1590	1103
1591	1103
1592	1103
1593	1103
1594	1103
1595	1103
1596	1104
1597	1104
1598	1104
1599	1104
1600	1104
1601	1105
1602	1105
1603	1105
1604	1105
1605	1105
1606	1105
1607	1105
1608	1105
1609	1105
1610	1105
1611	1105
1612	1106
1613	1107
1614	1107
1615	1107
1616	1107
1617	1108
1618	1108
1619	1108
1620	1109
1621	1109
1622	1109
1623	1109
1624	1109
1625	1109
1626	1110
1627	1110
1628	1110
1629	1110
1630	1110
1631	1110
1632	1110
1633	1110
1634	1111
1635	1111
1636	1111
1637	1112
1638	1112
1639	1112
1640	1112
1641	1112
1642	1112
1643	1112
1644	1112
1645	1112
1646	1113
1647	1113
1648	1113
1649	1113
1650	1114
1651	1115
1652	1115
1653	1115
1654	1115
1655	1115
1656	1115
1657	1115
1658	1115
1659	1115
1660	1116
1661	1116
1662	1116
1663	1116
1664	1116
1665	1116
1666	1117
1667	1117
1668	1117
1669	1117
1670	1117
1671	1117
1672	1117
1673	1117
1674	1117
1675	1117
1676	1117
1677	1117
1678	1117
1679	1117
1680	1117
1681	1117
1682	1117
1683	1117
1684	1117
1685	1119
1686	1119
1687	1119
1688	1119
1689	1119
1690	1120
1691	1121
1692	1121
1693	1121
1694	1121
1695	1121
1696	1121
1697	1121
1698	1121
1699	1121
1700	1121
1701	1121
1702	1122
1703	1122
1704	1122
1705	1122
1706	1123
1707	1123
1708	1123
1709	1123
1710	1123
1711	1123
1712	1123
1713	1123
1714	1123
1715	1123
1716	1123
1717	1123
1718	1123
1719	1124
1720	1124
1721	1124
1722	1124
1723	1125
1724	1125
1725	1125
1726	1126
1727	1126
1728	1127
1729	1127
1730	1127
1731	1127
1732	1127
1733	1127
1734	1127
1735	1127
1736	1127
1737	1127
1738	1128
1739	1128
1740	1128
1741	1128
1742	1128
1743	1128
1744	1128
1745	1128
1746	1128
1747	1129
1748	1129
1749	1129
1750	1130
1751	1130
1752	1130
1753	1130
1754	1131
1755	1131
1756	1131
1757	1131
1758	1131
1759	1131
1760	1131
1761	1131
1762	1131
1763	1131
1764	1131
1765	1131
1766	1131
1767	1131
1768	1131
1769	1131
1770	1131
1771	1131
1772	1131
1773	1132
1774	1134
1775	1134
1776	1134
1777	1134
1778	1135
1779	1135
1780	1135
1781	1135
1782	1136
1783	1136
1784	1136
1785	1136
1786	1136
1787	1136
1788	1136
1789	1136
1790	1136
1791	1136
1792	1136
1793	1136
1794	1136
1795	1136
1796	1136
1797	1136
1798	1136
1799	1136
1800	1136
1801	1136
1802	1136
1803	1136
1804	1136
1805	1136
1806	1136
1807	1136
1808	1136
1809	1136
1810	1136
1811	1136
1812	1136
1813	1136
1814	1137
1815	1137
1816	1137
1817	1137
1818	1137
1819	1137
1820	1137
1821	1137
1822	1137
1823	1137
1824	1137
1825	1137
1826	1137
1827	1137
1828	1137
1829	1138
1830	1138
1831	1138
1832	1138
1833	1138
1834	1138
1835	1138
1836	1138
1837	1138
1838	1138
1839	1138
1840	1138
1841	1138
1842	1138
1843	1139
1844	1139
1845	1139
1846	1139
1847	1139
1848	1139
1849	1139
1850	1139
1851	1139
1852	1139
1853	1139
1854	1139
1855	1139
1856	1139
1857	1139
1858	1139
1859	1139
1860	1139
1861	1139
1862	1139
1863	1139
1864	1139
1865	1140
1866	1140
1867	1140
1868	1140
1869	1140
1870	1140
1871	1140
1872	1140
1873	1140
1874	1140
1875	1140
1876	1140
1877	1140
1878	1140
1879	1140
1880	1140
1881	1140
1882	1140
1883	1141
1884	1142
1885	1142
1886	1142
1887	1142
1888	1142
1889	1142
1890	1142
1891	1142
1892	1142
1893	1142
1894	1142
1895	1142
1896	1142
1897	1143
1898	1144
1899	1144
1900	1144
1901	1144
1902	1144
1903	1144
1904	1144
1905	1144
1906	1144
1907	1144
1908	1144
1909	1144
1910	1144
1911	1144
1912	1144
1913	1144
1914	1145
1915	1145
1916	1145
1917	1145
1918	1145
1919	1146
1920	1146
1921	1147
1922	1147
1923	1147
1924	1147
1925	1147
1926	1147
1927	1147
1928	1147
1929	1147
1930	1147
1931	1147
1932	1147
1933	1147
1934	1147
1935	1148
1936	1148
1937	1148
1938	1148
1939	1148
1940	1148
1941	1148
1942	1148
1943	1148
1944	1148
1945	1148
1946	1148
1947	1148
1948	1149
1949	1149
1950	1149
1951	1149
1952	1149
1953	1149
1954	1149
1955	1149
1956	1149
1957	1149
1958	1149
1959	1150
1960	1150
1961	1150
1962	1151
1963	1151
1964	1151
1965	1151
1966	1151
1967	1151
1968	1151
1969	1151
1970	1151
1971	1151
1972	1151
1973	1151
1974	1151
1975	1151
1976	1151
1977	1151
1978	1151
1979	1151
1980	1151
1981	1151
1982	1151
1983	1151
1984	1151
1985	1151
1986	1151
1987	1151
1988	1151
1989	1151
1990	1151
1991	1151
1992	1151
1993	1151
1994	1151
1995	1151
1996	1151
1997	1151
1998	1152
1999	1152
2000	1152
2001	1152
2002	1152
2003	1152
2004	1152
2005	1152
2006	1152
2007	1153
2008	1153
2009	1153
2010	1153
2011	1154
2012	1154
2013	1154
2014	1154
2015	1154
2016	1154
2017	1154
2018	1154
2019	1154
2020	1154
2021	1154
2022	1154
2023	1154
2024	1154
2025	1155
2026	1155
2027	1155
2028	1155
2029	1155
2030	1155
2031	1155
2032	1155
2033	1155
2034	1155
2035	1155
2036	1155
2037	1155
2038	1155
2039	1155
2040	1155
2041	1155
2042	1155
2043	1155
2044	1155
2045	1155
2046	1155
2047	1155
2048	1155
2049	1155
2050	1155
2051	1156
2052	1156
2053	1156
2054	1156
2055	1157
2056	1157
2057	1157
2058	1158
2059	1158
2060	1159
2061	1159
2062	1159
2063	1159
2064	1159
2065	1160
2066	1160
2067	1160
2068	1160
2069	1160
2070	1160
2071	1160
2072	1160
2073	1160
2074	1160
2075	1160
2076	1160
2077	1160
2078	1160
2079	1160
2080	1160
2081	1160
2082	1160
2083	1160
2084	1160
2085	1161
2086	1161
2087	1161
2088	1161
2089	1161
2090	1161
2091	1161
2092	1161
2093	1161
2094	1161
2095	1161
2096	1161
2097	1161
2098	1161
2099	1161
2100	1161
2101	1161
2102	1161
2103	1161
2104	1161
2105	1161
2106	1161
2107	1161
2108	1161
2109	1161
2110	1161
2111	1161
2112	1161
2113	1161
2114	1161
2115	1161
2116	1161
2117	1161
2118	1161
2119	1162
2120	1162
2121	1162
2122	1162
2123	1162
2124	1162
2125	1162
2126	1162
2127	1162
2128	1162
2129	1162
2130	1162
2131	1162
2132	1162
2133	1162
2134	1162
2135	1162
2136	1162
2137	1162
2138	1162
2139	1162
2140	1162
2141	1162
2142	1162
2143	1163
2144	1163
2145	1163
2146	1163
2147	1163
2148	1163
2149	1163
2150	1163
2151	1163
2152	1163
2153	1163
2154	1163
2155	1163
2156	1163
2157	1163
2158	1163
2159	1163
2160	1164
2161	1164
2162	1165
2163	1165
2164	1165
2165	1165
2166	1165
2167	1165
2168	1165
2169	1165
2170	1165
2171	1165
2172	1165
2173	1165
2174	1165
2175	1165
2176	1165
2177	1165
2178	1165
2179	1165
2180	1165
2181	1165
2182	1165
2183	1165
2184	1165
2185	1165
2186	1165
2187	1165
2188	1165
2189	1165
2190	1165
2191	1166
2192	1166
2193	1166
2194	1166
2195	1166
2196	1166
2197	1166
2198	1166
2199	1166
2200	1166
2201	1166
2202	1166
2203	1166
2204	1166
2205	1166
2206	1166
2207	1166
2208	1166
2209	1166
2210	1166
2211	1166
2212	1166
2213	1166
2214	1166
2215	1166
2216	1166
2217	1166
2218	1166
2219	1166
2220	1166
2221	1166
2222	1166
2223	1166
2224	1166
2225	1166
2226	1166
2227	1166
2228	1166
2229	1167
2230	1167
2231	1167
2232	1167
2233	1167
2234	1167
2235	1167
2236	1168
2237	1168
2238	1168
2239	1168
2240	1168
2241	1168
2242	1168
2243	1168
2244	1169
2245	1169
2246	1169
2247	1169
2248	1169
2249	1169
2250	1169
2251	1169
2252	1169
2253	1170
2254	1170
2255	1170
2256	1170
2257	1170
2258	1170
2259	1170
2260	1170
2261	1170
2262	1170
2263	1170
2264	1170
2265	1170
2266	1170
2267	1170
2268	1170
2269	1170
2270	1170
2271	1170
2272	1170
2273	1170
2274	1170
2275	1170
2276	1171
2277	1171
2278	1171
2279	1171
2280	1171
2281	1171
2282	1171
2283	1171
2284	1171
2285	1171
2286	1172
2287	1172
2288	1172
2289	1172
2290	1172
2291	1172
2292	1172
2293	1172
2294	1172
2295	1172
2296	1172
2297	1172
2298	1172
2299	1172
2300	1173
2301	1173
2302	1173
2303	1173
2304	1173
2305	1173
2306	1173
2307	1173
2308	1173
2309	1173
2310	1173
2311	1173
2312	1173
2313	1173
2314	1173
2315	1173
2316	1173
2317	1173
2318	1173
2319	1173
2320	1173
2321	1173
2322	1173
2323	1173
2324	1173
2325	1173
2326	1173
2327	1173
2328	1173
2329	1173
2330	1173
2331	1173
2332	1173
2333	1173
2334	1173
2335	1173
2336	1173
2337	1173
2338	1173
2339	1173
2340	1173
2341	1173
2342	1173
2343	1173
2344	1173
2345	1173
2346	1173
2347	1173
2348	1174
2349	1174
2350	1174
2351	1174
2352	1174
2353	1174
2354	1174
2355	1174
2356	1174
2357	1174
2358	1174
2359	1174
2360	1174
2361	1174
2362	1174
2363	1174
2364	1174
2365	1174
2366	1174
2367	1174
2368	1174
2369	1174
2370	1174
2371	1174
2372	1174
2373	1174
2374	1175
2375	1175
2376	1175
2377	1175
2378	1175
2379	1175
2380	1175
2381	1175
2382	1175
2383	1175
2384	1175
2385	1175
2386	1175
2387	1175
2388	1175
2389	1175
2390	1175
2391	1175
2392	1175
2393	1175
2394	1175
2395	1175
2396	1175
2397	1175
2398	1175
2399	1175
2400	1175
2401	1175
2402	1175
2403	1175
2404	1175
2405	1175
2406	1175
2407	1175
2408	1175
2409	1175
2410	1175
2411	1175
2412	1175
2413	1175
2414	1175
2415	1175
2416	1175
2417	1175
2418	1175
2419	1175
2420	1175
2421	1175
2422	1175
2423	1175
2424	1175
2425	1175
2426	1175
2427	1175
2428	1175
2429	1175
2430	1175
2431	1175
2432	1175
2433	1175
2434	1175
2435	1175
2436	1175
2437	1175
2438	1175
2439	1175
2440	1175
2441	1175
2442	1175
2443	1175
2444	1175
2445	1175
2446	1175
2447	1175
2448	1175
2449	1175
2450	1175
2451	1175
2452	1176
2453	1176
2454	1176
2455	1176
2456	1176
2457	1176
2458	1176
2459	1176
2460	1176
2461	1176
2462	1176
2463	1177
2464	1177
2465	1177
2466	1177
2467	1177
2468	1177
2469	1177
2470	1177
2471	1177
2472	1177
2473	1177
2474	1177
2475	1177
2476	1177
2477	1177
2478	1177
2479	1178
2480	1178
2481	1178
2482	1178
2483	1178
2484	1178
2485	1178
2486	1178
2487	1178
2488	1178
2489	1178
2490	1178
2491	1178
2492	1178
2493	1178
2494	1178
2495	1178
2496	1178
2497	1178
2498	1178
2499	1178
2500	1178
2501	1178
2502	1178
2503	1178
2504	1178
2505	1178
2506	1178
2507	1178
2508	1178
2509	1178
2510	1178
2511	1178
2512	1178
2513	1178
2514	1178
2515	1178
2516	1178
2517	1178
2518	1178
2519	1178
2520	1178
2521	1179
2522	1179
2523	1179
2524	1179
2525	1179
2526	1179
2527	1179
2528	1179
2529	1179
2530	1179
2531	1179
2532	1179
2533	1179
2534	1179
2535	1179
2536	1179
2537	1179
2538	1179
2539	1179
2540	1179
2541	1179
2542	1179
2543	1179
2544	1179
2545	1180
2546	1180
2547	1180
2548	1180
2549	1180
2550	1180
2551	1180
2552	1180
2553	1180
2554	1180
2555	1180
2556	1180
2557	1180
2558	1180
2559	1180
2560	1180
2561	1180
2562	1180
2563	1180
2564	1180
2565	1180
2566	1180
2567	1180
2568	1180
2569	1180
2570	1180
2571	1180
2572	1180
2573	1180
2574	1180
2575	1180
2576	1180
2577	1180
2578	1180
2579	1180
2580	1180
2581	1180
2582	1180
2583	1180
2584	1180
2585	1180
2586	1180
2587	1181
2588	1181
2589	1181
2590	1181
2591	1181
2592	1181
2593	1181
2594	1181
2595	1181
2596	1181
2597	1181
2598	1181
2599	1181
2600	1181
2601	1181
2602	1182
2603	1183
2604	1183
2605	1183
2606	1183
2607	1183
2608	1183
2609	1183
2610	1183
2611	1183
2612	1183
2613	1183
2614	1183
2615	1183
2616	1183
2617	1183
2618	1183
2619	1183
2620	1183
2621	1183
2622	1183
2623	1183
2624	1183
2625	1183
2626	1183
2627	1183
2628	1183
2629	1183
2630	1183
2631	1183
2632	1183
2633	1183
2634	1183
2635	1183
2636	1183
2637	1183
2638	1183
2639	1183
2640	1183
2641	1183
2642	1183
2643	1183
2644	1183
2645	1183
2646	1183
2647	1183
2648	1183
2649	1183
2650	1183
2651	1183
2652	1183
2653	1183
2654	1183
2655	1183
2656	1183
2657	1183
2658	1183
2659	1183
2660	1183
2661	1183
2662	1183
2663	1183
2664	1183
2665	1183
2666	1183
2667	1183
2668	1183
2669	1184
2670	1184
2671	1184
2672	1184
2673	1184
2674	1184
2675	1184
2676	1184
2677	1184
2678	1184
2679	1184
2680	1184
2681	1184
2682	1184
2683	1184
2684	1184
2685	1184
2686	1184
2687	1184
2688	1184
2689	1184
2690	1184
2691	1184
2692	1184
2693	1184
2694	1184
2695	1185
2696	1185
2697	1185
2698	1185
2699	1185
2700	1185
2701	1185
2702	1185
2703	1185
2704	1185
2705	1185
2706	1185
2707	1185
2708	1185
2709	1185
2710	1185
2711	1185
2712	1185
2713	1185
2714	1185
2715	1185
2716	1185
2717	1185
2718	1185
2719	1185
2720	1185
2721	1185
2722	1185
2723	1185
2724	1185
2725	1186
2726	1186
2727	1186
2728	1186
2729	1186
2730	1187
2731	1187
2732	1187
2733	1187
2734	1187
2735	1187
2736	1187
2737	1187
2738	1187
2739	1187
2740	1187
2741	1187
2742	1187
2743	1187
2744	1187
2745	1187
2746	1187
2747	1187
2748	1187
2749	1187
2750	1187
2751	1187
2752	1187
2753	1187
2754	1187
2755	1187
2756	1187
2757	1187
2758	1187
2759	1187
2760	1187
2761	1187
2762	1187
2763	1187
2764	1187
2765	1187
2766	1187
2767	1187
2768	1187
2769	1187
2770	1187
2771	1187
2772	1187
2773	1187
2774	1187
2775	1187
2776	1187
2777	1187
2778	1187
2779	1187
2780	1187
2781	1187
2782	1187
2783	1187
2784	1187
2785	1187
2786	1187
2787	1187
2788	1187
2789	1187
2790	1187
2791	1187
2792	1187
2793	1188
2794	1188
2795	1188
2796	1188
2797	1188
2798	1188
2799	1188
2800	1188
2801	1188
2802	1188
2803	1188
2804	1188
2805	1189
2806	1189
2807	1189
2808	1189
2809	1189
2810	1189
2811	1189
2812	1189
2813	1189
2814	1189
2815	1189
2816	1189
2817	1189
2818	1189
2819	1189
2820	1189
2821	1189
2822	1189
2823	1189
2824	1189
2825	1189
2826	1189
2827	1189
2828	1189
2829	1189
2830	1189
2831	1189
2832	1189
2833	1189
2834	1189
2835	1189
2836	1189
2837	1189
2838	1189
2839	1189
2840	1189
2841	1189
2842	1189
2843	1189
2844	1189
2845	1189
2846	1189
2847	1189
2848	1189
2849	1189
2850	1189
2851	1189
2852	1189
2853	1189
2854	1189
2855	1189
2856	1189
2857	1189
2858	1189
2859	1189
2860	1189
2861	1189
2862	1189
2863	1189
2864	1189
2865	1189
2866	1189
2867	1189
2868	1189
2869	1189
2870	1189
2871	1189
2872	1189
2873	1189
2874	1189
2875	1189
2876	1189
2877	1189
2878	1189
2879	1189
2880	1189
2881	1189
2882	1189
2883	1189
2884	1189
2885	1189
2886	1189
2887	1189
2888	1189
2889	1189
2890	1189
2891	1189
2892	1189
2893	1190
2894	1190
2895	1190
2896	1190
2897	1190
2898	1190
2899	1190
2900	1190
2901	1190
2902	1190
2903	1190
2904	1190
2905	1190
2906	1190
2907	1190
2908	1190
2909	1190
2910	1190
2911	1190
2912	1190
2913	1190
2914	1190
2915	1190
2916	1190
2917	1190
2918	1190
2919	1190
2920	1190
2921	1190
2922	1190
2923	1190
2924	1190
2925	1190
2926	1190
2927	1190
2928	1191
2929	1191
2930	1191
2931	1191
2932	1191
2933	1191
2934	1191
2935	1191
2936	1191
2937	1191
2938	1191
2939	1191
2940	1191
2941	1191
2942	1191
2943	1191
2944	1191
2945	1191
2946	1191
2947	1191
2948	1191
2949	1191
2950	1191
2951	1191
2952	1191
2953	1191
2954	1191
2955	1191
2956	1191
2957	1191
2958	1191
2959	1191
2960	1191
2961	1191
2962	1191
2963	1191
2964	1191
2965	1191
2966	1191
2967	1191
2968	1191
2969	1191
2970	1191
2971	1191
2972	1191
2973	1191
2974	1191
2975	1191
2976	1191
2977	1191
2978	1191
2979	1191
2980	1191
2981	1191
2982	1191
2983	1191
2984	1191
2985	1191
2986	1191
2987	1191
2988	1191
2989	1191
2990	1191
2991	1191
2992	1191
2993	1191
2994	1191
2995	1191
2996	1191
2997	1191
2998	1191
2999	1191
3000	1191
3001	1191
3002	1191
3003	1191
3004	1191
3005	1191
3006	1191
3007	1191
3008	1191
3009	1191
3010	1191
3011	1191
3012	1191
3013	1191
3014	1191
3015	1191
3016	1191
3017	1191
3018	1191
3019	1191
3020	1191
3021	1191
3022	1191
3023	1191
3024	1191
3025	1191
3026	1191
3027	1191
3028	1191
3029	1191
3030	1191
3031	1191
3032	1191
3033	1191
3034	1191
3035	1191
3036	1191
3037	1191
3038	1191
3039	1191
3040	1191
3041	1191
3042	1191
3043	1191
3044	1191
3045	1191
3046	1191
3047	1191
3048	1191
3049	1191
3050	1192
3051	1192
3052	1192
3053	1192
3054	1192
3055	1192
3056	1192
3057	1192
3058	1192
3059	1192
3060	1192
3061	1192
3062	1192
3063	1192
3064	1192
3065	1192
3066	1192
3067	1192
3068	1192
3069	1192
3070	1192
3071	1192
3072	1192
3073	1192
3074	1192
3075	1192
3076	1192
3077	1192
3078	1192
3079	1192
3080	1192
3081	1192
3082	1192
3083	1192
3084	1192
3085	1192
3086	1192
3087	1192
3088	1192
3089	1192
3090	1192
3091	1192
3092	1192
3093	1192
3094	1192
3095	1192
3096	1192
3097	1192
3098	1192
3099	1192
3100	1192
3101	1192
3102	1192
3103	1194
3104	1194
3105	1194
3106	1194
3107	1194
3108	1194
3109	1194
3110	1194
3111	1194
3112	1194
3113	1194
3114	1194
3115	1194
3116	1194
3117	1194
3118	1194
3119	1194
3120	1194
3121	1194
3122	1194
3123	1194
3124	1194
3125	1194
3126	1194
3127	1194
3128	1194
3129	1194
3130	1194
3131	1194
3132	1194
3133	1194
3134	1194
3135	1194
3136	1194
3137	1194
3138	1194
3139	1194
3140	1194
3141	1195
3142	1195
3143	1195
3144	1195
3145	1195
3146	1195
3147	1195
3148	1195
3149	1195
3150	1195
3151	1195
3152	1195
3153	1195
3154	1195
3155	1195
3156	1195
3157	1195
3158	1195
3159	1195
3160	1195
3161	1195
3162	1195
3163	1195
3164	1195
3165	1195
3166	1195
3167	1195
3168	1195
3169	1195
3170	1195
3171	1195
3172	1195
3173	1195
3174	1195
3175	1195
3176	1195
3177	1195
3178	1195
3179	1195
3180	1195
3181	1195
3182	1195
3183	1195
3184	1195
3185	1195
3186	1195
3187	1195
3188	1195
3189	1195
3190	1195
3191	1195
3192	1195
3193	1195
3194	1195
3195	1195
3196	1195
3197	1195
3198	1195
3199	1195
3200	1195
3201	1195
3202	1195
3203	1195
3204	1195
3205	1195
3206	1195
3207	1195
3208	1195
3209	1195
3210	1195
3211	1195
3212	1195
3213	1195
3214	1195
3215	1195
3216	1195
3217	1195
3218	1195
3219	1195
3220	1195
3221	1195
3222	1195
3223	1195
3224	1195
3225	1195
3226	1195
3227	1195
3228	1195
3229	1195
3230	1195
3231	1195
3232	1195
3233	1195
3234	1195
3235	1195
3236	1195
3237	1195
3238	1195
3239	1195
3240	1195
3241	1195
3242	1195
3243	1195
3244	1195
3245	1195
3246	1195
3247	1195
3248	1195
3249	1195
3250	1195
3251	1195
3252	1195
3253	1195
3254	1195
3255	1195
3256	1195
3257	1195
3258	1195
3259	1195
3260	1195
3261	1195
3262	1195
3263	1195
3264	1195
3265	1195
3266	1195
3267	1195
3268	1195
3269	1195
3270	1195
3271	1195
3272	1195
3273	1195
3274	1195
3275	1195
3276	1195
3277	1195
3278	1195
3279	1195
3280	1195
3281	1195
3282	1195
3283	1195
3284	1195
3285	1195
3286	1195
3287	1195
3288	1195
3289	1195
3290	1195
3291	1195
3292	1195
3293	1195
3294	1196
3295	1196
3296	1196
3297	1196
3298	1196
3299	1196
3300	1196
3301	1196
3302	1196
3303	1196
3304	1196
3305	1196
3306	1196
3307	1196
3308	1196
3309	1196
3310	1196
3311	1196
3312	1196
3313	1196
3314	1196
3315	1196
3316	1196
3317	1196
3318	1196
3319	1196
3320	1196
3321	1196
3322	1196
3323	1196
3324	1196
3325	1196
3326	1196
3327	1196
3328	1196
3329	1196
3330	1196
3331	1196
3332	1196
3333	1196
3334	1196
3335	1196
3336	1196
3337	1196
3338	1196
3339	1196
3340	1196
3341	1197
3342	1197
3343	1197
3344	1198
3345	1198
3346	1198
3347	1198
3348	1198
3349	1198
3350	1198
3351	1198
3352	1198
3353	1198
3354	1198
3355	1198
3356	1198
3357	1198
3358	1198
3359	1198
3360	1198
3361	1198
3362	1198
3363	1198
3364	1198
3365	1198
3366	1198
3367	1198
3368	1198
3369	1198
3370	1198
3371	1198
3372	1198
3373	1198
3374	1198
3375	1198
3376	1198
3377	1198
3378	1198
3379	1198
3380	1198
3381	1198
3382	1198
3383	1198
3384	1198
3385	1198
3386	1198
3387	1198
3388	1198
3389	1198
3390	1198
3391	1198
3392	1198
3393	1198
3394	1198
3395	1198
3396	1198
3397	1198
3398	1198
3399	1198
3400	1198
3401	1198
3402	1198
3403	1198
3404	1198
3405	1198
3406	1198
3407	1198
3408	1198
3409	1198
3410	1198
3411	1198
3412	1198
3413	1198
3414	1198
3415	1198
3416	1198
3417	1198
3418	1198
3419	1198
3420	1198
3421	1198
3422	1198
3423	1198
3424	1198
3425	1198
3426	1198
3427	1198
3428	1198
3429	1198
3430	1198
3431	1198
3432	1198
3433	1198
3434	1198
3435	1198
3436	1198
3437	1198
3438	1198
3439	1198
3440	1198
3441	1198
3442	1198
3443	1198
3444	1198
3445	1198
3446	1198
3447	1198
3448	1198
3449	1198
3450	1198
3451	1198
3452	1198
3453	1198
3454	1198
3455	1198
3456	1198
3457	1198
3458	1198
3459	1198
3460	1198
3461	1198
3462	1198
3463	1198
3464	1198
3465	1198
3466	1198
3467	1198
3468	1198
3469	1198
3470	1198
3471	1198
3472	1198
3473	1198
3474	1198
3475	1198
3476	1198
3477	1198
3478	1198
3479	1198
3480	1198
3481	1198
3482	1198
3483	1198
3484	1198
3485	1198
3486	1198
3487	1198
3488	1198
3489	1198
3490	1198
3491	1198
3492	1198
3493	1198
3494	1198
3495	1198
3496	1198
3497	1198
3498	1198
3499	1198
3500	1198
3501	1198
3502	1198
3503	1198
3504	1198
3505	1198
3506	1198
3507	1198
3508	1198
3509	1198
3510	1198
3511	1198
3512	1198
3513	1198
3514	1198
3515	1198
3516	1198
3517	1198
3518	1199
3519	1199
3520	1199
3521	1199
3522	1199
3523	1199
3524	1199
3525	1199
3526	1199
3527	1199
3528	1199
3529	1199
3530	1199
3531	1199
3532	1199
3533	1199
3534	1199
3535	1199
3536	1199
3537	1199
3538	1199
3539	1199
3540	1199
3541	1199
3542	1199
3543	1199
3544	1199
3545	1199
3546	1199
3547	1199
3548	1199
3549	1199
3550	1199
3551	1199
3552	1199
3553	1199
3554	1199
3555	1199
3556	1199
3557	1199
3558	1199
3559	1199
3560	1199
3561	1199
3562	1199
3563	1199
3564	1199
3565	1199
3566	1199
3567	1199
3568	1199
3569	1199
3570	1199
3571	1199
3572	1199
3573	1199
3574	1199
3575	1199
3576	1199
3577	1199
3578	1199
3579	1199
3580	1199
3581	1199
3582	1199
3583	1199
3584	1199
3585	1199
3586	1199
3587	1199
3588	1199
3589	1199
3590	1199
3591	1199
3592	1199
3593	1199
3594	1199
3595	1199
3596	1199
3597	1199
3598	1199
3599	1199
3600	1199
3601	1199
3602	1199
3603	1199
3604	1199
3605	1199
3606	1199
3607	1199
3608	1199
3609	1199
3610	1199
3611	1199
3612	1199
3613	1199
3614	1199
3615	1199
3616	1199
3617	1199
3618	1199
3619	1199
3620	1199
3621	1199
3622	1199
3623	1199
3624	1199
3625	1199
3626	1199
3627	1199
3628	1199
3629	1199
3630	1199
3631	1199
3632	1199
3633	1199
3634	1199
3635	1199
3636	1199
3637	1199
3638	1199
3639	1199
3640	1199
3641	1199
3642	1199
3643	1199
3644	1199
3645	1199
3646	1199
3647	1199
3648	1199
3649	1199
3650	1199
3651	1199
3652	1199
3653	1199
3654	1199
3655	1199
3656	1199
3657	1199
3658	1199
3659	1199
3660	1199
3661	1199
3662	1199
3663	1199
3664	1199
3665	1199
3666	1199
3667	1199
3668	1199
3669	1199
3670	1199
3671	1199
3672	1199
3673	1199
3674	1199
3675	1199
3676	1199
3677	1199
3678	1199
3679	1199
3680	1199
3681	1199
3682	1199
3683	1199
3684	1199
3685	1199
3686	1199
3687	1199
3688	1199
3689	1199
3690	1199
3691	1199
3692	1199
3693	1199
3694	1199
3695	1199
3696	1199
3697	1199
3698	1199
3699	1199
3700	1199
3701	1199
3702	1199
3703	1199
3704	1199
3705	1199
3706	1199
3707	1199
3708	1199
3709	1199
3710	1199
3711	1199
3712	1199
3713	1199
3714	1199
3715	1199
3716	1199
3717	1199
3718	1199
3719	1199
3720	1199
3721	1199
3722	1199
3723	1199
3724	1199
3725	1199
3726	1199
3727	1199
3728	1199
3729	1199
3730	1199
3731	1199
3732	1199
3733	1199
3734	1199
3735	1199
3736	1199
3737	1199
3738	1199
3739	1199
3740	1199
3741	1199
3742	1199
3743	1199
3744	1199
3745	1199
3746	1199
3747	1199
3748	1199
3749	1199
3750	1199
3751	1199
3752	1199
3753	1199
3754	1199
3755	1199
3756	1199
3757	1199
3758	1199
3759	1199
3760	1199
3761	1199
3762	1199
3763	1199
3764	1199
3765	1199
3766	1199
3767	1199
3768	1199
3769	1199
3770	1199
3771	1199
3772	1199
3773	1199
3774	1199
3775	1199
3776	1199
3777	1199
3778	1199
3779	1199
3780	1199
3781	1199
3782	1199
3783	1199
3784	1199
3785	1199
3786	1199
3787	1199
3788	1199
3789	1199
3790	1199
3791	1199
3792	1199
3793	1199
3794	1199
3795	1199
3796	1199
3797	1199
3798	1199
3799	1199
3800	1199
3801	1199
3802	1199
3803	1199
3804	1199
3805	1199
3806	1199
3807	1199
3808	1199
3809	1199
3810	1199
3811	1199
3812	1199
3813	1199
3814	1199
3815	1200
3816	1200
3817	1200
3818	1200
3819	1200
3820	1200
3821	1200
3822	1200
3823	1200
3824	1200
3825	1200
3826	1200
3827	1200
3828	1200
3829	1200
3830	1200
3831	1200
3832	1200
3833	1200
3834	1200
3835	1200
3836	1200
3837	1200
3838	1200
3839	1200
3840	1200
3841	1200
3842	1200
3843	1200
3844	1200
3845	1200
3846	1200
3847	1200
3848	1200
3849	1200
3850	1200
3851	1200
3852	1200
3853	1200
3854	1200
3855	1200
3856	1200
3857	1200
3858	1200
3859	1200
3860	1200
3861	1200
3862	1200
3863	1200
3864	1200
3865	1200
3866	1200
3867	1200
3868	1200
3869	1200
3870	1200
3871	1200
3872	1200
3873	1200
3874	1200
3875	1200
3876	1200
3877	1200
3878	1200
3879	1200
3880	1200
3881	1200
3882	1200
3883	1200
3884	1200
3885	1200
3886	1200
3887	1200
3888	1200
3889	1200
3890	1200
3891	1200
3892	1200
3893	1200
3894	1200
3895	1200
3896	1200
3897	1200
3898	1200
3899	1200
3900	1200
3901	1200
3902	1200
3903	1200
3904	1200
3905	1200
3906	1200
3907	1200
3908	1200
3909	1200
3910	1200
3911	1200
3912	1200
3913	1200
3914	1200
3915	1200
3916	1200
3917	1200
3918	1200
3919	1200
3920	1200
3921	1200
3922	1200
3923	1200
3924	1200
3925	1200
3926	1200
3927	1200
3928	1200
3929	1200
3930	1200
3931	1200
3932	1200
3933	1200
3934	1200
3935	1200
3936	1200
3937	1200
3938	1200
3939	1200
3940	1200
3941	1200
3942	1200
3943	1200
3944	1200
3945	1200
3946	1200
3947	1200
3948	1200
3949	1200
3950	1200
3951	1200
3952	1200
3953	1200
3954	1200
3955	1200
3956	1200
3957	1200
3958	1200
3959	1200
3960	1200
3961	1200
3962	1200
3963	1200
3964	1200
3965	1200
3966	1200
3967	1200
3968	1200
3969	1200
3970	1200
3971	1200
3972	1200
3973	1200
3974	1200
3975	1200
3976	1200
3977	1200
3978	1200
3979	1200
3980	1200
3981	1200
3982	1200
3983	1200
3984	1200
3985	1200
3986	1200
3987	1200
3988	1200
3989	1200
3990	1200
3991	1200
3992	1200
3993	1200
3994	1200
3995	1200
3996	1200
3997	1200
3998	1200
3999	1200
4000	1200
4001	1200
4002	1200
4003	1200
4004	1200
4005	1200
4006	1200
4007	1200
4008	1200
4009	1200
4010	1200
4011	1200
4012	1200
4013	1200
4014	1200
4015	1200
4016	1200
4017	1200
4018	1200
4019	1200
4020	1200
4021	1200
4022	1200
4023	1200
4024	1200
4025	1200
4026	1200
4027	1200
4028	1200
4029	1200
4030	1200
4031	1200
4032	1200
4033	1200
4034	1200
4035	1200
4036	1200
4037	1200
4038	1200
4039	1200
4040	1200
4041	1200
4042	1200
4043	1200
4044	1200
4045	1200
4046	1200
4047	1200
4048	1200
4049	1200
4050	1200
4051	1200
4052	1200
4053	1200
4054	1200
4055	1200
4056	1200
4057	1200
4058	1200
4059	1200
4060	1200
4061	1200
4062	1200
4063	1200
4064	1200
4065	1200
4066	1200
4067	1200
4068	1200
4069	1200
4070	1200
4071	1200
4072	1200
4073	1200
4074	1200
4075	1200
4076	1200
4077	1200
4078	1200
4079	1200
4080	1200
4081	1200
4082	1200
4083	1200
4084	1200
4085	1200
4086	1200
4087	1200
4088	1200
4089	1200
4090	1200
4091	1200
4092	1200
4093	1200
4094	1200
4095	1200
4096	1200
4097	1200
4098	1200
4099	1200
4100	1200
4101	1200
4102	1200
4103	1200
4104	1200
4105	1200
4106	1200
4107	1200
4108	1200
4109	1200
4110	1200
4111	1200
4112	1200
4113	1200
4114	1200
4115	1200
4116	1200
4117	1200
4118	1200
4119	1200
4120	1200
4121	1200
4122	1200
4123	1200
4124	1200
4125	1200
4126	1200
4127	1200
4128	1200
4129	1200
4130	1200
4131	1200
4132	1200
4133	1200
4134	1200
4135	1200
4136	1200
4137	1200
4138	1200
4139	1200
4140	1200
4141	1200
4142	1200
4143	1200
4144	1200
4145	1200
4146	1200
4147	1200
4148	1200
4149	1200
4150	1200
4151	1200
4152	1200
4153	1200
4154	1200
4155	1200
4156	1200
4157	1201
4158	1201
4159	1201
4160	1201
4161	1201
4162	1201
4163	1201
4164	1201
4165	1201
4166	1201
4167	1201
4168	1201
4169	1201
4170	1201
4171	1201
4172	1201
4173	1201
4174	1201
4175	1201
4176	1201
4177	1201
4178	1201
4179	1201
4180	1201
4181	1201
4182	1201
4183	1201
4184	1201
4185	1201
4186	1201
4187	1201
4188	1201
4189	1201
4190	1201
4191	1201
4192	1201
4193	1201
4194	1201
4195	1201
4196	1201
4197	1201
4198	1201
4199	1201
4200	1201
4201	1201
4202	1201
4203	1201
4204	1201
4205	1201
4206	1201
4207	1201
4208	1201
4209	1201
4210	1201
4211	1201
4212	1201
4213	1201
4214	1201
4215	1201
4216	1201
4217	1201
4218	1201
4219	1201
4220	1201
4221	1201
4222	1201
4223	1201
4224	1201
4225	1201
4226	1201
4227	1201
4228	1201
4229	1201
4230	1201
4231	1201
4232	1201
4233	1201
4234	1201
4235	1201
4236	1201
4237	1201
4238	1201
4239	1201
4240	1201
4241	1201
4242	1201
4243	1201
4244	1201
4245	1201
4246	1201
4247	1201
4248	1201
4249	1201
4250	1201
4251	1201
4252	1201
4253	1201
4254	1201
4255	1201
4256	1201
4257	1201
4258	1201
4259	1201
4260	1201
4261	1201
4262	1201
4263	1201
4264	1201
4265	1201
4266	1201
4267	1201
4268	1201
4269	1201
4270	1201
4271	1201
4272	1201
4273	1201
4274	1201
4275	1201
4276	1201
4277	1201
4278	1201
4279	1201
4280	1201
4281	1201
4282	1201
4283	1201
4284	1201
4285	1201
4286	1201
4287	1201
4288	1201
4289	1201
4290	1201
4291	1201
4292	1201
4293	1201
4294	1201
4295	1201
4296	1201
4297	1201
4298	1201
4299	1201
4300	1201
4301	1201
4302	1201
4303	1201
4304	1201
4305	1201
4306	1201
4307	1201
4308	1201
4309	1201
4310	1201
4311	1201
4312	1201
4313	1201
4314	1201
4315	1201
4316	1201
4317	1201
4318	1201
4319	1201
4320	1201
4321	1201
4322	1201
4323	1201
4324	1201
4325	1201
4326	1201
4327	1201
4328	1201
4329	1201
4330	1201
4331	1201
4332	1201
4333	1201
4334	1201
4335	1201
4336	1201
4337	1201
4338	1201
4339	1201
4340	1201
4341	1201
4342	1201
4343	1201
4344	1201
4345	1201
4346	1201
4347	1201
4348	1201
4349	1201
4350	1201
4351	1201
4352	1201
4353	1201
4354	1201
4355	1201
4356	1201
4357	1201
4358	1201
4359	1201
4360	1201
4361	1201
4362	1201
4363	1201
4364	1201
4365	1201
4366	1201
4367	1201
4368	1201
4369	1201
4370	1201
4371	1201
4372	1201
4373	1201
4374	1201
4375	1201
4376	1201
4377	1201
4378	1201
4379	1201
4380	1201
4381	1201
4382	1201
4383	1201
4384	1201
4385	1201
4386	1201
4387	1201
4388	1201
4389	1201
4390	1201
4391	1201
4392	1201
4393	1201
4394	1201
4395	1201
4396	1201
4397	1201
4398	1201
4399	1201
4400	1201
4401	1201
4402	1201
4403	1201
4404	1201
4405	1201
4406	1201
4407	1201
4408	1201
4409	1201
4410	1201
4411	1201
4412	1201
4413	1201
4414	1201
4415	1201
4416	1201
4417	1201
4418	1201
4419	1201
4420	1201
4421	1201
4422	1201
4423	1201
4424	1201
4425	1201
4426	1201
4427	1201
4428	1201
4429	1201
4430	1201
4431	1201
4432	1201
4433	1201
4434	1201
4435	1201
4436	1201
4437	1201
4438	1201
4439	1201
4440	1201
4441	1201
4442	1201
4443	1201
4444	1201
4445	1201
4446	1201
4447	1201
4448	1201
4449	1201
4450	1201
4451	1201
4452	1201
4453	1201
4454	1201
4455	1201
4456	1201
4457	1201
4458	1201
4459	1201
4460	1201
4461	1201
4462	1201
4463	1201
4464	1201
4465	1201
4466	1201
4467	1201
4468	1201
4469	1201
4470	1201
4471	1201
4472	1201
4473	1201
4474	1201
4475	1201
4476	1201
4477	1201
4478	1201
4479	1201
4480	1201
4481	1201
4482	1201
4483	1201
4484	1201
4485	1201
4486	1201
4487	1201
4488	1201
4489	1201
4490	1201
4491	1201
4492	1201
4493	1201
4494	1201
4495	1201
4496	1201
4497	1201
4498	1201
4499	1201
4500	1201
4501	1201
4502	1201
4503	1201
4504	1201
4505	1201
4506	1201
4507	1201
4508	1201
4509	1201
4510	1201
4511	1201
4512	1201
4513	1201
4514	1201
4515	1201
4516	1201
4517	1201
4518	1201
4519	1201
4520	1201
4521	1201
4522	1201
4523	1201
4524	1201
4525	1201
4526	1201
4527	1201
4528	1201
4529	1201
4530	1201
4531	1201
4532	1201
4533	1201
4534	1201
4535	1201
4536	1201
4537	1201
4538	1201
4539	1201
4540	1201
4541	1201
4542	1201
4543	1201
4544	1201
4545	1201
4546	1201
4547	1201
4548	1201
4549	1201
4550	1201
4551	1201
4552	1201
4553	1201
4554	1201
4555	1201
4556	1201
4557	1201
4558	1201
4559	1201
4560	1201
4561	1201
4562	1201
4563	1201
4564	1201
4565	1201
4566	1201
4567	1201
4568	1201
4569	1201
4570	1201
4571	1201
4572	1201
4573	1201
4574	1201
4575	1201
4576	1201
4577	1201
4578	1201
4579	1201
4580	1201
4581	1201
4582	1201
4583	1201
4584	1201
4585	1201
4586	1201
4587	1201
4588	1201
4589	1201
4590	1201
4591	1201
4592	1201
4593	1201
4594	1201
4595	1201
4596	1201
4597	1201
4598	1201
4599	1201
4600	1201
4601	1201
4602	1201
4603	1201
4604	1201
4605	1201
4606	1201
4607	1201
4608	1201
4609	1201
4610	1201
4611	1201
4612	1201
4613	1201
4614	1201
4615	1201
4616	1201
4617	1201
4618	1201
4619	1201
4620	1201
4621	1201
4622	1201
4623	1201
4624	1201
4625	1201
4626	1201
4627	1201
4628	1201
4629	1201
4630	1201
4631	1201
4632	1201
4633	1201
4634	1201
4635	1201
4636	1201
4637	1201
4638	1201
4639	1201
4640	1201
4641	1201
4642	1201
4643	1201
4644	1201
4645	1201
4646	1201
4647	1201
4648	1201
4649	1201
4650	1201
4651	1201
4652	1201
4653	1201
4654	1201
4655	1201
4656	1201
4657	1201
4658	1201
4659	1201
4660	1201
4661	1201
4662	1201
4663	1201
4664	1201
4665	1201
4666	1201
4667	1201
4668	1201
4669	1201
4670	1201
4671	1201
4672	1201
4673	1201
4674	1201
4675	1201
4676	1201
4677	1201
4678	1201
4679	1201
4680	1201
4681	1201
4682	1201
4683	1201
4684	1201
4685	1201
4686	1201
4687	1201
4688	1201
4689	1201
4690	1201
4691	1201
4692	1201
4693	1201
4694	1201
4695	1201
4696	1201
4697	1201
4698	1201
4699	1201
4700	1201
4701	1201
4702	1201
4703	1201
4704	1201
4705	1201
4706	1201
4707	1201
4708	1201
4709	1201
4710	1201
4711	1201
4712	1201
4713	1201
4714	1201
4715	1201
4716	1201
4717	1201
4718	1201
4719	1201
4720	1201
4721	1201
4722	1201
4723	1201
4724	1201
4725	1201
4726	1201
4727	1201
4728	1201
4729	1201
4730	1201
4731	1201
4732	1201
4733	1201
4734	1201
4735	1201
4736	1201
4737	1201
4738	1201
4739	1201
4740	1201
4741	1201
4742	1201
4743	1201
4744	1201
4745	1201
4746	1201
4747	1201
4748	1201
4749	1201
4750	1201
4751	1201
4752	1201
4753	1201
4754	1201
4755	1201
4756	1201
4757	1201
4758	1201
4759	1201
4760	1201
4761	1201
4762	1201
4763	1201
4764	1201
4765	1201
4766	1201
4767	1201
4768	1201
4769	1201
4770	1201
4771	1201
4772	1201
4773	1201
4774	1201
4775	1201
4776	1201
4777	1201
4778	1201
4779	1201
4780	1201
4781	1201
4782	1201
4783	1201
4784	1201
4785	1201
4786	1201
4787	1201
4788	1201
4789	1201
4790	1201
4791	1201
4792	1201
4793	1201
4794	1201
4795	1201
4796	1201
4797	1201
4798	1201
4799	1201
4800	1201
4801	1201
4802	1201
4803	1201
4804	1201
4805	1201
4806	1201
4807	1201
4808	1201
4809	1201
4810	1201
4811	1201
4812	1201
4813	1201
4814	1201
4815	1201
4816	1201
4817	1201
4818	1201
4819	1201
4820	1201
4821	1201
4822	1201
4823	1201
4824	1201
4825	1201
4826	1201
4827	1201
4828	1201
4829	1201
4830	1201
4831	1201
4832	1201
4833	1201
4834	1201
4835	1201
4836	1201
4837	1201
4838	1201
4839	1201
4840	1201
4841	1201
4842	1201
4843	1201
4844	1201
4845	1201
4846	1201
4847	1201
4848	1201
4849	1201
4850	1201
4851	1201
4852	1201
4853	1201
4854	1201
4855	1201
4856	1201
4857	1201
4858	1201
4859	1201
4860	1201
4861	1201
4862	1201
4863	1201
4864	1201
4865	1201
4866	1201
4867	1201
4868	1201
4869	1201
4870	1201
4871	1201
4872	1201
4873	1201
4874	1201
4875	1201
4876	1201
4877	1201
4878	1201
4879	1201
4880	1201
4881	1201
4882	1201
4883	1201
4884	1201
4885	1201
4886	1201
4887	1201
4888	1201
4889	1201
4890	1201
4891	1201
4892	1201
4893	1201
4894	1201
4895	1201
4896	1201
4897	1201
4898	1201
4899	1201
4900	1201
4901	1201
4902	1201
4903	1201
4904	1201
4905	1201
4906	1201
4907	1201
4908	1201
4909	1201
4910	1201
4911	1201
4912	1201
4913	1201
4914	1201
4915	1201
4916	1201
4917	1201
4918	1201
4919	1201
4920	1201
4921	1201
4922	1201
4923	1201
4924	1201
4925	1201
4926	1201
4927	1201
4928	1201
4929	1201
4930	1201
4931	1201
4932	1201
4933	1201
4934	1201
4935	1201
4936	1201
4937	1201
4938	1201
4939	1201
4940	1201
4941	1201
4942	1201
4943	1201
4944	1201
4945	1201
4946	1201
4947	1201
4948	1201
4949	1201
4950	1201
4951	1201
4952	1201
4953	1201
4954	1201
4955	1201
4956	1201
4957	1201
4958	1201
4959	1201
4960	1201
4961	1201
4962	1201
4963	1201
4964	1201
4965	1201
4966	1201
4967	1201
4968	1201
4969	1201
4970	1201
4971	1201
4972	1201
4973	1201
4974	1201
4975	1201
4976	1201
4977	1201
4978	1201
4979	1201
4980	1201
4981	1201
4982	1201
4983	1201
4984	1201
4985	1201
4986	1201
4987	1201
4988	1201
4989	1201
4990	1201
4991	1201
4992	1201
4993	1201
4994	1201
4995	1201
4996	1201
4997	1201
4998	1201
4999	1201

