0	0
1	0
2	0
3	0
4	0
5	0
6	0
7	0
8	0
9	0
10	0
11	0
12	0
13	0
14	0
15	0
16	0
17	0
18	0
19	0
20	0
21	0
22	0
23	0
24	0
25	0
26	0
27	0
28	0
29	0
30	0
31	0
32	0
33	0
34	0
35	0
36	0
37	0
38	0
39	0
40	0
41	0
42	0
43	0
44	0
45	0
46	0
47	0
48	0
49	0
50	0
51	0
52	0
53	0
54	0
55	0
56	0
57	0
58	0
59	0
60	0
61	0
62	0
63	0
64	0
65	0
66	0
67	0
68	0
69	0
70	0
71	0
72	0
73	0
74	0
75	0
76	0
77	0
78	0
79	0
80	1
81	1
82	1
83	1
84	1
85	1
86	1
87	1
88	1
89	1
90	2
91	2
92	2
93	3
94	3
95	3
96	3
97	4
98	4
99	4
100	5
101	7
102	7
103	7
104	7
105	7
106	7
107	9
108	9
109	10
110	10
111	10
112	10
113	12
114	12
115	12
116	12
117	13
118	13
119	13
120	16
121	16
122	17
123	17
124	18
125	18
126	18
127	19
128	20
129	20
130	23
131	24
132	26
133	26
134	28
135	32
136	35
137	37
138	38
139	40
140	40
141	41
142	42
143	42
144	43
145	47
146	48
147	50
148	51
149	51
150	53
151	54
152	55
153	58
154	60
155	61
156	63
157	66
158	68
159	70
160	72
161	72
162	76
163	76
164	78
165	80
166	82
167	87
168	89
169	93
170	94
171	97
172	100
173	100
174	100
175	100
176	100
177	102
178	103
179	106
180	111
181	114
182	116
183	116
184	116
185	120
186	121
187	121
188	124
189	126
190	129
191	132
192	133
193	138
194	139
195	142
196	143
197	144
198	145
199	147
200	149
201	150
202	150
203	151
204	153
205	155
206	155
207	157
208	160
209	160
210	166
211	168
212	169
213	170
214	173
215	177
216	178
217	178
218	180
219	181
220	184
221	186
222	187
223	192
224	195
225	195
226	196
227	199
228	199
229	201
230	205
231	206
232	208
233	209
234	209
235	212
236	213
237	213
238	214
239	218
240	220
241	220
242	224
243	229
244	229
245	230
246	232
247	233
248	235
249	235
250	237
251	240
252	242
253	242
254	242
255	244
256	247
257	247
258	249
259	250
260	254
261	256
262	258
263	259
264	260
265	260
266	266
267	267
268	268
269	269
270	270
271	271
272	272
273	274
274	275
275	276
276	278
277	280
278	283
279	285
280	288
281	292
282	293
283	295
284	296
285	297
286	300
287	303
288	304
289	305
290	306
291	308
292	310
293	313
294	313
295	313
296	315
297	317
298	319
299	320
300	320
301	321
302	322
303	323
304	325
305	327
306	329
307	333
308	334
309	334
310	336
311	337
312	337
313	340
314	343
315	343
316	343
317	345
318	347
319	349
320	351
321	352
322	352
323	353
324	355
325	359
326	360
327	361
328	364
329	364
330	364
331	365
332	366
333	366
334	368
335	368
336	369
337	370
338	373
339	374
340	374
341	374
342	376
343	379
344	380
345	381
346	383
347	384
348	386
349	389
350	389
351	390
352	393
353	393
354	397
355	397
356	399
357	401
358	403
359	404
360	407
361	408
362	409
363	409
364	409
365	410
366	414
367	414
368	414
369	415
370	415
371	415
372	419
373	420
374	421
375	421
376	421
377	421
378	423
379	424
380	425
381	426
382	427
383	428
384	428
385	430
386	433
387	435
388	436
389	438
390	439
391	439
392	442
393	442
394	442
395	442
396	444
397	444
398	444
399	448
400	449
401	449
402	451
403	452
404	453
405	453
406	453
407	453
408	453
409	454
410	456
411	457
412	460
413	463
414	464
415	464
416	464
417	465
418	466
419	468
420	469
421	470
422	472
423	472
424	473
425	474
426	477
427	478
428	480
429	480
430	481
431	481
432	482
433	483
434	483
435	484
436	484
437	486
438	486
439	487
440	487
441	488
442	488
443	490
444	492
445	494
446	495
447	496
448	496
449	496
450	497
451	498
452	499
453	500
454	503
455	504
456	505
457	506
458	507
459	507
460	508
461	510
462	511
463	511
464	512
465	515
466	515
467	515
468	515
469	517
470	518
471	519
472	520
473	520
474	521
475	521
476	522
477	522
478	523
479	523
480	523
481	524
482	524
483	527
484	528
485	530
486	533
487	536
488	536
489	538
490	540
491	541
492	541
493	541
494	541
495	541
496	541
497	543
498	543
499	543
500	547
501	547
502	548
503	549
504	551
505	553
506	554
507	555
508	557
509	558
510	558
511	559
512	562
513	562
514	564
515	564
516	564
517	564
518	564
519	565
520	567
521	567
522	567
523	567
524	567
525	567
526	567
527	568
528	568
529	568
530	571
531	572
532	574
533	575
534	575
535	576
536	577
537	578
538	578
539	579
540	579
541	579
542	579
543	579
544	580
545	580
546	580
547	582
548	582
549	585
550	586
551	588
552	589
553	591
554	593
555	593
556	594
557	595
558	598
559	599
560	599
561	600
562	603
563	603
564	603
565	603
566	603
567	604
568	605
569	606
570	607
571	608
572	608
573	609
574	610
575	610
576	611
577	611
578	611
579	613
580	613
581	615
582	615
583	616
584	618
585	618
586	619
587	620
588	621
589	621
590	621
591	622
592	622
593	623
594	623
595	625
596	626
597	626
598	626
599	626
600	627
601	629
602	631
603	631
604	632
605	632
606	633
607	633
608	635
609	635
610	635
611	635
612	636
613	637
614	638
615	639
616	640
617	640
618	642
619	642
620	646
621	647
622	647
623	647
624	649
625	649
626	650
627	651
628	653
629	654
630	656
631	658
632	658
633	658
634	658
635	659
636	659
637	661
638	664
639	664
640	665
641	668
642	669
643	669
644	670
645	671
646	673
647	673
648	674
649	676
650	676
651	677
652	677
653	677
654	680
655	681
656	683
657	684
658	685
659	686
660	686
661	687
662	687
663	687
664	688
665	690
666	690
667	691
668	691
669	692
670	693
671	695
672	695
673	696
674	697
675	699
676	699
677	699
678	699
679	700
680	700
681	700
682	700
683	701
684	703
685	704
686	704
687	706
688	707
689	707
690	707
691	707
692	707
693	709
694	710
695	713
696	713
697	714
698	716
699	716
700	716
701	716
702	716
703	716
704	717
705	719
706	719
707	720
708	721
709	723
710	723
711	723
712	724
713	724
714	724
715	725
716	725
717	725
718	726
719	728
720	728
721	730
722	730
723	730
724	734
725	734
726	735
727	735
728	738
729	738
730	738
731	739
732	739
733	740
734	740
735	740
736	740
737	740
738	740
739	741
740	741
741	743
742	743
743	745
744	746
745	746
746	746
747	747
748	748
749	748
750	748
751	748
752	748
753	748
754	749
755	750
756	752
757	752
758	752
759	753
760	754
761	754
762	756
763	756
764	756
765	756
766	756
767	757
768	758
769	758
770	758
771	758
772	759
773	761
774	762
775	762
776	763
777	764
778	764
779	764
780	765
781	766
782	766
783	768
784	768
785	770
786	770
787	771
788	771
789	771
790	771
791	772
792	772
793	773
794	773
795	774
796	775
797	775
798	776
799	776
800	776
801	777
802	778
803	779
804	779
805	781
806	781
807	781
808	782
809	784
810	785
811	785
812	786
813	787
814	787
815	787
816	788
817	788
818	789
819	790
820	792
821	792
822	792
823	792
824	793
825	793
826	794
827	794
828	796
829	798
830	798
831	798
832	798
833	799
834	799
835	802
836	802
837	802
838	802
839	802
840	804
841	805
842	805
843	805
844	805
845	806
846	806
847	806
848	806
849	807
850	807
851	809
852	809
853	809
854	809
855	809
856	812
857	812
858	813
859	813
860	813
861	814
862	814
863	814
864	815
865	815
866	815
867	817
868	818
869	819
870	819
871	820
872	821
873	821
874	822
875	822
876	824
877	824
878	824
879	824
880	824
881	824
882	825
883	826
884	828
885	829
886	829
887	829
888	830
889	832
890	833
891	833
892	835
893	836
894	836
895	836
896	837
897	837
898	837
899	837
900	838
901	840
902	841
903	841
904	842
905	842
906	842
907	845
908	845
909	845
910	845
911	846
912	847
913	848
914	849
915	850
916	851
917	851
918	851
919	851
920	851
921	852
922	853
923	855
924	856
925	856
926	857
927	857
928	858
929	859
930	859
931	859
932	859
933	860
934	860
935	862
936	863
937	863
938	864
939	864
940	865
941	865
942	867
943	867
944	868
945	868
946	868
947	870
948	870
949	870
950	870
951	871
952	871
953	873
954	873
955	873
956	874
957	874
958	874
959	875
960	875
961	875
962	875
963	875
964	875
965	875
966	876
967	876
968	877
969	878
970	878
971	880
972	880
973	881
974	881
975	882
976	882
977	883
978	883
979	883
980	883
981	883
982	885
983	885
984	885
985	886
986	886
987	886
988	887
989	887
990	887
991	888
992	889
993	889
994	889
995	890
996	890
997	890
998	891
999	892
1000	892
1001	893
1002	893
1003	893
1004	894
1005	895
1006	896
1007	896
1008	896
1009	897
1010	897
1011	898
1012	899
1013	899
1014	899
1015	899
1016	900
1017	900
1018	900
1019	900
1020	900
1021	900
1022	901
1023	901
1024	901
1025	902
1026	902
1027	903
1028	903
1029	903
1030	904
1031	904
1032	904
1033	904
1034	904
1035	906
1036	907
1037	909
1038	909
1039	910
1040	911
1041	911
1042	911
1043	911
1044	912
1045	912
1046	912
1047	913
1048	914
1049	916
1050	917
1051	917
1052	917
1053	919
1054	919
1055	921
1056	921
1057	922
1058	923
1059	923
1060	923
1061	923
1062	924
1063	928
1064	928
1065	928
1066	928
1067	928
1068	928
1069	928
1070	928
1071	928
1072	929
1073	929
1074	929
1075	929
1076	930
1077	930
1078	930
1079	931
1080	932
1081	932
1082	932
1083	932
1084	932
1085	933
1086	933
1087	935
1088	936
1089	936
1090	936
1091	936
1092	937
1093	937
1094	937
1095	939
1096	939
1097	939
1098	939
1099	940
1100	940
1101	940
1102	940
1103	940
1104	942
1105	942
1106	942
1107	942
1108	942
1109	943
1110	943
1111	944
1112	944
1113	945
1114	947
1115	947
1116	947
1117	948
1118	950
1119	950
1120	950
1121	952
1122	952
1123	952
1124	952
1125	953
1126	954
1127	954
1128	954
1129	954
1130	955
1131	956
1132	956
1133	956
1134	956
1135	956
1136	957
1137	958
1138	959
1139	959
1140	959
1141	961
1142	961
1143	961
1144	961
1145	963
1146	964
1147	964
1148	964
1149	964
1150	964
1151	964
1152	964
1153	964
1154	964
1155	964
1156	965
1157	965
1158	965
1159	965
1160	967
1161	967
1162	968
1163	968
1164	968
1165	968
1166	968
1167	968
1168	969
1169	970
1170	970
1171	970
1172	971
1173	973
1174	973
1175	973
1176	973
1177	973
1178	973
1179	973
1180	973
1181	973
1182	973
1183	975
1184	975
1185	975
1186	975
1187	975
1188	975
1189	975
1190	975
1191	975
1192	977
1193	977
1194	977
1195	978
1196	978
1197	981
1198	982
1199	982
1200	982
1201	982
1202	983
1203	984
1204	984
1205	984
1206	984
1207	985
1208	986
1209	986
1210	986
1211	987
1212	987
1213	987
1214	987
1215	987
1216	989
1217	990
1218	990
1219	991
1220	991
1221	991
1222	991
1223	991
1224	991
1225	991
1226	991
1227	992
1228	992
1229	992
1230	992
1231	992
1232	992
1233	993
1234	993
1235	993
1236	993
1237	993
1238	993
1239	993
1240	993
1241	994
1242	995
1243	996
1244	996
1245	996
1246	996
1247	996
1248	996
1249	997
1250	999
1251	999
1252	999
1253	999
1254	999
1255	999
1256	999
1257	1000
1258	1001
1259	1001
1260	1001
1261	1001
1262	1001
1263	1001
1264	1001
1265	1002
1266	1002
1267	1003
1268	1003
1269	1003
1270	1003
1271	1003
1272	1003
1273	1004
1274	1005
1275	1005
1276	1005
1277	1007
1278	1007
1279	1008
1280	1008
1281	1008
1282	1010
1283	1010
1284	1010
1285	1011
1286	1011
1287	1012
1288	1013
1289	1013
1290	1013
1291	1013
1292	1013
1293	1013
1294	1013
1295	1013
1296	1014
1297	1014
1298	1014
1299	1014
1300	1014
1301	1014
1302	1014
1303	1014
1304	1014
1305	1014
1306	1014
1307	1014
1308	1014
1309	1014
1310	1015
1311	1015
1312	1015
1313	1015
1314	1016
1315	1016
1316	1017
1317	1017
1318	1018
1319	1018
1320	1018
1321	1018
1322	1019
1323	1019
1324	1019
1325	1022
1326	1022
1327	1022
1328	1022
1329	1023
1330	1023
1331	1023
1332	1023
1333	1023
1334	1023
1335	1023
1336	1023
1337	1023
1338	1023
1339	1024
1340	1024
1341	1024
1342	1025
1343	1025
1344	1025
1345	1025
1346	1025
1347	1026
1348	1026
1349	1027
1350	1027
1351	1029
1352	1029
1353	1030
1354	1031
1355	1031
1356	1032
1357	1032
1358	1032
1359	1032
1360	1033
1361	1033
1362	1033
1363	1033
1364	1034
1365	1034
1366	1035
1367	1035
1368	1035
1369	1036
1370	1036
1371	1036
1372	1037
1373	1037
1374	1037
1375	1037
1376	1037
1377	1039
1378	1039
1379	1039
1380	1039
1381	1039
1382	1039
1383	1039
1384	1039
1385	1039
1386	1039
1387	1040
1388	1040
1389	1040
1390	1040
1391	1040
1392	1040
1393	1040
1394	1042
1395	1042
1396	1042
1397	1042
1398	1042
1399	1042
1400	1043
1401	1043
1402	1045
1403	1045
1404	1045
1405	1045
1406	1046
1407	1046
1408	1047
1409	1047
1410	1047
1411	1047
1412	1049
1413	1049
1414	1049
1415	1049
1416	1049
1417	1049
1418	1049
1419	1049
1420	1049
1421	1049
1422	1050
1423	1050
1424	1050
1425	1050
1426	1051
1427	1051
1428	1051
1429	1051
1430	1052
1431	1054
1432	1054
1433	1055
1434	1055
1435	1056
1436	1056
1437	1056
1438	1056
1439	1056
1440	1056
1441	1056
1442	1056
1443	1056
1444	1056
1445	1056
1446	1056
1447	1056
1448	1056
1449	1057
1450	1057
1451	1057
1452	1057
1453	1057
1454	1057
1455	1057
1456	1057
1457	1057
1458	1057
1459	1057
1460	1059
1461	1060
1462	1060
1463	1060
1464	1060
1465	1060
1466	1060
1467	1061
1468	1061
1469	1061
1470	1061
1471	1061
1472	1061
1473	1061
1474	1062
1475	1062
1476	1062
1477	1062
1478	1063
1479	1063
1480	1063
1481	1063
1482	1064
1483	1065
1484	1065
1485	1065
1486	1065
1487	1065
1488	1065
1489	1065
1490	1065
1491	1066
1492	1067
1493	1067
1494	1068
1495	1069
1496	1069
1497	1069
1498	1069
1499	1069
1500	1069
1501	1069
1502	1069
1503	1069
1504	1069
1505	1069
1506	1069
1507	1069
1508	1069
1509	1069
1510	1069
1511	1069
1512	1069
1513	1071
1514	1071
1515	1071
1516	1071
1517	1071
1518	1071
1519	1072
1520	1072
1521	1072
1522	1072
1523	1072
1524	1072
1525	1072
1526	1072
1527	1072
1528	1072
1529	1072
1530	1074
1531	1075
1532	1075
1533	1075
1534	1076
1535	1076
1536	1076
1537	1076
1538	1076
1539	1077
1540	1077
1541	1077
1542	1077
1543	1078
1544	1078
1545	1078
1546	1078
1547	1078
1548	1078
1549	1079
1550	1079
1551	1079
1552	1079
1553	1079
1554	1079
1555	1079
1556	1080
1557	1080
1558	1080
1559	1081
1560	1081
1561	1082
1562	1082
1563	1082
1564	1082
1565	1082
1566	1082
1567	1082
1568	1082
1569	1082
1570	1083
1571	1084
1572	1084
1573	1085
1574	1085
1575	1085
1576	1085
1577	1086
1578	1087
1579	1087
1580	1088
1581	1088
1582	1088
1583	1088
1584	1089
1585	1089
1586	1089
1587	1089
1588	1089
1589	1089
1590	1089
1591	1089
1592	1089
1593	1089
1594	1090
1595	1090
1596	1090
1597	1090
1598	1090
1599	1091
1600	1091
1601	1091
1602	1092
1603	1092
1604	1092
1605	1092
1606	1092
1607	1092
1608	1092
1609	1092
1610	1092
1611	1092
1612	1092
1613	1092
1614	1092
1615	1092
1616	1092
1617	1092
1618	1092
1619	1092
1620	1092
1621	1093
1622	1093
1623	1093
1624	1094
1625	1095
1626	1095
1627	1095
1628	1095
1629	1095
1630	1095
1631	1095
1632	1095
1633	1095
1634	1095
1635	1095
1636	1095
1637	1096
1638	1096
1639	1097
1640	1097
1641	1097
1642	1097
1643	1097
1644	1097
1645	1097
1646	1097
1647	1097
1648	1097
1649	1097
1650	1098
1651	1098
1652	1098
1653	1099
1654	1099
1655	1100
1656	1100
1657	1101
1658	1101
1659	1101
1660	1101
1661	1101
1662	1101
1663	1101
1664	1101
1665	1101
1666	1101
1667	1101
1668	1101
1669	1101
1670	1101
1671	1102
1672	1102
1673	1102
1674	1102
1675	1102
1676	1103
1677	1103
1678	1103
1679	1103
1680	1103
1681	1104
1682	1104
1683	1105
1684	1105
1685	1105
1686	1105
1687	1105
1688	1105
1689	1105
1690	1106
1691	1106
1692	1106
1693	1106
1694	1106
1695	1106
1696	1106
1697	1106
1698	1107
1699	1107
1700	1107
1701	1107
1702	1108
1703	1108
1704	1108
1705	1108
1706	1108
1707	1108
1708	1109
1709	1109
1710	1109
1711	1109
1712	1110
1713	1110
1714	1110
1715	1110
1716	1110
1717	1111
1718	1111
1719	1112
1720	1112
1721	1112
1722	1112
1723	1112
1724	1112
1725	1112
1726	1112
1727	1112
1728	1112
1729	1112
1730	1112
1731	1112
1732	1112
1733	1112
1734	1113
1735	1113
1736	1113
1737	1113
1738	1113
1739	1114
1740	1114
1741	1114
1742	1114
1743	1114
1744	1114
1745	1114
1746	1114
1747	1114
1748	1114
1749	1114
1750	1114
1751	1114
1752	1115
1753	1115
1754	1115
1755	1115
1756	1115
1757	1115
1758	1115
1759	1115
1760	1115
1761	1115
1762	1115
1763	1115
1764	1115
1765	1115
1766	1115
1767	1116
1768	1116
1769	1116
1770	1116
1771	1116
1772	1116
1773	1117
1774	1117
1775	1118
1776	1118
1777	1118
1778	1118
1779	1118
1780	1118
1781	1118
1782	1118
1783	1118
1784	1118
1785	1119
1786	1119
1787	1119
1788	1120
1789	1120
1790	1120
1791	1120
1792	1120
1793	1120
1794	1120
1795	1120
1796	1120
1797	1120
1798	1120
1799	1120
1800	1120
1801	1120
1802	1120
1803	1120
1804	1121
1805	1121
1806	1121
1807	1121
1808	1121
1809	1121
1810	1121
1811	1121
1812	1122
1813	1123
1814	1123
1815	1123
1816	1123
1817	1123
1818	1123
1819	1123
1820	1123
1821	1123
1822	1123
1823	1123
1824	1123
1825	1123
1826	1123
1827	1123
1828	1123
1829	1123
1830	1124
1831	1125
1832	1125
1833	1125
1834	1125
1835	1125
1836	1126
1837	1126
1838	1126
1839	1126
1840	1126
1841	1127
1842	1127
1843	1127
1844	1127
1845	1127
1846	1127
1847	1127
1848	1128
1849	1128
1850	1128
1851	1128
1852	1128
1853	1128
1854	1128
1855	1128
1856	1128
1857	1128
1858	1128
1859	1128
1860	1128
1861	1128
1862	1128
1863	1128
1864	1128
1865	1128
1866	1128
1867	1128
1868	1128
1869	1129
1870	1129
1871	1130
1872	1130
1873	1130
1874	1130
1875	1130
1876	1130
1877	1130
1878	1130
1879	1130
1880	1130
1881	1130
1882	1130
1883	1131
1884	1131
1885	1131
1886	1131
1887	1131
1888	1131
1889	1131
1890	1131
1891	1131
1892	1131
1893	1131
1894	1131
1895	1131
1896	1131
1897	1131
1898	1132
1899	1132
1900	1133
1901	1134
1902	1134
1903	1134
1904	1134
1905	1134
1906	1134
1907	1134
1908	1134
1909	1134
1910	1134
1911	1134
1912	1134
1913	1134
1914	1134
1915	1134
1916	1134
1917	1134
1918	1134
1919	1134
1920	1134
1921	1134
1922	1134
1923	1134
1924	1134
1925	1134
1926	1134
1927	1134
1928	1134
1929	1134
1930	1134
1931	1134
1932	1134
1933	1134
1934	1134
1935	1134
1936	1134
1937	1134
1938	1134
1939	1134
1940	1134
1941	1134
1942	1134
1943	1134
1944	1134
1945	1134
1946	1134
1947	1135
1948	1135
1949	1135
1950	1135
1951	1135
1952	1135
1953	1135
1954	1135
1955	1135
1956	1135
1957	1135
1958	1135
1959	1135
1960	1135
1961	1135
1962	1135
1963	1135
1964	1135
1965	1135
1966	1135
1967	1135
1968	1135
1969	1135
1970	1135
1971	1135
1972	1136
1973	1136
1974	1137
1975	1137
1976	1137
1977	1137
1978	1137
1979	1137
1980	1137
1981	1137
1982	1137
1983	1137
1984	1137
1985	1137
1986	1137
1987	1137
1988	1137
1989	1137
1990	1137
1991	1137
1992	1137
1993	1137
1994	1137
1995	1137
1996	1137
1997	1137
1998	1138
1999	1138
2000	1138
2001	1138
2002	1138
2003	1138
2004	1139
2005	1140
2006	1140
2007	1140
2008	1140
2009	1140
2010	1140
2011	1140
2012	1140
2013	1140
2014	1140
2015	1140
2016	1140
2017	1141
2018	1141
2019	1141
2020	1141
2021	1141
2022	1141
2023	1141
2024	1141
2025	1141
2026	1141
2027	1141
2028	1141
2029	1142
2030	1142
2031	1143
2032	1143
2033	1143
2034	1143
2035	1143
2036	1144
2037	1144
2038	1144
2039	1144
2040	1144
2041	1144
2042	1144
2043	1144
2044	1144
2045	1144
2046	1144
2047	1144
2048	1144
2049	1144
2050	1144
2051	1144
2052	1144
2053	1144
2054	1144
2055	1144
2056	1144
2057	1144
2058	1144
2059	1144
2060	1144
2061	1144
2062	1144
2063	1144
2064	1145
2065	1145
2066	1145
2067	1145
2068	1145
2069	1145
2070	1145
2071	1145
2072	1145
2073	1145
2074	1145
2075	1145
2076	1145
2077	1145
2078	1146
2079	1146
2080	1146
2081	1146
2082	1146
2083	1146
2084	1146
2085	1146
2086	1147
2087	1147
2088	1147
2089	1147
2090	1147
2091	1147
2092	1147
2093	1147
2094	1147
2095	1147
2096	1147
2097	1147
2098	1147
2099	1147
2100	1147
2101	1147
2102	1147
2103	1147
2104	1147
2105	1147
2106	1147
2107	1147
2108	1147
2109	1147
2110	1147
2111	1147
2112	1147
2113	1147
2114	1147
2115	1147
2116	1148
2117	1148
2118	1148
2119	1148
2120	1148
2121	1148
2122	1148
2123	1148
2124	1149
2125	1149
2126	1149
2127	1149
2128	1149
2129	1149
2130	1150
2131	1150
2132	1150
2133	1150
2134	1150
2135	1150
2136	1151
2137	1152
2138	1153
2139	1153
2140	1153
2141	1153
2142	1153
2143	1153
2144	1153
2145	1153
2146	1153
2147	1153
2148	1153
2149	1153
2150	1153
2151	1153
2152	1153
2153	1153
2154	1153
2155	1153
2156	1153
2157	1154
2158	1154
2159	1154
2160	1154
2161	1154
2162	1154
2163	1154
2164	1154
2165	1155
2166	1155
2167	1155
2168	1155
2169	1155
2170	1155
2171	1155
2172	1155
2173	1156
2174	1156
2175	1156
2176	1156
2177	1156
2178	1156
2179	1156
2180	1156
2181	1156
2182	1156
2183	1156
2184	1156
2185	1156
2186	1156
2187	1156
2188	1157
2189	1157
2190	1157
2191	1157
2192	1157
2193	1157
2194	1157
2195	1157
2196	1157
2197	1157
2198	1157
2199	1157
2200	1157
2201	1157
2202	1158
2203	1158
2204	1158
2205	1158
2206	1158
2207	1158
2208	1158
2209	1158
2210	1158
2211	1158
2212	1158
2213	1158
2214	1158
2215	1158
2216	1158
2217	1158
2218	1159
2219	1159
2220	1159
2221	1159
2222	1160
2223	1160
2224	1160
2225	1160
2226	1160
2227	1161
2228	1161
2229	1161
2230	1161
2231	1161
2232	1161
2233	1161
2234	1161
2235	1162
2236	1162
2237	1162
2238	1162
2239	1162
2240	1162
2241	1162
2242	1162
2243	1162
2244	1162
2245	1162
2246	1162
2247	1162
2248	1162
2249	1162
2250	1162
2251	1162
2252	1162
2253	1162
2254	1162
2255	1162
2256	1162
2257	1162
2258	1162
2259	1162
2260	1162
2261	1162
2262	1162
2263	1162
2264	1162
2265	1162
2266	1162
2267	1162
2268	1162
2269	1162
2270	1162
2271	1162
2272	1163
2273	1163
2274	1163
2275	1163
2276	1163
2277	1163
2278	1163
2279	1163
2280	1163
2281	1164
2282	1164
2283	1164
2284	1164
2285	1164
2286	1164
2287	1164
2288	1164
2289	1164
2290	1164
2291	1164
2292	1164
2293	1164
2294	1164
2295	1164
2296	1165
2297	1165
2298	1165
2299	1165
2300	1165
2301	1165
2302	1165
2303	1165
2304	1165
2305	1165
2306	1165
2307	1165
2308	1165
2309	1165
2310	1165
2311	1165
2312	1165
2313	1165
2314	1165
2315	1165
2316	1165
2317	1165
2318	1166
2319	1166
2320	1166
2321	1166
2322	1166
2323	1166
2324	1166
2325	1166
2326	1166
2327	1166
2328	1166
2329	1166
2330	1166
2331	1166
2332	1166
2333	1166
2334	1166
2335	1166
2336	1166
2337	1166
2338	1166
2339	1166
2340	1166
2341	1166
2342	1166
2343	1166
2344	1166
2345	1166
2346	1166
2347	1166
2348	1166
2349	1166
2350	1166
2351	1166
2352	1166
2353	1166
2354	1166
2355	1166
2356	1166
2357	1166
2358	1166
2359	1166
2360	1166
2361	1166
2362	1166
2363	1166
2364	1166
2365	1166
2366	1166
2367	1166
2368	1166
2369	1166
2370	1166
2371	1166
2372	1166
2373	1166
2374	1167
2375	1167
2376	1168
2377	1168
2378	1168
2379	1168
2380	1168
2381	1168
2382	1168
2383	1168
2384	1168
2385	1168
2386	1168
2387	1168
2388	1169
2389	1169
2390	1169
2391	1169
2392	1169
2393	1169
2394	1169
2395	1169
2396	1169
2397	1170
2398	1170
2399	1170
2400	1170
2401	1170
2402	1170
2403	1170
2404	1170
2405	1170
2406	1170
2407	1170
2408	1170
2409	1170
2410	1170
2411	1170
2412	1170
2413	1171
2414	1171
2415	1171
2416	1171
2417	1171
2418	1171
2419	1171
2420	1171
2421	1171
2422	1171
2423	1171
2424	1171
2425	1171
2426	1171
2427	1171
2428	1171
2429	1171
2430	1171
2431	1171
2432	1171
2433	1171
2434	1171
2435	1171
2436	1171
2437	1172
2438	1172
2439	1172
2440	1172
2441	1172
2442	1172
2443	1172
2444	1172
2445	1172
2446	1172
2447	1172
2448	1172
2449	1172
2450	1172
2451	1172
2452	1172
2453	1172
2454	1172
2455	1172
2456	1172
2457	1172
2458	1172
2459	1172
2460	1172
2461	1173
2462	1173
2463	1173
2464	1173
2465	1173
2466	1173
2467	1173
2468	1173
2469	1173
2470	1173
2471	1173
2472	1174
2473	1174
2474	1174
2475	1174
2476	1174
2477	1174
2478	1174
2479	1174
2480	1174
2481	1174
2482	1174
2483	1174
2484	1175
2485	1175
2486	1175
2487	1175
2488	1175
2489	1175
2490	1175
2491	1175
2492	1175
2493	1175
2494	1175
2495	1175
2496	1175
2497	1175
2498	1175
2499	1175
2500	1175
2501	1175
2502	1175
2503	1175
2504	1175
2505	1175
2506	1175
2507	1175
2508	1175
2509	1175
2510	1175
2511	1175
2512	1175
2513	1175
2514	1175
2515	1175
2516	1175
2517	1175
2518	1175
2519	1175
2520	1175
2521	1175
2522	1176
2523	1176
2524	1176
2525	1176
2526	1176
2527	1177
2528	1177
2529	1177
2530	1177
2531	1177
2532	1177
2533	1177
2534	1177
2535	1177
2536	1177
2537	1177
2538	1177
2539	1177
2540	1177
2541	1177
2542	1177
2543	1177
2544	1177
2545	1177
2546	1177
2547	1177
2548	1177
2549	1177
2550	1177
2551	1178
2552	1178
2553	1178
2554	1178
2555	1178
2556	1178
2557	1179
2558	1179
2559	1179
2560	1179
2561	1179
2562	1179
2563	1179
2564	1179
2565	1179
2566	1179
2567	1179
2568	1179
2569	1179
2570	1179
2571	1179
2572	1179
2573	1179
2574	1179
2575	1179
2576	1179
2577	1179
2578	1179
2579	1179
2580	1179
2581	1179
2582	1179
2583	1179
2584	1179
2585	1179
2586	1179
2587	1179
2588	1179
2589	1179
2590	1179
2591	1179
2592	1179
2593	1179
2594	1179
2595	1179
2596	1179
2597	1179
2598	1179
2599	1179
2600	1179
2601	1179
2602	1179
2603	1179
2604	1179
2605	1179
2606	1179
2607	1179
2608	1179
2609	1179
2610	1179
2611	1179
2612	1179
2613	1179
2614	1179
2615	1179
2616	1179
2617	1179
2618	1179
2619	1179
2620	1179
2621	1179
2622	1179
2623	1179
2624	1179
2625	1179
2626	1179
2627	1179
2628	1179
2629	1179
2630	1179
2631	1179
2632	1179
2633	1179
2634	1179
2635	1179
2636	1179
2637	1179
2638	1179
2639	1179
2640	1179
2641	1179
2642	1179
2643	1179
2644	1179
2645	1179
2646	1179
2647	1179
2648	1179
2649	1179
2650	1179
2651	1179
2652	1179
2653	1179
2654	1179
2655	1179
2656	1179
2657	1179
2658	1179
2659	1179
2660	1179
2661	1179
2662	1179
2663	1179
2664	1179
2665	1179
2666	1179
2667	1179
2668	1179
2669	1179
2670	1179
2671	1179
2672	1179
2673	1180
2674	1180
2675	1180
2676	1180
2677	1180
2678	1180
2679	1180
2680	1180
2681	1180
2682	1180
2683	1180
2684	1180
2685	1180
2686	1180
2687	1180
2688	1180
2689	1180
2690	1180
2691	1180
2692	1180
2693	1180
2694	1180
2695	1180
2696	1180
2697	1180
2698	1180
2699	1180
2700	1180
2701	1180
2702	1180
2703	1181
2704	1181
2705	1181
2706	1181
2707	1181
2708	1181
2709	1181
2710	1181
2711	1181
2712	1181
2713	1181
2714	1181
2715	1181
2716	1181
2717	1181
2718	1181
2719	1181
2720	1181
2721	1181
2722	1181
2723	1181
2724	1181
2725	1181
2726	1181
2727	1181
2728	1181
2729	1181
2730	1181
2731	1181
2732	1181
2733	1181
2734	1181
2735	1181
2736	1181
2737	1181
2738	1181
2739	1181
2740	1181
2741	1181
2742	1181
2743	1181
2744	1181
2745	1182
2746	1182
2747	1182
2748	1182
2749	1182
2750	1182
2751	1182
2752	1182
2753	1182
2754	1182
2755	1182
2756	1182
2757	1182
2758	1182
2759	1182
2760	1182
2761	1182
2762	1182
2763	1182
2764	1182
2765	1182
2766	1182
2767	1182
2768	1182
2769	1182
2770	1182
2771	1182
2772	1182
2773	1182
2774	1182
2775	1182
2776	1182
2777	1182
2778	1182
2779	1182
2780	1182
2781	1182
2782	1182
2783	1182
2784	1183
2785	1183
2786	1183
2787	1183
2788	1183
2789	1183
2790	1183
2791	1183
2792	1183
2793	1183
2794	1183
2795	1183
2796	1183
2797	1183
2798	1183
2799	1183
2800	1183
2801	1183
2802	1183
2803	1183
2804	1183
2805	1183
2806	1183
2807	1183
2808	1183
2809	1183
2810	1183
2811	1183
2812	1183
2813	1183
2814	1183
2815	1183
2816	1183
2817	1183
2818	1183
2819	1183
2820	1183
2821	1183
2822	1183
2823	1183
2824	1183
2825	1183
2826	1183
2827	1183
2828	1183
2829	1183
2830	1183
2831	1183
2832	1184
2833	1184
2834	1184
2835	1184
2836	1184
2837	1184
2838	1184
2839	1184
2840	1184
2841	1184
2842	1184
2843	1184
2844	1184
2845	1184
2846	1184
2847	1184
2848	1184
2849	1184
2850	1184
2851	1184
2852	1184
2853	1184
2854	1184
2855	1184
2856	1184
2857	1184
2858	1184
2859	1184
2860	1184
2861	1184
2862	1184
2863	1184
2864	1184
2865	1184
2866	1184
2867	1184
2868	1184
2869	1184
2870	1184
2871	1184
2872	1184
2873	1184
2874	1184
2875	1184
2876	1184
2877	1184
2878	1184
2879	1184
2880	1184
2881	1184
2882	1184
2883	1184
2884	1184
2885	1184
2886	1184
2887	1184
2888	1184
2889	1184
2890	1184
2891	1184
2892	1184
2893	1184
2894	1184
2895	1184
2896	1184
2897	1184
2898	1184
2899	1184
2900	1184
2901	1184
2902	1184
2903	1184
2904	1184
2905	1185
2906	1185
2907	1185
2908	1185
2909	1185
2910	1185
2911	1185
2912	1185
2913	1185
2914	1185
2915	1185
2916	1185
2917	1185
2918	1185
2919	1185
2920	1185
2921	1185
2922	1185
2923	1185
2924	1185
2925	1185
2926	1185
2927	1185
2928	1185
2929	1185
2930	1185
2931	1185
2932	1185
2933	1185
2934	1185
2935	1185
2936	1185
2937	1185
2938	1185
2939	1185
2940	1185
2941	1185
2942	1185
2943	1185
2944	1185
2945	1185
2946	1185
2947	1185
2948	1185
2949	1185
2950	1185
2951	1185
2952	1185
2953	1185
2954	1185
2955	1185
2956	1185
2957	1185
2958	1185
2959	1185
2960	1185
2961	1185
2962	1185
2963	1185
2964	1185
2965	1185
2966	1185
2967	1185
2968	1185
2969	1185
2970	1185
2971	1185
2972	1185
2973	1185
2974	1185
2975	1185
2976	1186
2977	1186
2978	1186
2979	1186
2980	1186
2981	1186
2982	1186
2983	1186
2984	1186
2985	1186
2986	1186
2987	1187
2988	1187
2989	1187
2990	1187
2991	1187
2992	1187
2993	1187
2994	1187
2995	1187
2996	1187
2997	1187
2998	1187
2999	1187
3000	1187
3001	1187
3002	1187
3003	1187
3004	1187
3005	1187
3006	1187
3007	1187
3008	1187
3009	1187
3010	1187
3011	1187
3012	1187
3013	1187
3014	1187
3015	1187
3016	1187
3017	1187
3018	1187
3019	1187
3020	1187
3021	1187
3022	1187
3023	1188
3024	1188
3025	1188
3026	1188
3027	1188
3028	1188
3029	1188
3030	1188
3031	1188
3032	1188
3033	1188
3034	1188
3035	1188
3036	1188
3037	1188
3038	1188
3039	1188
3040	1188
3041	1188
3042	1188
3043	1188
3044	1188
3045	1188
3046	1188
3047	1188
3048	1188
3049	1188
3050	1188
3051	1188
3052	1188
3053	1188
3054	1188
3055	1188
3056	1188
3057	1188
3058	1188
3059	1188
3060	1188
3061	1188
3062	1188
3063	1188
3064	1188
3065	1188
3066	1188
3067	1188
3068	1188
3069	1188
3070	1188
3071	1188
3072	1188
3073	1188
3074	1188
3075	1188
3076	1188
3077	1188
3078	1188
3079	1188
3080	1188
3081	1188
3082	1188
3083	1189
3084	1189
3085	1189
3086	1189
3087	1189
3088	1189
3089	1189
3090	1189
3091	1189
3092	1189
3093	1189
3094	1189
3095	1189
3096	1189
3097	1189
3098	1189
3099	1189
3100	1189
3101	1189
3102	1189
3103	1189
3104	1189
3105	1189
3106	1189
3107	1189
3108	1189
3109	1189
3110	1189
3111	1189
3112	1189
3113	1189
3114	1189
3115	1189
3116	1189
3117	1189
3118	1189
3119	1189
3120	1189
3121	1189
3122	1190
3123	1190
3124	1190
3125	1190
3126	1190
3127	1190
3128	1190
3129	1190
3130	1190
3131	1190
3132	1190
3133	1190
3134	1190
3135	1190
3136	1191
3137	1191
3138	1191
3139	1191
3140	1191
3141	1191
3142	1191
3143	1191
3144	1191
3145	1191
3146	1191
3147	1191
3148	1191
3149	1191
3150	1191
3151	1191
3152	1191
3153	1191
3154	1191
3155	1191
3156	1191
3157	1191
3158	1191
3159	1191
3160	1191
3161	1191
3162	1191
3163	1191
3164	1191
3165	1191
3166	1191
3167	1191
3168	1191
3169	1191
3170	1191
3171	1191
3172	1191
3173	1191
3174	1191
3175	1191
3176	1191
3177	1191
3178	1191
3179	1191
3180	1191
3181	1191
3182	1191
3183	1191
3184	1191
3185	1191
3186	1191
3187	1191
3188	1191
3189	1191
3190	1191
3191	1191
3192	1191
3193	1191
3194	1191
3195	1191
3196	1191
3197	1191
3198	1191
3199	1191
3200	1191
3201	1191
3202	1191
3203	1191
3204	1191
3205	1191
3206	1191
3207	1191
3208	1191
3209	1191
3210	1191
3211	1191
3212	1191
3213	1191
3214	1191
3215	1191
3216	1191
3217	1191
3218	1191
3219	1191
3220	1191
3221	1191
3222	1191
3223	1191
3224	1191
3225	1191
3226	1191
3227	1191
3228	1191
3229	1191
3230	1191
3231	1191
3232	1191
3233	1191
3234	1191
3235	1191
3236	1191
3237	1191
3238	1191
3239	1191
3240	1191
3241	1191
3242	1191
3243	1191
3244	1191
3245	1191
3246	1191
3247	1191
3248	1191
3249	1191
3250	1191
3251	1191
3252	1191
3253	1191
3254	1191
3255	1191
3256	1191
3257	1191
3258	1191
3259	1192
3260	1192
3261	1192
3262	1192
3263	1192
3264	1192
3265	1192
3266	1192
3267	1192
3268	1192
3269	1192
3270	1192
3271	1192
3272	1192
3273	1192
3274	1192
3275	1192
3276	1192
3277	1192
3278	1192
3279	1192
3280	1192
3281	1192
3282	1192
3283	1192
3284	1192
3285	1192
3286	1192
3287	1192
3288	1192
3289	1192
3290	1192
3291	1192
3292	1192
3293	1192
3294	1192
3295	1192
3296	1192
3297	1192
3298	1192
3299	1192
3300	1192
3301	1192
3302	1192
3303	1192
3304	1192
3305	1192
3306	1192
3307	1192
3308	1192
3309	1192
3310	1192
3311	1192
3312	1192
3313	1192
3314	1192
3315	1192
3316	1192
3317	1192
3318	1192
3319	1192
3320	1192
3321	1192
3322	1192
3323	1192
3324	1192
3325	1192
3326	1192
3327	1192
3328	1192
3329	1192
3330	1192
3331	1192
3332	1192
3333	1192
3334	1192
3335	1192
3336	1192
3337	1192
3338	1192
3339	1192
3340	1192
3341	1192
3342	1192
3343	1192
3344	1192
3345	1192
3346	1192
3347	1192
3348	1192
3349	1192
3350	1192
3351	1192
3352	1192
3353	1192
3354	1192
3355	1192
3356	1192
3357	1192
3358	1192
3359	1192
3360	1192
3361	1192
3362	1192
3363	1192
3364	1192
3365	1192
3366	1192
3367	1192
3368	1192
3369	1192
3370	1192
3371	1192
3372	1192
3373	1192
3374	1192
3375	1192
3376	1192
3377	1192
3378	1192
3379	1192
3380	1192
3381	1192
3382	1192
3383	1192
3384	1192
3385	1192
3386	1192
3387	1192
3388	1192
3389	1192
3390	1192
3391	1192
3392	1192
3393	1192
3394	1192
3395	1193
3396	1193
3397	1193
3398	1193
3399	1193
3400	1193
3401	1193
3402	1193
3403	1193
3404	1193
3405	1193
3406	1193
3407	1193
3408	1193
3409	1193
3410	1193
3411	1193
3412	1193
3413	1193
3414	1193
3415	1193
3416	1193
3417	1193
3418	1193
3419	1193
3420	1193
3421	1193
3422	1193
3423	1193
3424	1193
3425	1193
3426	1193
3427	1193
3428	1193
3429	1193
3430	1193
3431	1193
3432	1193
3433	1193
3434	1193
3435	1193
3436	1193
3437	1193
3438	1193
3439	1193
3440	1193
3441	1193
3442	1193
3443	1193
3444	1193
3445	1193
3446	1193
3447	1193
3448	1193
3449	1193
3450	1193
3451	1193
3452	1193
3453	1193
3454	1193
3455	1193
3456	1193
3457	1193
3458	1193
3459	1193
3460	1193
3461	1193
3462	1193
3463	1193
3464	1193
3465	1193
3466	1193
3467	1193
3468	1193
3469	1193
3470	1193
3471	1193
3472	1193
3473	1193
3474	1193
3475	1193
3476	1193
3477	1193
3478	1193
3479	1193
3480	1193
3481	1193
3482	1193
3483	1193
3484	1193
3485	1193
3486	1193
3487	1193
3488	1193
3489	1193
3490	1193
3491	1193
3492	1193
3493	1194
3494	1194
3495	1194
3496	1194
3497	1194
3498	1194
3499	1194
3500	1194
3501	1194
3502	1194
3503	1194
3504	1194
3505	1194
3506	1194
3507	1194
3508	1194
3509	1194
3510	1194
3511	1194
3512	1194
3513	1194
3514	1194
3515	1194
3516	1194
3517	1194
3518	1194
3519	1194
3520	1194
3521	1194
3522	1194
3523	1194
3524	1194
3525	1194
3526	1194
3527	1194
3528	1194
3529	1194
3530	1194
3531	1194
3532	1194
3533	1194
3534	1194
3535	1194
3536	1195
3537	1195
3538	1195
3539	1195
3540	1195
3541	1195
3542	1195
3543	1195
3544	1195
3545	1195
3546	1195
3547	1195
3548	1195
3549	1195
3550	1195
3551	1195
3552	1195
3553	1195
3554	1195
3555	1195
3556	1195
3557	1195
3558	1195
3559	1195
3560	1195
3561	1195
3562	1195
3563	1195
3564	1195
3565	1195
3566	1195
3567	1196
3568	1196
3569	1196
3570	1196
3571	1196
3572	1196
3573	1196
3574	1196
3575	1196
3576	1196
3577	1196
3578	1196
3579	1196
3580	1196
3581	1196
3582	1196
3583	1196
3584	1196
3585	1196
3586	1196
3587	1196
3588	1196
3589	1196
3590	1196
3591	1196
3592	1196
3593	1196
3594	1196
3595	1196
3596	1196
3597	1196
3598	1196
3599	1196
3600	1196
3601	1196
3602	1196
3603	1196
3604	1196
3605	1196
3606	1196
3607	1196
3608	1196
3609	1196
3610	1196
3611	1196
3612	1196
3613	1196
3614	1196
3615	1196
3616	1196
3617	1196
3618	1196
3619	1196
3620	1196
3621	1196
3622	1196
3623	1196
3624	1196
3625	1196
3626	1196
3627	1196
3628	1196
3629	1196
3630	1196
3631	1196
3632	1196
3633	1196
3634	1196
3635	1196
3636	1196
3637	1196
3638	1196
3639	1196
3640	1196
3641	1196
3642	1196
3643	1196
3644	1196
3645	1196
3646	1196
3647	1196
3648	1196
3649	1196
3650	1196
3651	1196
3652	1196
3653	1196
3654	1196
3655	1196
3656	1196
3657	1196
3658	1196
3659	1196
3660	1196
3661	1196
3662	1196
3663	1196
3664	1196
3665	1196
3666	1196
3667	1196
3668	1196
3669	1196
3670	1196
3671	1196
3672	1196
3673	1196
3674	1196
3675	1196
3676	1196
3677	1196
3678	1196
3679	1196
3680	1196
3681	1196
3682	1196
3683	1196
3684	1196
3685	1196
3686	1196
3687	1196
3688	1196
3689	1196
3690	1196
3691	1196
3692	1196
3693	1196
3694	1196
3695	1196
3696	1196
3697	1196
3698	1196
3699	1196
3700	1196
3701	1196
3702	1196
3703	1196
3704	1196
3705	1196
3706	1196
3707	1196
3708	1196
3709	1196
3710	1196
3711	1196
3712	1196
3713	1196
3714	1196
3715	1196
3716	1196
3717	1196
3718	1196
3719	1196
3720	1196
3721	1196
3722	1196
3723	1196
3724	1196
3725	1196
3726	1196
3727	1196
3728	1196
3729	1196
3730	1196
3731	1196
3732	1196
3733	1196
3734	1196
3735	1196
3736	1196
3737	1196
3738	1196
3739	1196
3740	1196
3741	1196
3742	1196
3743	1196
3744	1196
3745	1196
3746	1196
3747	1196
3748	1196
3749	1196
3750	1196
3751	1196
3752	1196
3753	1196
3754	1196
3755	1196
3756	1196
3757	1196
3758	1196
3759	1196
3760	1196
3761	1196
3762	1196
3763	1196
3764	1196
3765	1196
3766	1196
3767	1196
3768	1196
3769	1196
3770	1196
3771	1196
3772	1196
3773	1196
3774	1196
3775	1196
3776	1196
3777	1196
3778	1196
3779	1196
3780	1196
3781	1196
3782	1196
3783	1196
3784	1196
3785	1196
3786	1196
3787	1196
3788	1196
3789	1196
3790	1196
3791	1196
3792	1196
3793	1196
3794	1196
3795	1196
3796	1196
3797	1196
3798	1196
3799	1196
3800	1196
3801	1196
3802	1196
3803	1196
3804	1196
3805	1196
3806	1196
3807	1196
3808	1196
3809	1196
3810	1196
3811	1196
3812	1196
3813	1196
3814	1196
3815	1196
3816	1196
3817	1196
3818	1196
3819	1196
3820	1196
3821	1196
3822	1196
3823	1196
3824	1196
3825	1196
3826	1196
3827	1196
3828	1196
3829	1196
3830	1196
3831	1196
3832	1196
3833	1196
3834	1196
3835	1196
3836	1196
3837	1196
3838	1196
3839	1196
3840	1196
3841	1196
3842	1196
3843	1196
3844	1196
3845	1196
3846	1196
3847	1196
3848	1196
3849	1196
3850	1196
3851	1196
3852	1196
3853	1196
3854	1196
3855	1196
3856	1196
3857	1196
3858	1196
3859	1196
3860	1196
3861	1196
3862	1196
3863	1196
3864	1196
3865	1196
3866	1196
3867	1196
3868	1196
3869	1196
3870	1196
3871	1196
3872	1196
3873	1196
3874	1196
3875	1196
3876	1196
3877	1196
3878	1196
3879	1196
3880	1196
3881	1196
3882	1197
3883	1197
3884	1197
3885	1197
3886	1198
3887	1198
3888	1198
3889	1198
3890	1198
3891	1198
3892	1198
3893	1198
3894	1198
3895	1198
3896	1198
3897	1198
3898	1198
3899	1198
3900	1198
3901	1198
3902	1198
3903	1198
3904	1198
3905	1198
3906	1198
3907	1198
3908	1198
3909	1198
3910	1198
3911	1198
3912	1198
3913	1198
3914	1198
3915	1198
3916	1198
3917	1198
3918	1198
3919	1198
3920	1198
3921	1198
3922	1198
3923	1198
3924	1198
3925	1198
3926	1198
3927	1198
3928	1198
3929	1198
3930	1198
3931	1198
3932	1198
3933	1198
3934	1198
3935	1198
3936	1198
3937	1198
3938	1198
3939	1198
3940	1198
3941	1198
3942	1198
3943	1198
3944	1198
3945	1198
3946	1198
3947	1198
3948	1198
3949	1198
3950	1198
3951	1198
3952	1198
3953	1198
3954	1198
3955	1198
3956	1198
3957	1198
3958	1198
3959	1198
3960	1198
3961	1198
3962	1198
3963	1198
3964	1198
3965	1198
3966	1198
3967	1198
3968	1198
3969	1198
3970	1198
3971	1198
3972	1198
3973	1198
3974	1198
3975	1198
3976	1198
3977	1198
3978	1198
3979	1198
3980	1198
3981	1198
3982	1198
3983	1198
3984	1198
3985	1198
3986	1198
3987	1198
3988	1198
3989	1198
3990	1198
3991	1198
3992	1198
3993	1198
3994	1198
3995	1198
3996	1198
3997	1198
3998	1198
3999	1198
4000	1198
4001	1198
4002	1198
4003	1198
4004	1198
4005	1198
4006	1198
4007	1198
4008	1198
4009	1198
4010	1198
4011	1198
4012	1198
4013	1198
4014	1198
4015	1198
4016	1198
4017	1198
4018	1198
4019	1198
4020	1198
4021	1198
4022	1198
4023	1198
4024	1198
4025	1198
4026	1198
4027	1198
4028	1198
4029	1198
4030	1198
4031	1198
4032	1198
4033	1198
4034	1198
4035	1198
4036	1198
4037	1198
4038	1198
4039	1198
4040	1198
4041	1198
4042	1198
4043	1198
4044	1198
4045	1198
4046	1198
4047	1198
4048	1198
4049	1198
4050	1198
4051	1198
4052	1198
4053	1198
4054	1198
4055	1198
4056	1198
4057	1198
4058	1198
4059	1198
4060	1198
4061	1198
4062	1198
4063	1198
4064	1198
4065	1198
4066	1198
4067	1198
4068	1198
4069	1198
4070	1198
4071	1198
4072	1198
4073	1198
4074	1198
4075	1198
4076	1198
4077	1198
4078	1198
4079	1198
4080	1198
4081	1198
4082	1198
4083	1198
4084	1198
4085	1198
4086	1198
4087	1198
4088	1198
4089	1198
4090	1198
4091	1198
4092	1198
4093	1198
4094	1198
4095	1198
4096	1198
4097	1198
4098	1198
4099	1198
4100	1198
4101	1198
4102	1198
4103	1198
4104	1198
4105	1198
4106	1198
4107	1198
4108	1198
4109	1198
4110	1198
4111	1198
4112	1198
4113	1198
4114	1198
4115	1198
4116	1198
4117	1198
4118	1198
4119	1198
4120	1198
4121	1198
4122	1198
4123	1198
4124	1198
4125	1198
4126	1198
4127	1198
4128	1198
4129	1198
4130	1198
4131	1198
4132	1198
4133	1198
4134	1198
4135	1198
4136	1198
4137	1198
4138	1198
4139	1198
4140	1198
4141	1198
4142	1198
4143	1199
4144	1199
4145	1199
4146	1199
4147	1199
4148	1199
4149	1199
4150	1199
4151	1199
4152	1199
4153	1199
4154	1199
4155	1199
4156	1199
4157	1199
4158	1199
4159	1199
4160	1199
4161	1199
4162	1199
4163	1199
4164	1199
4165	1199
4166	1199
4167	1199
4168	1199
4169	1199
4170	1199
4171	1199
4172	1199
4173	1199
4174	1199
4175	1199
4176	1199
4177	1199
4178	1199
4179	1199
4180	1199
4181	1199
4182	1199
4183	1199
4184	1199
4185	1199
4186	1199
4187	1199
4188	1199
4189	1199
4190	1199
4191	1199
4192	1199
4193	1199
4194	1199
4195	1199
4196	1199
4197	1199
4198	1199
4199	1199
4200	1199
4201	1199
4202	1199
4203	1199
4204	1199
4205	1199
4206	1199
4207	1199
4208	1199
4209	1199
4210	1199
4211	1199
4212	1199
4213	1199
4214	1199
4215	1199
4216	1199
4217	1199
4218	1199
4219	1199
4220	1199
4221	1199
4222	1199
4223	1199
4224	1199
4225	1199
4226	1199
4227	1199
4228	1199
4229	1199
4230	1199
4231	1199
4232	1199
4233	1199
4234	1199
4235	1199
4236	1199
4237	1199
4238	1199
4239	1199
4240	1199
4241	1199
4242	1199
4243	1199
4244	1199
4245	1199
4246	1199
4247	1199
4248	1199
4249	1199
4250	1199
4251	1199
4252	1199
4253	1199
4254	1199
4255	1199
4256	1199
4257	1199
4258	1199
4259	1199
4260	1199
4261	1199
4262	1199
4263	1199
4264	1199
4265	1199
4266	1199
4267	1199
4268	1199
4269	1199
4270	1199
4271	1199
4272	1199
4273	1199
4274	1199
4275	1199
4276	1199
4277	1199
4278	1199
4279	1199
4280	1199
4281	1199
4282	1199
4283	1199
4284	1199
4285	1199
4286	1199
4287	1199
4288	1199
4289	1199
4290	1199
4291	1199
4292	1199
4293	1199
4294	1199
4295	1199
4296	1199
4297	1199
4298	1199
4299	1199
4300	1199
4301	1199
4302	1199
4303	1199
4304	1199
4305	1199
4306	1199
4307	1199
4308	1199
4309	1199
4310	1199
4311	1199
4312	1199
4313	1199
4314	1199
4315	1199
4316	1199
4317	1199
4318	1199
4319	1199
4320	1199
4321	1199
4322	1199
4323	1199
4324	1199
4325	1199
4326	1199
4327	1199
4328	1199
4329	1199
4330	1199
4331	1199
4332	1199
4333	1199
4334	1199
4335	1199
4336	1199
4337	1199
4338	1199
4339	1199
4340	1199
4341	1199
4342	1199
4343	1199
4344	1199
4345	1199
4346	1199
4347	1199
4348	1199
4349	1199
4350	1199
4351	1199
4352	1199
4353	1199
4354	1199
4355	1199
4356	1199
4357	1199
4358	1199
4359	1199
4360	1199
4361	1199
4362	1199
4363	1199
4364	1199
4365	1199
4366	1199
4367	1199
4368	1199
4369	1199
4370	1199
4371	1199
4372	1199
4373	1199
4374	1199
4375	1199
4376	1199
4377	1199
4378	1199
4379	1199
4380	1199
4381	1199
4382	1199
4383	1199
4384	1199
4385	1199
4386	1199
4387	1199
4388	1199
4389	1199
4390	1199
4391	1199
4392	1199
4393	1199
4394	1199
4395	1199
4396	1199
4397	1199
4398	1199
4399	1199
4400	1199
4401	1199
4402	1199
4403	1199
4404	1199
4405	1199
4406	1199
4407	1199
4408	1199
4409	1199
4410	1199
4411	1199
4412	1199
4413	1199
4414	1199
4415	1199
4416	1199
4417	1199
4418	1199
4419	1199
4420	1199
4421	1199
4422	1199
4423	1199
4424	1199
4425	1199
4426	1199
4427	1199
4428	1199
4429	1199
4430	1199
4431	1199
4432	1199
4433	1199
4434	1199
4435	1199
4436	1199
4437	1199
4438	1199
4439	1199
4440	1199
4441	1199
4442	1199
4443	1199
4444	1199
4445	1199
4446	1199
4447	1199
4448	1199
4449	1199
4450	1199
4451	1199
4452	1199
4453	1199
4454	1199
4455	1199
4456	1199
4457	1199
4458	1199
4459	1199
4460	1199
4461	1199
4462	1199
4463	1199
4464	1199
4465	1199
4466	1199
4467	1199
4468	1199
4469	1199
4470	1199
4471	1199
4472	1199
4473	1199
4474	1199
4475	1199
4476	1199
4477	1199
4478	1199
4479	1199
4480	1199
4481	1199
4482	1199
4483	1199
4484	1199
4485	1199
4486	1199
4487	1199
4488	1199
4489	1199
4490	1199
4491	1199
4492	1199
4493	1199
4494	1199
4495	1199
4496	1199
4497	1199
4498	1199
4499	1199
4500	1199
4501	1199
4502	1199
4503	1199
4504	1199
4505	1199
4506	1199
4507	1199
4508	1199
4509	1199
4510	1199
4511	1199
4512	1199
4513	1199
4514	1199
4515	1199
4516	1199
4517	1199
4518	1199
4519	1199
4520	1199
4521	1199
4522	1199
4523	1199
4524	1199
4525	1199
4526	1199
4527	1199
4528	1199
4529	1199
4530	1199
4531	1199
4532	1199
4533	1199
4534	1199
4535	1199
4536	1199
4537	1199
4538	1199
4539	1199
4540	1199
4541	1199
4542	1199
4543	1199
4544	1199
4545	1199
4546	1199
4547	1199
4548	1199
4549	1199
4550	1199
4551	1199
4552	1199
4553	1199
4554	1199
4555	1199
4556	1199
4557	1199
4558	1199
4559	1199
4560	1199
4561	1199
4562	1199
4563	1199
4564	1199
4565	1199
4566	1199
4567	1199
4568	1199
4569	1199
4570	1199
4571	1199
4572	1199
4573	1199
4574	1199
4575	1199
4576	1199
4577	1199
4578	1199
4579	1199
4580	1199
4581	1199
4582	1199
4583	1199
4584	1199
4585	1199
4586	1199
4587	1199
4588	1199
4589	1199
4590	1199
4591	1199
4592	1199
4593	1199
4594	1199
4595	1199
4596	1199
4597	1199
4598	1199
4599	1199
4600	1199
4601	1199
4602	1199
4603	1199
4604	1199
4605	1199
4606	1199
4607	1199
4608	1199
4609	1199
4610	1199
4611	1199
4612	1200
4613	1200
4614	1200
4615	1200
4616	1200
4617	1200
4618	1200
4619	1200
4620	1200
4621	1200
4622	1200
4623	1200
4624	1200
4625	1200
4626	1200
4627	1200
4628	1200
4629	1200
4630	1200
4631	1200
4632	1200
4633	1200
4634	1200
4635	1200
4636	1200
4637	1200
4638	1200
4639	1200
4640	1200
4641	1200
4642	1200
4643	1200
4644	1200
4645	1200
4646	1200
4647	1200
4648	1200
4649	1200
4650	1200
4651	1200
4652	1200
4653	1200
4654	1200
4655	1200
4656	1200
4657	1200
4658	1200
4659	1200
4660	1200
4661	1200
4662	1200
4663	1200
4664	1200
4665	1200
4666	1200
4667	1200
4668	1200
4669	1200
4670	1200
4671	1200
4672	1200
4673	1200
4674	1200
4675	1200
4676	1200
4677	1200
4678	1200
4679	1200
4680	1200
4681	1200
4682	1200
4683	1200
4684	1200
4685	1200
4686	1200
4687	1200
4688	1200
4689	1200
4690	1200
4691	1200
4692	1200
4693	1200
4694	1200
4695	1200
4696	1200
4697	1200
4698	1200
4699	1200
4700	1200
4701	1200
4702	1200
4703	1200
4704	1200
4705	1200
4706	1200
4707	1200
4708	1200
4709	1200
4710	1200
4711	1200
4712	1200
4713	1200
4714	1200
4715	1200
4716	1200
4717	1200
4718	1200
4719	1200
4720	1200
4721	1200
4722	1200
4723	1200
4724	1200
4725	1200
4726	1200
4727	1200
4728	1200
4729	1200
4730	1200
4731	1200
4732	1200
4733	1200
4734	1200
4735	1200
4736	1200
4737	1200
4738	1200
4739	1200
4740	1200
4741	1200
4742	1200
4743	1200
4744	1200
4745	1200
4746	1200
4747	1200
4748	1200
4749	1200
4750	1200
4751	1200
4752	1200
4753	1200
4754	1200
4755	1200
4756	1200
4757	1200
4758	1200
4759	1200
4760	1200
4761	1200
4762	1200
4763	1200
4764	1200
4765	1200
4766	1200
4767	1200
4768	1200
4769	1200
4770	1200
4771	1200
4772	1200
4773	1200
4774	1200
4775	1200
4776	1200
4777	1200
4778	1200
4779	1200
4780	1200
4781	1200
4782	1200
4783	1200
4784	1200
4785	1200
4786	1200
4787	1200
4788	1200
4789	1200
4790	1200
4791	1200
4792	1200
4793	1200
4794	1200
4795	1200
4796	1200
4797	1200
4798	1200
4799	1200
4800	1200
4801	1200
4802	1200
4803	1200
4804	1200
4805	1200
4806	1200
4807	1200
4808	1200
4809	1200
4810	1200
4811	1200
4812	1200
4813	1200
4814	1200
4815	1200
4816	1200
4817	1200
4818	1200
4819	1200
4820	1200
4821	1200
4822	1201
4823	1201
4824	1201
4825	1201
4826	1201
4827	1201
4828	1201
4829	1201
4830	1201
4831	1201
4832	1201
4833	1201
4834	1201
4835	1201
4836	1201
4837	1201
4838	1201
4839	1201
4840	1201
4841	1201
4842	1201
4843	1201
4844	1201
4845	1201
4846	1201
4847	1201
4848	1201
4849	1201
4850	1201
4851	1201
4852	1201
4853	1201
4854	1201
4855	1201
4856	1201
4857	1201
4858	1201
4859	1201
4860	1201
4861	1201
4862	1201
4863	1201
4864	1201
4865	1201
4866	1201
4867	1201
4868	1201
4869	1201
4870	1201
4871	1201
4872	1201
4873	1201
4874	1201
4875	1201
4876	1201
4877	1201
4878	1201
4879	1201
4880	1201
4881	1201
4882	1201
4883	1201
4884	1201
4885	1201
4886	1201
4887	1201
4888	1201
4889	1201
4890	1201
4891	1201
4892	1201
4893	1201
4894	1201
4895	1201
4896	1201
4897	1201
4898	1201
4899	1201
4900	1201
4901	1201
4902	1201
4903	1201
4904	1201
4905	1201
4906	1201
4907	1201
4908	1201
4909	1201
4910	1201
4911	1201
4912	1201
4913	1201
4914	1201
4915	1201
4916	1201
4917	1201
4918	1201
4919	1201
4920	1201
4921	1201
4922	1201
4923	1201
4924	1201
4925	1201
4926	1201
4927	1201
4928	1201
4929	1201
4930	1201
4931	1201
4932	1201
4933	1201
4934	1201
4935	1201
4936	1201
4937	1201
4938	1201
4939	1201
4940	1201
4941	1201
4942	1201
4943	1201
4944	1201
4945	1201
4946	1201
4947	1201
4948	1201
4949	1201
4950	1201
4951	1201
4952	1201
4953	1201
4954	1201
4955	1201
4956	1201
4957	1201
4958	1201
4959	1201
4960	1201
4961	1201
4962	1201
4963	1201
4964	1201
4965	1201
4966	1201
4967	1201
4968	1201
4969	1201
4970	1201
4971	1201
4972	1201
4973	1201
4974	1201
4975	1201
4976	1201
4977	1201
4978	1201
4979	1201
4980	1201
4981	1201
4982	1201
4983	1201
4984	1201
4985	1201
4986	1201
4987	1201
4988	1201
4989	1201
4990	1201
4991	1201
4992	1201
4993	1201
4994	1201
4995	1201
4996	1201
4997	1201
4998	1201
4999	1201

