0	0
1	0
2	0
3	0
4	0
5	0
6	0
7	0
8	0
9	0
10	0
11	0
12	0
13	0
14	0
15	0
16	0
17	0
18	0
19	0
20	0
21	0
22	0
23	0
24	0
25	0
26	0
27	0
28	0
29	0
30	0
31	0
32	0
33	0
34	0
35	0
36	0
37	0
38	0
39	0
40	0
41	0
42	0
43	0
44	0
45	0
46	0
47	0
48	0
49	0
50	0
51	0
52	0
53	0
54	0
55	0
56	0
57	0
58	0
59	0
60	0
61	0
62	0
63	0
64	0
65	0
66	0
67	0
68	0
69	0
70	0
71	0
72	0
73	0
74	0
75	0
76	0
77	0
78	0
79	0
80	0
81	0
82	0
83	0
84	0
85	0
86	0
87	0
88	0
89	0
90	0
91	0
92	0
93	0
94	1
95	1
96	1
97	1
98	1
99	1
100	1
101	1
102	1
103	1
104	2
105	2
106	2
107	4
108	5
109	6
110	7
111	7
112	8
113	9
114	10
115	10
116	10
117	10
118	10
119	12
120	15
121	15
122	16
123	17
124	19
125	19
126	20
127	21
128	22
129	22
130	25
131	26
132	27
133	29
134	30
135	30
136	34
137	37
138	40
139	40
140	44
141	47
142	50
143	51
144	52
145	52
146	55
147	59
148	60
149	62
150	64
151	66
152	66
153	70
154	71
155	72
156	74
157	77
158	80
159	83
160	85
161	87
162	90
163	91
164	94
165	98
166	102
167	102
168	103
169	105
170	109
171	111
172	112
173	114
174	119
175	122
176	125
177	132
178	133
179	134
180	137
181	141
182	147
183	148
184	149
185	150
186	153
187	159
188	163
189	164
190	166
191	166
192	168
193	170
194	171
195	177
196	180
197	185
198	192
199	194
200	197
201	198
202	201
203	207
204	209
205	211
206	213
207	220
208	225
209	226
210	228
211	231
212	232
213	233
214	233
215	235
216	239
217	247
218	248
219	251
220	254
221	257
222	260
223	263
224	267
225	271
226	272
227	275
228	279
229	281
230	288
231	291
232	295
233	297
234	300
235	304
236	308
237	310
238	312
239	315
240	316
241	320
242	324
243	326
244	329
245	332
246	333
247	335
248	337
249	340
250	341
251	344
252	347
253	348
254	349
255	349
256	350
257	351
258	352
259	354
260	358
261	359
262	361
263	369
264	373
265	374
266	374
267	378
268	380
269	384
270	389
271	390
272	391
273	393
274	395
275	399
276	400
277	401
278	402
279	404
280	406
281	407
282	409
283	413
284	415
285	419
286	421
287	425
288	426
289	427
290	429
291	432
292	433
293	434
294	439
295	441
296	442
297	444
298	447
299	449
300	451
301	454
302	457
303	458
304	460
305	460
306	463
307	465
308	468
309	469
310	470
311	473
312	476
313	477
314	477
315	481
316	482
317	483
318	484
319	486
320	488
321	489
322	494
323	496
324	497
325	499
326	501
327	505
328	508
329	508
330	510
331	511
332	512
333	512
334	515
335	516
336	517
337	517
338	521
339	523
340	525
341	527
342	528
343	530
344	532
345	533
346	534
347	536
348	538
349	541
350	543
351	544
352	545
353	545
354	546
355	549
356	549
357	550
358	550
359	551
360	554
361	555
362	556
363	556
364	558
365	558
366	561
367	563
368	565
369	565
370	566
371	568
372	569
373	571
374	572
375	574
376	575
377	575
378	576
379	577
380	577
381	578
382	579
383	579
384	579
385	579
386	582
387	583
388	583
389	585
390	588
391	591
392	593
393	595
394	595
395	595
396	598
397	598
398	599
399	602
400	602
401	603
402	607
403	608
404	610
405	610
406	611
407	611
408	612
409	613
410	613
411	613
412	614
413	617
414	618
415	620
416	620
417	622
418	622
419	623
420	625
421	627
422	629
423	629
424	629
425	630
426	631
427	632
428	634
429	635
430	635
431	636
432	638
433	639
434	639
435	641
436	643
437	643
438	643
439	644
440	644
441	645
442	647
443	650
444	650
445	651
446	652
447	653
448	656
449	658
450	658
451	658
452	659
453	661
454	662
455	663
456	664
457	666
458	667
459	669
460	672
461	673
462	674
463	674
464	675
465	678
466	678
467	680
468	680
469	680
470	681
471	681
472	682
473	683
474	684
475	684
476	684
477	685
478	685
479	689
480	692
481	693
482	697
483	697
484	699
485	699
486	699
487	699
488	699
489	700
490	702
491	702
492	702
493	703
494	705
495	705
496	706
497	707
498	708
499	708
500	708
501	709
502	710
503	710
504	711
505	711
506	711
507	712
508	712
509	712
510	712
511	714
512	714
513	717
514	717
515	718
516	720
517	720
518	720
519	720
520	721
521	723
522	725
523	726
524	727
525	727
526	727
527	728
528	728
529	728
530	728
531	728
532	728
533	729
534	731
535	731
536	732
537	733
538	735
539	737
540	737
541	738
542	738
543	738
544	739
545	739
546	739
547	739
548	739
549	739
550	740
551	741
552	741
553	743
554	744
555	744
556	745
557	746
558	747
559	747
560	747
561	747
562	747
563	747
564	747
565	747
566	748
567	749
568	749
569	749
570	750
571	752
572	752
573	753
574	753
575	754
576	754
577	754
578	754
579	754
580	754
581	754
582	755
583	756
584	757
585	757
586	757
587	757
588	758
589	759
590	759
591	760
592	760
593	761
594	761
595	761
596	761
597	761
598	761
599	763
600	765
601	766
602	766
603	766
604	767
605	767
606	767
607	767
608	768
609	769
610	770
611	770
612	772
613	772
614	774
615	774
616	774
617	774
618	776
619	776
620	777
621	777
622	777
623	777
624	777
625	777
626	777
627	779
628	780
629	780
630	782
631	782
632	782
633	784
634	784
635	784
636	785
637	785
638	786
639	786
640	786
641	786
642	787
643	790
644	790
645	791
646	791
647	792
648	794
649	795
650	795
651	797
652	797
653	798
654	799
655	799
656	799
657	799
658	801
659	801
660	803
661	805
662	805
663	806
664	807
665	807
666	809
667	809
668	809
669	809
670	809
671	810
672	811
673	812
674	813
675	815
676	815
677	816
678	816
679	816
680	816
681	816
682	817
683	818
684	818
685	819
686	820
687	820
688	820
689	820
690	820
691	821
692	821
693	823
694	824
695	824
696	825
697	825
698	825
699	825
700	825
701	825
702	825
703	826
704	827
705	827
706	828
707	828
708	829
709	829
710	829
711	830
712	830
713	831
714	831
715	831
716	832
717	832
718	832
719	832
720	833
721	833
722	833
723	833
724	833
725	834
726	834
727	837
728	838
729	840
730	841
731	843
732	843
733	844
734	845
735	846
736	848
737	849
738	849
739	850
740	850
741	851
742	852
743	853
744	853
745	854
746	855
747	855
748	855
749	856
750	856
751	856
752	857
753	857
754	857
755	857
756	858
757	859
758	860
759	860
760	860
761	860
762	860
763	860
764	860
765	860
766	860
767	860
768	861
769	861
770	861
771	862
772	862
773	863
774	863
775	863
776	863
777	864
778	864
779	865
780	865
781	866
782	866
783	866
784	866
785	866
786	866
787	866
788	866
789	868
790	868
791	868
792	868
793	868
794	868
795	869
796	870
797	871
798	872
799	872
800	872
801	874
802	874
803	875
804	876
805	877
806	878
807	879
808	880
809	880
810	880
811	881
812	881
813	881
814	882
815	882
816	882
817	882
818	883
819	884
820	885
821	885
822	886
823	886
824	886
825	888
826	888
827	888
828	888
829	888
830	888
831	888
832	888
833	889
834	889
835	889
836	890
837	890
838	890
839	890
840	890
841	891
842	891
843	891
844	892
845	892
846	892
847	892
848	892
849	892
850	893
851	895
852	895
853	896
854	896
855	896
856	897
857	898
858	898
859	900
860	901
861	902
862	902
863	903
864	903
865	903
866	904
867	904
868	904
869	904
870	904
871	905
872	905
873	905
874	907
875	907
876	907
877	908
878	908
879	909
880	909
881	909
882	909
883	909
884	909
885	909
886	909
887	909
888	909
889	909
890	909
891	910
892	911
893	912
894	912
895	912
896	912
897	912
898	913
899	913
900	915
901	916
902	916
903	916
904	916
905	916
906	916
907	916
908	916
909	916
910	916
911	917
912	917
913	917
914	917
915	917
916	918
917	918
918	918
919	918
920	918
921	918
922	918
923	919
924	919
925	919
926	919
927	919
928	920
929	920
930	921
931	922
932	922
933	922
934	922
935	922
936	922
937	922
938	922
939	922
940	922
941	922
942	923
943	923
944	923
945	924
946	925
947	926
948	926
949	927
950	927
951	927
952	927
953	927
954	928
955	929
956	929
957	929
958	929
959	929
960	930
961	930
962	930
963	930
964	930
965	931
966	931
967	932
968	934
969	935
970	935
971	935
972	935
973	935
974	936
975	936
976	936
977	936
978	938
979	938
980	938
981	938
982	938
983	938
984	938
985	938
986	938
987	938
988	938
989	938
990	938
991	938
992	938
993	938
994	938
995	938
996	938
997	938
998	938
999	938
1000	938
1001	938
1002	938
1003	938
1004	938
1005	938
1006	939
1007	939
1008	940
1009	941
1010	941
1011	942
1012	943
1013	944
1014	944
1015	944
1016	944
1017	944
1018	944
1019	944
1020	944
1021	944
1022	944
1023	944
1024	945
1025	946
1026	946
1027	946
1028	946
1029	946
1030	946
1031	946
1032	946
1033	947
1034	947
1035	947
1036	947
1037	947
1038	947
1039	947
1040	948
1041	948
1042	948
1043	948
1044	948
1045	948
1046	949
1047	949
1048	949
1049	949
1050	949
1051	950
1052	951
1053	953
1054	953
1055	954
1056	954
1057	954
1058	954
1059	954
1060	955
1061	955
1062	955
1063	956
1064	957
1065	957
1066	957
1067	957
1068	957
1069	957
1070	957
1071	957
1072	957
1073	957
1074	957
1075	958
1076	958
1077	958
1078	958
1079	958
1080	958
1081	958
1082	958
1083	958
1084	959
1085	959
1086	959
1087	959
1088	959
1089	959
1090	959
1091	960
1092	961

