0	0
1	0
2	0
3	0
4	0
5	0
6	0
7	0
8	0
9	0
10	0
11	0
12	0
13	0
14	0
15	0
16	0
17	0
18	0
19	0
20	0
21	0
22	0
23	0
24	0
25	0
26	0
27	0
28	0
29	0
30	0
31	0
32	0
33	0
34	0
35	0
36	0
37	0
38	0
39	0
40	0
41	0
42	0
43	0
44	0
45	0
46	0
47	0
48	0
49	0
50	0
51	0
52	0
53	0
54	0
55	0
56	0
57	0
58	0
59	0
60	0
61	0
62	0
63	0
64	0
65	0
66	0
67	0
68	0
69	0
70	0
71	0
72	0
73	0
74	0
75	0
76	0
77	0
78	0
79	0
80	0
81	0
82	0
83	0
84	0
85	0
86	0
87	0
88	0
89	0
90	0
91	0
92	0
93	0
94	0
95	0
96	0
97	0
98	1
99	1
100	4
101	4
102	5
103	5
104	5
105	5
106	5
107	5
108	5
109	5
110	5
111	5
112	6
113	7
114	8
115	8
116	8
117	9
118	12
119	12
120	13
121	13
122	14
123	17
124	17
125	21
126	23
127	25
128	25
129	25
130	26
131	29
132	30
133	32
134	33
135	35
136	36
137	36
138	40
139	41
140	42
141	43
142	44
143	47
144	50
145	54
146	57
147	60
148	63
149	64
150	64
151	66
152	70
153	73
154	75
155	77
156	80
157	81
158	82
159	84
160	88
161	89
162	90
163	92
164	94
165	99
166	102
167	104
168	105
169	111
170	113
171	114
172	117
173	120
174	123
175	127
176	128
177	135
178	138
179	139
180	143
181	145
182	146
183	148
184	152
185	160
186	162
187	165
188	169
189	174
190	176
191	177
192	181
193	184
194	188
195	189
196	192
197	193
198	193
199	195
200	200
201	203
202	205
203	208
204	212
205	215
206	217
207	222
208	222
209	226
210	232
211	236
212	236
213	241
214	242
215	245
216	250
217	253
218	255
219	256
220	257
221	264
222	266
223	268
224	272
225	281
226	287
227	296
228	298
229	300
230	303
231	303
232	306
233	308
234	309
235	310
236	316
237	318
238	324
239	325
240	325
241	326
242	328
243	330
244	333
245	337
246	344
247	346
248	346
249	348
250	349
251	354
252	357
253	359
254	362
255	365
256	369
257	372
258	375
259	376
260	377
261	379
262	379
263	381
264	381
265	381
266	384
267	385
268	387
269	389
270	390
271	392
272	395
273	395
274	397
275	400
276	406
277	409
278	411
279	414
280	415
281	416
282	418
283	422
284	424
285	428
286	428
287	430
288	431
289	432
290	436
291	437
292	438
293	439
294	441
295	441
296	441
297	441
298	441
299	445
300	446
301	446
302	449
303	450
304	451
305	453
306	454
307	456
308	457
309	459
310	460
311	463
312	465
313	468
314	469
315	471
316	472
317	472
318	476
319	477
320	481
321	482
322	485
323	489
324	489
325	489
326	489
327	492
328	492
329	492
330	497
331	499
332	500
333	501
334	503
335	508
336	510
337	511
338	511
339	512
340	516
341	518
342	520
343	521
344	522
345	524
346	526
347	529
348	530
349	531
350	533
351	533
352	534
353	535
354	538
355	539
356	542
357	544
358	544
359	545
360	547
361	548
362	548
363	549
364	550
365	553
366	555
367	555
368	555
369	558
370	558
371	559
372	561
373	563
374	564
375	566
376	567
377	570
378	572
379	574
380	578
381	579
382	580
383	580
384	581
385	581
386	583
387	584
388	585
389	587
390	588
391	588
392	592
393	593
394	593
395	594
396	596
397	597
398	599
399	601
400	601
401	601
402	601
403	602
404	602
405	602
406	603
407	603
408	605
409	606
410	609
411	612
412	614
413	615
414	617
415	618
416	618
417	622
418	623
419	625
420	625
421	626
422	626
423	626
424	626
425	626
426	626
427	628
428	630
429	632
430	634
431	634
432	634
433	634
434	635
435	638
436	638
437	639
438	643
439	643
440	646
441	646
442	647
443	648
444	648
445	649
446	649
447	649
448	649
449	650
450	650
451	650
452	651
453	651
454	652
455	652
456	652
457	653
458	653
459	654
460	655
461	655
462	656
463	658
464	658
465	660
466	662
467	662
468	663
469	665
470	665
471	667
472	669
473	670
474	672
475	672
476	672
477	672
478	674
479	675
480	678
481	678
482	679
483	679
484	680
485	681
486	681
487	682
488	684
489	684
490	684
491	684
492	684
493	686
494	687
495	687
496	689
497	691
498	693
499	694
500	694
501	695
502	698
503	698
504	702
505	703
506	704
507	704
508	704
509	704
510	705
511	705
512	707
513	708
514	708
515	709
516	709
517	714
518	714
519	714
520	714
521	714
522	714
523	714
524	716
525	716
526	716
527	716
528	716
529	717
530	722
531	725
532	725
533	725
534	727
535	727
536	728
537	729
538	729
539	729
540	729
541	731
542	732
543	732
544	734
545	734
546	736
547	738
548	739
549	740
550	740
551	740
552	742
553	743
554	743
555	744
556	744
557	744
558	745
559	745
560	746
561	748
562	748
563	749
564	749
565	749
566	750
567	751
568	752
569	752
570	752
571	753
572	753
573	755
574	755
575	756
576	757
577	757
578	758
579	758
580	758
581	758
582	759
583	759
584	760
585	761
586	761
587	761
588	762
589	762
590	762
591	762
592	763
593	763
594	766
595	768
596	770
597	770
598	772
599	773
600	775
601	777
602	780
603	781
604	781
605	781
606	782
607	782
608	784
609	784
610	784
611	785
612	786
613	788
614	789
615	790
616	790
617	790
618	790
619	793
620	794
621	794
622	795
623	796
624	797
625	798
626	799
627	799
628	801
629	801
630	801
631	801
632	801
633	801
634	803
635	805
636	805
637	806
638	806
639	806
640	807
641	808
642	808
643	808
644	808
645	808
646	810
647	811
648	811
649	811
650	811
651	813
652	813
653	814
654	815
655	815
656	816
657	817
658	817
659	818
660	818
661	819
662	820
663	820
664	820
665	820
666	821
667	821
668	822
669	822
670	822
671	824
672	824
673	824
674	824
675	824
676	826
677	828
678	829
679	830
680	830
681	831
682	832
683	832
684	832
685	832
686	832
687	833
688	835
689	836
690	836
691	836
692	838
693	838
694	838
695	839
696	839
697	839
698	839
699	839
700	839
701	840
702	842
703	842
704	842
705	843
706	844
707	845
708	845
709	845
710	845
711	846
712	847
713	848
714	849
715	849
716	849
717	849
718	849
719	849
720	850
721	850
722	850
723	850
724	850
725	850
726	850
727	850
728	850
729	850
730	851
731	852
732	852
733	852
734	852
735	852
736	852
737	852
738	852
739	852
740	853
741	853
742	853
743	854
744	854
745	855
746	855
747	855
748	855
749	855
750	855
751	856
752	857
753	857
754	858
755	858
756	858
757	859
758	859
759	859
760	860
761	861
762	862
763	863
764	863
765	864
766	865
767	865
768	866
769	867
770	867
771	869
772	870
773	870
774	870
775	870
776	871
777	871
778	871
779	871
780	871
781	872
782	873
783	874
784	874
785	874
786	874
787	874
788	874
789	874
790	874
791	874
792	875
793	875
794	875
795	875
796	877
797	879
798	879
799	880
800	881
801	881
802	881
803	882
804	883
805	883
806	883
807	885
808	885
809	885
810	886
811	886
812	886
813	886
814	886
815	887
816	887
817	887
818	887
819	887
820	888
821	889
822	889
823	890
824	891
825	891
826	893
827	893
828	893
829	893
830	893
831	893
832	893
833	894
834	895
835	895
836	897
837	898
838	899
839	899
840	899
841	899
842	901
843	902
844	903
845	903
846	903
847	903
848	903
849	904
850	905
851	907
852	908
853	908
854	910
855	910
856	910
857	910
858	910
859	911
860	911
861	911
862	912
863	912
864	912
865	912
866	912
867	913
868	914
869	914
870	914
871	914
872	914
873	914
874	914
875	914
876	915
877	915
878	915
879	915
880	915
881	915
882	915
883	915
884	915
885	915
886	915
887	915
888	915
889	915
890	915
891	916
892	916
893	916
894	917
895	917
896	918
897	918
898	918
899	919
900	919
901	919
902	919
903	919
904	920
905	921
906	922
907	922
908	922
909	922
910	922
911	923
912	923
913	923
914	923
915	923
916	924
917	924
918	924
919	924
920	926
921	926
922	928
923	928
924	928
925	929
926	929
927	930
928	930
929	930
930	930
931	930
932	930
933	931
934	931
935	932
936	932
937	934
938	935
939	935
940	935
941	935
942	935
943	935
944	936
945	936
946	936
947	936
948	936
949	936
950	936
951	936
952	936
953	936
954	936
955	936
956	936
957	936
958	936
959	936
960	937
961	937
962	938
963	938
964	939
965	939
966	939
967	939
968	940
969	940
970	940
971	940
972	940
973	940
974	940
975	940
976	940
977	940
978	940
979	941
980	941
981	941
982	941
983	941
984	942
985	942
986	942
987	942
988	942
989	942
990	943
991	943
992	943
993	943
994	943
995	944
996	945
997	945
998	945
999	945
1000	945
1001	945
1002	945
1003	946
1004	946
1005	946
1006	946
1007	947
1008	947
1009	947
1010	948
1011	948
1012	948
1013	948
1014	948
1015	948
1016	948
1017	948
1018	949
1019	949
1020	949
1021	949
1022	950
1023	950
1024	950
1025	950
1026	950
1027	951
1028	951
1029	951
1030	951
1031	952
1032	952
1033	952
1034	952
1035	952
1036	952
1037	953
1038	953
1039	954
1040	954
1041	954
1042	954
1043	954
1044	954
1045	954
1046	954
1047	954
1048	954
1049	954
1050	955
1051	955
1052	955
1053	955
1054	955
1055	956
1056	956
1057	957
1058	957
1059	957
1060	957
1061	957
1062	957
1063	957
1064	957
1065	958
1066	958
1067	958
1068	958
1069	959
1070	960
1071	961

