0	0
1	0
2	0
3	0
4	0
5	0
6	0
7	0
8	0
9	0
10	0
11	0
12	0
13	0
14	0
15	0
16	0
17	0
18	0
19	0
20	0
21	0
22	0
23	0
24	0
25	0
26	0
27	0
28	0
29	0
30	0
31	0
32	0
33	0
34	0
35	0
36	0
37	0
38	0
39	0
40	0
41	0
42	0
43	0
44	0
45	0
46	0
47	0
48	0
49	0
50	0
51	0
52	0
53	0
54	0
55	0
56	0
57	0
58	0
59	0
60	0
61	0
62	0
63	0
64	0
65	0
66	0
67	0
68	0
69	0
70	0
71	0
72	0
73	0
74	0
75	0
76	0
77	0
78	0
79	0
80	0
81	0
82	0
83	0
84	0
85	0
86	0
87	0
88	0
89	1
90	1
91	1
92	1
93	1
94	1
95	1
96	2
97	3
98	3
99	3
100	3
101	3
102	4
103	4
104	4
105	5
106	5
107	5
108	5
109	5
110	5
111	5
112	6
113	7
114	8
115	9
116	10
117	10
118	10
119	10
120	13
121	13
122	16
123	17
124	18
125	19
126	19
127	23
128	23
129	23
130	28
131	30
132	33
133	36
134	38
135	40
136	47
137	49
138	50
139	53
140	58
141	60
142	61
143	61
144	62
145	65
146	66
147	69
148	71
149	75
150	75
151	77
152	79
153	80
154	82
155	83
156	85
157	87
158	89
159	91
160	94
161	97
162	99
163	102
164	106
165	109
166	109
167	114
168	116
169	117
170	118
171	122
172	127
173	130
174	133
175	138
176	140
177	141
178	144
179	154
180	156
181	161
182	161
183	163
184	164
185	167
186	170
187	173
188	176
189	178
190	180
191	181
192	185
193	190
194	193
195	195
196	196
197	197
198	199
199	201
200	208
201	210
202	211
203	215
204	217
205	218
206	222
207	227
208	229
209	232
210	235
211	238
212	241
213	241
214	245
215	247
216	248
217	250
218	253
219	253
220	256
221	260
222	264
223	265
224	271
225	272
226	275
227	280
228	282
229	287
230	290
231	291
232	296
233	301
234	304
235	305
236	306
237	308
238	310
239	311
240	315
241	319
242	321
243	323
244	327
245	332
246	333
247	337
248	344
249	351
250	354
251	355
252	357
253	359
254	361
255	361
256	364
257	368
258	369
259	373
260	375
261	377
262	383
263	384
264	387
265	392
266	393
267	395
268	396
269	398
270	400
271	404
272	407
273	407
274	407
275	408
276	409
277	412
278	415
279	417
280	418
281	418
282	420
283	425
284	426
285	427
286	427
287	430
288	433
289	433
290	437
291	443
292	447
293	451
294	454
295	454
296	456
297	458
298	459
299	459
300	461
301	464
302	466
303	470
304	472
305	473
306	474
307	476
308	477
309	477
310	479
311	482
312	486
313	487
314	491
315	494
316	496
317	499
318	499
319	503
320	505
321	507
322	508
323	508
324	509
325	510
326	511
327	512
328	514
329	516
330	519
331	520
332	521
333	522
334	523
335	525
336	528
337	528
338	528
339	528
340	529
341	530
342	532
343	535
344	536
345	538
346	539
347	539
348	539
349	541
350	544
351	544
352	544
353	546
354	547
355	547
356	548
357	549
358	550
359	551
360	555
361	555
362	556
363	558
364	558
365	559
366	559
367	561
368	561
369	561
370	563
371	563
372	564
373	565
374	568
375	568
376	570
377	570
378	571
379	572
380	574
381	575
382	575
383	575
384	576
385	578
386	578
387	580
388	581
389	583
390	586
391	587
392	591
393	593
394	594
395	594
396	597
397	598
398	599
399	601
400	602
401	602
402	603
403	606
404	607
405	610
406	610
407	614
408	618
409	618
410	618
411	618
412	619
413	620
414	621
415	622
416	625
417	625
418	625
419	627
420	630
421	630
422	631
423	633
424	634
425	634
426	635
427	635
428	637
429	638
430	638
431	641
432	641
433	644
434	647
435	647
436	648
437	650
438	650
439	650
440	651
441	651
442	651
443	651
444	651
445	652
446	654
447	655
448	656
449	656
450	656
451	657
452	659
453	660
454	663
455	663
456	664
457	665
458	665
459	665
460	665
461	669
462	671
463	671
464	672
465	672
466	672
467	672
468	673
469	673
470	674
471	674
472	674
473	675
474	677
475	681
476	681
477	681
478	681
479	681
480	681
481	682
482	682
483	682
484	683
485	683
486	683
487	685
488	685
489	686
490	686
491	687
492	687
493	690
494	691
495	695
496	695
497	696
498	696
499	697
500	698
501	700
502	700
503	700
504	700
505	700
506	701
507	702
508	704
509	705
510	706
511	706
512	707
513	707
514	708
515	708
516	708
517	708
518	710
519	711
520	711
521	711
522	712
523	714
524	714
525	715
526	716
527	716
528	717
529	717
530	717
531	717
532	717
533	718
534	719
535	720
536	721
537	722
538	722
539	723
540	723
541	723
542	725
543	726
544	727
545	727
546	727
547	728
548	730
549	730
550	730
551	730
552	731
553	732
554	734
555	735
556	735
557	735
558	736
559	736
560	738
561	739
562	740
563	740
564	740
565	742
566	743
567	744
568	745
569	746
570	749
571	749
572	750
573	750
574	750
575	750
576	752
577	752
578	753
579	753
580	753
581	755
582	757
583	757
584	757
585	758
586	758
587	759
588	761
589	762
590	762
591	764
592	764
593	764
594	764
595	765
596	766
597	766
598	766
599	767
600	768
601	768
602	768
603	768
604	770
605	770
606	771
607	772
608	772
609	773
610	773
611	773
612	774
613	774
614	775
615	775
616	776
617	777
618	777
619	777
620	779
621	779
622	779
623	780
624	781
625	781
626	781
627	782
628	782
629	782
630	782
631	782
632	783
633	784
634	784
635	784
636	785
637	785
638	786
639	787
640	787
641	787
642	787
643	789
644	790
645	790
646	792
647	793
648	794
649	796
650	796
651	797
652	798
653	798
654	799
655	799
656	799
657	801
658	801
659	802
660	803
661	803
662	803
663	804
664	804
665	805
666	805
667	806
668	807
669	807
670	809
671	810
672	810
673	811
674	811
675	811
676	814
677	814
678	816
679	817
680	818
681	819
682	819
683	821
684	821
685	821
686	822
687	822
688	822
689	823
690	823
691	823
692	823
693	825
694	825
695	827
696	828
697	829
698	829
699	831
700	831
701	831
702	831
703	833
704	834
705	834
706	834
707	834
708	835
709	835
710	835
711	835
712	835
713	835
714	835
715	837
716	837
717	837
718	838
719	838
720	838
721	838
722	838
723	839
724	839
725	840
726	840
727	840
728	840
729	840
730	840
731	840
732	842
733	843
734	843
735	843
736	844
737	845
738	845
739	845
740	845
741	846
742	846
743	846
744	848
745	848
746	848
747	849
748	849
749	849
750	850
751	851
752	852
753	852
754	854
755	854
756	854
757	855
758	855
759	855
760	855
761	857
762	857
763	859
764	859
765	859
766	859
767	859
768	859
769	859
770	859
771	859
772	862
773	862
774	862
775	862
776	863
777	863
778	864
779	864
780	864
781	865
782	867
783	867
784	868
785	868
786	872
787	874
788	874
789	874
790	874
791	874
792	874
793	874
794	874
795	876
796	877
797	877
798	877
799	879
800	880
801	880
802	882
803	883
804	884
805	884
806	884
807	884
808	885
809	885
810	885
811	885
812	886
813	886
814	886
815	887
816	887
817	887
818	887
819	888
820	888
821	889
822	889
823	891
824	892
825	892
826	894
827	894
828	894
829	894
830	894
831	895
832	895
833	895
834	896
835	896
836	897
837	897
838	898
839	898
840	898
841	898
842	899
843	900
844	900
845	900
846	900
847	900
848	901
849	902
850	902
851	902
852	902
853	905
854	905
855	905
856	905
857	905
858	905
859	905
860	905
861	907
862	908
863	908
864	908
865	908
866	909
867	909
868	910
869	910
870	910
871	911
872	911
873	911
874	912
875	912
876	912
877	912
878	912
879	912
880	914
881	914
882	914
883	914
884	914
885	914
886	915
887	915
888	915
889	915
890	915
891	915
892	915
893	915
894	915
895	915
896	915
897	916
898	916
899	917
900	918
901	918
902	919
903	919
904	919
905	919
906	920
907	920
908	921
909	922
910	922
911	922
912	922
913	922
914	922
915	922
916	922
917	922
918	922
919	922
920	922
921	922
922	923
923	923
924	923
925	923
926	923
927	923
928	923
929	923
930	923
931	923
932	924
933	924
934	924
935	924
936	924
937	924
938	925
939	925
940	925
941	926
942	926
943	926
944	927
945	928
946	928
947	929
948	929
949	929
950	929
951	929
952	931
953	932
954	932
955	932
956	932
957	933
958	933
959	933
960	933
961	933
962	934
963	934
964	934
965	934
966	934
967	934
968	934
969	934
970	934
971	934
972	935
973	935
974	935
975	936
976	936
977	936
978	936
979	936
980	936
981	937
982	937
983	938
984	938
985	938
986	938
987	938
988	938
989	939
990	939
991	939
992	939
993	940
994	940
995	941
996	941
997	941
998	941
999	941
1000	941
1001	941
1002	941
1003	941
1004	941
1005	941
1006	941
1007	942
1008	942
1009	942
1010	942
1011	942
1012	942
1013	944
1014	946
1015	949
1016	949
1017	949
1018	949
1019	950
1020	950
1021	950
1022	950
1023	950
1024	950
1025	950
1026	951
1027	951
1028	951
1029	951
1030	952
1031	952
1032	952
1033	955
1034	955
1035	955
1036	955
1037	955
1038	955
1039	955
1040	955
1041	955
1042	955
1043	955
1044	956
1045	956
1046	956
1047	956
1048	956
1049	956
1050	956
1051	956
1052	956
1053	956
1054	956
1055	956
1056	957
1057	957
1058	957
1059	958
1060	958
1061	958
1062	959
1063	959
1064	959
1065	959
1066	959
1067	959
1068	959
1069	959
1070	959
1071	959
1072	959
1073	959
1074	959
1075	960
1076	960
1077	960
1078	960
1079	960
1080	960
1081	960
1082	960
1083	960
1084	960
1085	960
1086	960
1087	961

