0	0
1	0
2	0
3	0
4	0
5	0
6	0
7	0
8	0
9	0
10	0
11	0
12	0
13	0
14	0
15	0
16	0
17	0
18	0
19	0
20	0
21	0
22	0
23	0
24	0
25	0
26	0
27	0
28	0
29	0
30	0
31	0
32	0
33	0
34	0
35	0
36	0
37	0
38	0
39	0
40	0
41	0
42	0
43	0
44	0
45	0
46	0
47	0
48	0
49	0
50	0
51	0
52	0
53	0
54	0
55	0
56	0
57	0
58	0
59	0
60	0
61	0
62	0
63	0
64	0
65	0
66	0
67	0
68	0
69	0
70	0
71	0
72	0
73	0
74	0
75	0
76	0
77	0
78	0
79	0
80	0
81	0
82	0
83	0
84	1
85	1
86	1
87	1
88	1
89	1
90	1
91	1
92	1
93	1
94	2
95	2
96	2
97	3
98	3
99	4
100	4
101	5
102	5
103	5
104	6
105	6
106	6
107	8
108	8
109	8
110	8
111	8
112	8
113	9
114	9
115	11
116	11
117	11
118	11
119	15
120	16
121	17
122	19
123	20
124	21
125	23
126	24
127	24
128	25
129	26
130	29
131	30
132	30
133	30
134	31
135	32
136	32
137	34
138	35
139	36
140	39
141	40
142	43
143	44
144	46
145	48
146	49
147	50
148	51
149	53
150	53
151	54
152	58
153	60
154	61
155	61
156	61
157	64
158	65
159	67
160	67
161	70
162	74
163	74
164	78
165	79
166	81
167	82
168	83
169	86
170	87
171	90
172	92
173	93
174	97
175	98
176	99
177	100
178	106
179	107
180	108
181	112
182	114
183	114
184	115
185	116
186	119
187	121
188	122
189	124
190	126
191	127
192	129
193	129
194	130
195	132
196	133
197	136
198	141
199	143
200	143
201	143
202	145
203	145
204	148
205	148
206	151
207	152
208	152
209	156
210	159
211	160
212	161
213	161
214	163
215	168
216	170
217	170
218	172
219	173
220	176
221	178
222	179
223	183
224	187
225	189
226	191
227	194
228	195
229	197
230	200
231	201
232	202
233	203
234	203
235	205
236	206
237	206
238	206
239	207
240	207
241	208
242	209
243	209
244	212
245	214
246	215
247	219
248	220
249	223
250	227
251	232
252	233
253	234
254	235
255	236
256	238
257	242
258	244
259	244
260	246
261	252
262	254
263	255
264	256
265	257
266	258
267	260
268	261
269	264
270	265
271	265
272	268
273	270
274	271
275	271
276	272
277	274
278	276
279	276
280	278
281	280
282	281
283	285
284	287
285	293
286	293
287	293
288	294
289	295
290	298
291	299
292	303
293	303
294	305
295	307
296	310
297	312
298	312
299	316
300	319
301	320
302	321
303	321
304	323
305	323
306	323
307	324
308	329
309	329
310	331
311	333
312	334
313	335
314	337
315	338
316	342
317	342
318	342
319	345
320	346
321	347
322	349
323	351
324	354
325	356
326	359
327	361
328	363
329	363
330	364
331	364
332	365
333	366
334	366
335	368
336	370
337	371
338	374
339	374
340	375
341	379
342	379
343	379
344	379
345	381
346	385
347	385
348	386
349	387
350	390
351	391
352	394
353	395
354	396
355	397
356	398
357	400
358	400
359	401
360	403
361	405
362	406
363	408
364	408
365	410
366	411
367	413
368	413
369	415
370	415
371	415
372	417
373	417
374	418
375	420
376	421
377	422
378	424
379	424
380	425
381	426
382	429
383	430
384	430
385	433
386	433
387	434
388	435
389	435
390	437
391	438
392	439
393	441
394	442
395	443
396	443
397	444
398	446
399	448
400	450
401	450
402	451
403	452
404	453
405	454
406	459
407	461
408	462
409	463
410	464
411	464
412	465
413	467
414	470
415	471
416	473
417	476
418	476
419	479
420	480
421	480
422	481
423	482
424	483
425	485
426	485
427	486
428	486
429	488
430	488
431	490
432	492
433	492
434	495
435	496
436	497
437	501
438	503
439	503
440	504
441	505
442	506
443	506
444	507
445	507
446	509
447	510
448	511
449	511
450	511
451	511
452	512
453	512
454	513
455	513
456	516
457	517
458	518
459	521
460	521
461	524
462	524
463	524
464	527
465	527
466	530
467	532
468	535
469	536
470	536
471	536
472	536
473	538
474	539
475	542
476	543
477	544
478	545
479	546
480	546
481	548
482	548
483	548
484	549
485	550
486	552
487	552
488	552
489	552
490	553
491	554
492	555
493	555
494	557
495	561
496	562
497	562
498	563
499	563
500	564
501	565
502	567
503	568
504	569
505	570
506	571
507	571
508	571
509	571
510	572
511	572
512	572
513	572
514	573
515	573
516	574
517	575
518	577
519	577
520	578
521	579
522	580
523	581
524	582
525	584
526	585
527	585
528	585
529	588
530	590
531	592
532	594
533	595
534	595
535	595
536	595
537	596
538	597
539	597
540	600
541	600
542	601
543	601
544	601
545	603
546	604
547	604
548	604
549	605
550	606
551	607
552	608
553	609
554	609
555	609
556	610
557	611
558	613
559	614
560	614
561	616
562	617
563	617
564	617
565	618
566	619
567	619
568	619
569	621
570	622
571	623
572	624
573	624
574	627
575	628
576	632
577	632
578	633
579	633
580	634
581	634
582	635
583	636
584	638
585	640
586	641
587	644
588	645
589	647
590	648
591	650
592	651
593	651
594	652
595	652
596	652
597	652
598	652
599	654
600	656
601	656
602	657
603	658
604	658
605	661
606	663
607	663
608	663
609	663
610	663
611	663
612	665
613	667
614	670
615	670
616	670
617	671
618	671
619	673
620	675
621	675
622	676
623	677
624	678
625	678
626	679
627	679
628	681
629	682
630	684
631	684
632	684
633	685
634	686
635	686
636	686
637	686
638	686
639	688
640	689
641	690
642	690
643	690
644	691
645	691
646	691
647	691
648	692
649	692
650	692
651	692
652	694
653	694
654	694
655	695
656	698
657	700
658	701
659	702
660	703
661	704
662	705
663	708
664	708
665	708
666	710
667	711
668	711
669	711
670	711
671	712
672	712
673	712
674	712
675	713
676	715
677	715
678	715
679	716
680	716
681	718
682	722
683	723
684	723
685	723
686	723
687	723
688	724
689	725
690	726
691	727
692	730
693	732
694	732
695	733
696	735
697	735
698	735
699	736
700	736
701	736
702	736
703	737
704	738
705	739
706	740
707	742
708	742
709	744
710	744
711	744
712	745
713	746
714	748
715	748
716	749
717	750
718	751
719	751
720	751
721	753
722	753
723	753
724	753
725	753
726	754
727	755
728	755
729	756
730	758
731	758
732	758
733	758
734	758
735	759
736	759
737	759
738	759
739	762
740	762
741	763
742	763
743	764
744	764
745	766
746	767
747	767
748	767
749	768
750	769
751	770
752	770
753	770
754	770
755	770
756	770
757	772
758	774
759	775
760	776
761	776
762	776
763	776
764	776
765	778
766	778
767	780
768	780
769	781
770	783
771	784
772	785
773	787
774	787
775	788
776	788
777	788
778	789
779	792
780	792
781	792
782	793
783	794
784	794
785	794
786	794
787	795
788	795
789	795
790	795
791	796
792	797
793	798
794	799
795	799
796	799
797	799
798	800
799	800
800	801
801	801
802	801
803	802
804	803
805	805
806	806
807	806
808	806
809	807
810	807
811	807
812	809
813	810
814	812
815	814
816	814
817	814
818	814
819	815
820	817
821	817
822	817
823	818
824	818
825	818
826	819
827	819
828	821
829	822
830	822
831	823
832	823
833	823
834	824
835	824
836	825
837	825
838	825
839	825
840	828
841	829
842	831
843	831
844	831
845	831
846	831
847	831
848	831
849	831
850	831
851	832
852	834
853	835
854	836
855	836
856	836
857	837
858	839
859	840
860	840
861	842
862	843
863	844
864	844
865	844
866	844
867	845
868	845
869	846
870	846
871	846
872	848
873	849
874	849
875	850
876	850
877	850
878	850
879	850
880	850
881	850
882	850
883	850
884	850
885	851
886	852
887	852
888	852
889	853
890	853
891	854
892	854
893	854
894	855
895	855
896	856
897	857
898	859
899	859
900	861
901	862
902	863
903	863
904	863
905	863
906	863
907	864
908	865
909	866
910	866
911	866
912	866
913	867
914	868
915	868
916	870
917	870
918	872
919	872
920	872
921	872
922	872
923	873
924	873
925	873
926	874
927	874
928	875
929	875
930	876
931	876
932	876
933	877
934	879
935	879
936	880
937	881
938	882
939	883
940	884
941	884
942	884
943	885
944	885
945	885
946	885
947	886
948	886
949	886
950	886
951	886
952	887
953	887
954	888
955	890
956	891
957	891
958	892
959	892
960	892
961	892
962	892
963	892
964	892
965	892
966	892
967	892
968	893
969	894
970	894
971	894
972	895
973	896
974	896
975	896
976	896
977	896
978	896
979	896
980	896
981	896
982	898
983	898
984	898
985	898
986	899
987	899
988	899
989	900
990	900
991	900
992	900
993	900
994	901
995	901
996	902
997	902
998	904
999	905
1000	906
1001	907
1002	907
1003	907
1004	908
1005	908
1006	908
1007	909
1008	909
1009	911
1010	911
1011	911
1012	911
1013	912
1014	913
1015	913
1016	913
1017	914
1018	914
1019	914
1020	914
1021	914
1022	914
1023	914
1024	914
1025	914
1026	914
1027	915
1028	915
1029	916
1030	916
1031	917
1032	917
1033	918
1034	919
1035	919
1036	919
1037	919
1038	919
1039	919
1040	919
1041	920
1042	920
1043	920
1044	921
1045	921
1046	921
1047	921
1048	921
1049	922
1050	922
1051	922
1052	923
1053	923
1054	923
1055	923
1056	924
1057	924
1058	924
1059	924
1060	924
1061	925
1062	925
1063	926
1064	927
1065	927
1066	928
1067	928
1068	928
1069	929
1070	929
1071	930
1072	931
1073	931
1074	931
1075	931
1076	931
1077	931
1078	931
1079	933
1080	933
1081	934
1082	936
1083	936
1084	936
1085	936
1086	937
1087	937
1088	937
1089	938
1090	938
1091	938
1092	938
1093	938
1094	938
1095	939
1096	940
1097	941
1098	941
1099	941
1100	941
1101	941
1102	941
1103	941
1104	943
1105	943
1106	943
1107	943
1108	945
1109	945
1110	946
1111	946
1112	946
1113	947
1114	947
1115	948
1116	949
1117	951
1118	951
1119	951
1120	951
1121	951
1122	951
1123	951
1124	951
1125	954
1126	954
1127	954
1128	954
1129	954
1130	954
1131	954
1132	955
1133	955
1134	956
1135	956
1136	956
1137	956
1138	957
1139	958
1140	958
1141	959
1142	959
1143	959
1144	960
1145	961

