0	0
1	0
2	0
3	0
4	0
5	0
6	0
7	0
8	0
9	0
10	0
11	0
12	0
13	0
14	0
15	0
16	0
17	0
18	0
19	0
20	0
21	0
22	0
23	0
24	0
25	0
26	0
27	0
28	0
29	0
30	0
31	0
32	0
33	0
34	0
35	0
36	0
37	0
38	0
39	0
40	0
41	0
42	0
43	0
44	0
45	0
46	0
47	0
48	0
49	0
50	0
51	0
52	0
53	0
54	0
55	0
56	0
57	0
58	0
59	0
60	0
61	0
62	0
63	0
64	0
65	0
66	0
67	0
68	0
69	0
70	0
71	0
72	0
73	0
74	1
75	1
76	1
77	1
78	1
79	1
80	1
81	1
82	1
83	1
84	1
85	1
86	1
87	1
88	1
89	1
90	1
91	1
92	2
93	2
94	2
95	2
96	2
97	2
98	2
99	2
100	3
101	3
102	3
103	5
104	5
105	5
106	5
107	5
108	5
109	5
110	6
111	10
112	10
113	10
114	11
115	13
116	13
117	15
118	15
119	17
120	18
121	19
122	19
123	20
124	21
125	22
126	23
127	23
128	24
129	25
130	25
131	25
132	26
133	27
134	29
135	30
136	32
137	35
138	35
139	36
140	38
141	38
142	40
143	41
144	42
145	43
146	43
147	44
148	46
149	48
150	48
151	48
152	48
153	49
154	51
155	57
156	58
157	59
158	64
159	67
160	69
161	70
162	72
163	72
164	74
165	78
166	78
167	80
168	82
169	83
170	85
171	89
172	89
173	90
174	91
175	93
176	93
177	94
178	96
179	98
180	100
181	102
182	104
183	106
184	106
185	112
186	112
187	113
188	114
189	115
190	116
191	117
192	119
193	122
194	123
195	126
196	129
197	132
198	133
199	136
200	139
201	143
202	145
203	150
204	151
205	152
206	156
207	157
208	158
209	164
210	165
211	165
212	168
213	170
214	172
215	174
216	175
217	177
218	180
219	182
220	183
221	185
222	186
223	189
224	189
225	189
226	191
227	191
228	193
229	196
230	200
231	202
232	204
233	206
234	207
235	208
236	211
237	213
238	216
239	217
240	221
241	225
242	226
243	228
244	234
245	235
246	235
247	236
248	237
249	240
250	241
251	242
252	246
253	247
254	247
255	248
256	253
257	255
258	255
259	256
260	261
261	262
262	262
263	263
264	267
265	268
266	270
267	273
268	278
269	279
270	281
271	281
272	283
273	283
274	284
275	286
276	288
277	291
278	293
279	294
280	295
281	298
282	298
283	300
284	300
285	301
286	302
287	306
288	308
289	309
290	310
291	312
292	313
293	313
294	313
295	313
296	314
297	317
298	320
299	321
300	323
301	323
302	324
303	325
304	327
305	330
306	331
307	331
308	332
309	334
310	334
311	336
312	339
313	340
314	342
315	344
316	347
317	349
318	351
319	351
320	353
321	354
322	354
323	356
324	358
325	359
326	361
327	361
328	361
329	363
330	365
331	365
332	367
333	369
334	370
335	373
336	375
337	377
338	377
339	378
340	379
341	385
342	386
343	387
344	387
345	388
346	388
347	389
348	390
349	392
350	392
351	394
352	395
353	396
354	399
355	400
356	402
357	403
358	405
359	407
360	409
361	409
362	409
363	411
364	411
365	413
366	416
367	417
368	418
369	419
370	420
371	420
372	420
373	421
374	421
375	422
376	426
377	427
378	427
379	427
380	429
381	430
382	431
383	431
384	432
385	432
386	432
387	433
388	433
389	433
390	435
391	437
392	437
393	437
394	440
395	443
396	444
397	444
398	444
399	445
400	446
401	450
402	453
403	453
404	454
405	454
406	454
407	457
408	457
409	457
410	457
411	458
412	458
413	458
414	461
415	463
416	464
417	466
418	466
419	466
420	467
421	470
422	471
423	472
424	474
425	474
426	475
427	477
428	477
429	480
430	483
431	483
432	484
433	485
434	486
435	486
436	486
437	486
438	487
439	487
440	488
441	488
442	493
443	494
444	494
445	495
446	495
447	498
448	502
449	504
450	506
451	507
452	507
453	507
454	509
455	510
456	512
457	512
458	513
459	514
460	516
461	520
462	520
463	522
464	525
465	525
466	526
467	528
468	530
469	530
470	531
471	531
472	532
473	532
474	533
475	534
476	534
477	535
478	535
479	536
480	536
481	536
482	536
483	537
484	538
485	538
486	539
487	540
488	540
489	542
490	544
491	545
492	545
493	546
494	546
495	547
496	547
497	548
498	549
499	550
500	551
501	553
502	555
503	555
504	555
505	557
506	558
507	560
508	563
509	564
510	564
511	565
512	565
513	565
514	566
515	567
516	567
517	569
518	570
519	572
520	574
521	575
522	576
523	576
524	576
525	578
526	579
527	579
528	581
529	582
530	584
531	584
532	585
533	585
534	586
535	586
536	588
537	588
538	589
539	589
540	589
541	589
542	591
543	591
544	594
545	594
546	594
547	594
548	594
549	596
550	596
551	596
552	597
553	598
554	599
555	600
556	601
557	601
558	602
559	603
560	604
561	604
562	604
563	604
564	605
565	606
566	606
567	606
568	606
569	607
570	607
571	607
572	607
573	607
574	608
575	608
576	611
577	613
578	615
579	617
580	617
581	617
582	618
583	618
584	619
585	620
586	620
587	620
588	622
589	623
590	624
591	625
592	625
593	627
594	627
595	629
596	630
597	631
598	633
599	633
600	636
601	636
602	637
603	637
604	639
605	640
606	640
607	642
608	642
609	642
610	642
611	644
612	645
613	648
614	649
615	650
616	650
617	651
618	651
619	652
620	653
621	653
622	653
623	654
624	655
625	656
626	656
627	658
628	658
629	660
630	660
631	661
632	662
633	662
634	662
635	663
636	664
637	665
638	665
639	668
640	668
641	670
642	672
643	672
644	675
645	675
646	675
647	676
648	676
649	676
650	676
651	676
652	676
653	678
654	678
655	678
656	679
657	679
658	682
659	683
660	683
661	684
662	684
663	685
664	685
665	686
666	688
667	689
668	690
669	691
670	691
671	692
672	692
673	696
674	697
675	697
676	697
677	698
678	698
679	698
680	699
681	699
682	699
683	699
684	699
685	699
686	699
687	699
688	700
689	700
690	700
691	700
692	701
693	702
694	703
695	708
696	710
697	713
698	713
699	713
700	713
701	715
702	716
703	717
704	717
705	717
706	717
707	718
708	718
709	720
710	720
711	721
712	723
713	725
714	725
715	725
716	727
717	727
718	727
719	727
720	727
721	731
722	732
723	733
724	733
725	734
726	735
727	735
728	736
729	738
730	739
731	741
732	741
733	741
734	742
735	742
736	742
737	743
738	744
739	744
740	746
741	746
742	747
743	747
744	750
745	751
746	753
747	753
748	754
749	755
750	757
751	757
752	757
753	757
754	757
755	757
756	758
757	758
758	758
759	759
760	761
761	761
762	761
763	763
764	763
765	763
766	764
767	766
768	766
769	766
770	767
771	769
772	770
773	771
774	773
775	774
776	776
777	777
778	777
779	779
780	779
781	779
782	779
783	779
784	780
785	780
786	781
787	781
788	783
789	785
790	786
791	787
792	790
793	790
794	792
795	792
796	792
797	792
798	793
799	793
800	793
801	794
802	796
803	796
804	797
805	798
806	798
807	799
808	800
809	800
810	800
811	800
812	800
813	802
814	803
815	803
816	803
817	803
818	804
819	805
820	805
821	805
822	806
823	807
824	807
825	808
826	808
827	808
828	809
829	810
830	810
831	810
832	810
833	811
834	813
835	813
836	814
837	816
838	816
839	817
840	818
841	818
842	819
843	820
844	820
845	821
846	822
847	823
848	826
849	827
850	827
851	828
852	828
853	828
854	828
855	828
856	828
857	830
858	830
859	831
860	832
861	834
862	835
863	835
864	835
865	835
866	835
867	835
868	835
869	836
870	836
871	838
872	840
873	840
874	840
875	840
876	841
877	842
878	842
879	843
880	843
881	844
882	845
883	845
884	845
885	846
886	848
887	848
888	850
889	850
890	850
891	851
892	852
893	852
894	854
895	855
896	855
897	855
898	855
899	856
900	856
901	856
902	857
903	857
904	858
905	858
906	858
907	858
908	860
909	862
910	863
911	863
912	864
913	865
914	866
915	866
916	867
917	867
918	867
919	867
920	867
921	868
922	868
923	869
924	869
925	870
926	870
927	870
928	870
929	870
930	871
931	871
932	872
933	872
934	873
935	873
936	873
937	873
938	874
939	875
940	876
941	878
942	878
943	878
944	878
945	878
946	880
947	880
948	881
949	881
950	883
951	883
952	885
953	885
954	885
955	885
956	885
957	885
958	885
959	885
960	886
961	886
962	887
963	888
964	889
965	890
966	891
967	891
968	892
969	893
970	894
971	895
972	895
973	895
974	896
975	898
976	898
977	898
978	898
979	898
980	898
981	899
982	900
983	901
984	902
985	904
986	904
987	904
988	905
989	905
990	905
991	905
992	905
993	905
994	906
995	906
996	906
997	908
998	908
999	908
1000	910
1001	911
1002	912
1003	915
1004	915
1005	915
1006	915
1007	915
1008	916
1009	916
1010	917
1011	918
1012	919
1013	920
1014	921
1015	921
1016	923
1017	924
1018	924
1019	924
1020	924
1021	925
1022	926
1023	927
1024	927
1025	927
1026	928
1027	929
1028	929
1029	929
1030	930
1031	930
1032	931
1033	931
1034	931
1035	932
1036	932
1037	932
1038	932
1039	933
1040	933
1041	934
1042	935
1043	936
1044	936
1045	936
1046	936
1047	937
1048	937
1049	937
1050	937
1051	938
1052	938
1053	938
1054	938
1055	938
1056	939
1057	939
1058	940
1059	940
1060	940
1061	940
1062	940
1063	940
1064	942
1065	942
1066	942
1067	942
1068	943
1069	944
1070	945
1071	946
1072	946
1073	946
1074	946
1075	946
1076	946
1077	948
1078	949
1079	949
1080	949
1081	949
1082	949
1083	949
1084	949
1085	950
1086	950
1087	951
1088	951
1089	952
1090	952
1091	954
1092	954
1093	954
1094	954
1095	956
1096	957
1097	957
1098	957
1099	957
1100	957
1101	957
1102	957
1103	958
1104	959
1105	959
1106	961

