0	0
1	0
2	0
3	0
4	0
5	0
6	0
7	0
8	0
9	0
10	0
11	0
12	0
13	0
14	0
15	0
16	0
17	0
18	0
19	0
20	0
21	0
22	0
23	0
24	0
25	0
26	0
27	0
28	0
29	0
30	0
31	0
32	0
33	0
34	0
35	0
36	0
37	0
38	0
39	0
40	0
41	0
42	0
43	0
44	0
45	0
46	0
47	0
48	0
49	0
50	0
51	0
52	0
53	0
54	0
55	0
56	0
57	0
58	0
59	0
60	0
61	0
62	0
63	0
64	0
65	0
66	0
67	0
68	0
69	0
70	0
71	0
72	0
73	0
74	0
75	0
76	0
77	0
78	0
79	0
80	0
81	0
82	0
83	0
84	0
85	0
86	0
87	1
88	1
89	2
90	2
91	2
92	3
93	4
94	4
95	4
96	4
97	4
98	4
99	5
100	6
101	6
102	7
103	7
104	7
105	7
106	9
107	10
108	10
109	11
110	12
111	12
112	13
113	13
114	14
115	17
116	17
117	17
118	17
119	17
120	17
121	17
122	17
123	20
124	21
125	23
126	23
127	23
128	25
129	27
130	27
131	28
132	28
133	30
134	30
135	32
136	32
137	35
138	36
139	37
140	38
141	40
142	42
143	46
144	49
145	51
146	55
147	56
148	56
149	58
150	58
151	63
152	66
153	67
154	68
155	68
156	68
157	68
158	68
159	69
160	71
161	72
162	78
163	81
164	82
165	85
166	89
167	90
168	92
169	93
170	94
171	96
172	96
173	97
174	98
175	98
176	102
177	102
178	106
179	107
180	109
181	110
182	110
183	112
184	113
185	115
186	118
187	120
188	122
189	124
190	127
191	129
192	131
193	133
194	135
195	135
196	137
197	138
198	141
199	144
200	146
201	150
202	152
203	155
204	156
205	158
206	163
207	164
208	166
209	167
210	167
211	168
212	173
213	175
214	178
215	180
216	183
217	186
218	189
219	189
220	190
221	191
222	192
223	195
224	197
225	197
226	199
227	200
228	201
229	205
230	207
231	210
232	212
233	213
234	216
235	219
236	221
237	222
238	223
239	225
240	229
241	229
242	232
243	233
244	234
245	235
246	238
247	240
248	241
249	242
250	244
251	244
252	246
253	247
254	249
255	250
256	251
257	252
258	253
259	254
260	255
261	256
262	258
263	260
264	260
265	261
266	263
267	263
268	265
269	265
270	267
271	268
272	269
273	269
274	270
275	271
276	272
277	273
278	273
279	274
280	277
281	278
282	279
283	280
284	281
285	284
286	285
287	285
288	288
289	290
290	291
291	294
292	296
293	298
294	300
295	301
296	304
297	306
298	309
299	311
300	312
301	314
302	316
303	318
304	320
305	323
306	324
307	325
308	325
309	326
310	326
311	330
312	333
313	335
314	336
315	336
316	336
317	337
318	339
319	340
320	342
321	342
322	342
323	344
324	345
325	346
326	352
327	354
328	356
329	356
330	360
331	363
332	363
333	363
334	364
335	364
336	365
337	366
338	367
339	368
340	369
341	370
342	370
343	371
344	373
345	374
346	375
347	378
348	380
349	384
350	384
351	388
352	389
353	389
354	391
355	392
356	394
357	395
358	396
359	397
360	398
361	398
362	399
363	400
364	401
365	402
366	406
367	406
368	409
369	411
370	412
371	413
372	415
373	416
374	419
375	419
376	420
377	421
378	424
379	424
380	425
381	426
382	427
383	428
384	429
385	429
386	429
387	432
388	432
389	435
390	435
391	436
392	441
393	443
394	444
395	446
396	448
397	448
398	449
399	450
400	451
401	452
402	454
403	455
404	456
405	456
406	456
407	458
408	458
409	459
410	459
411	462
412	465
413	465
414	466
415	467
416	467
417	468
418	468
419	469
420	469
421	471
422	472
423	472
424	472
425	473
426	474
427	475
428	476
429	477
430	478
431	479
432	480
433	480
434	481
435	481
436	481
437	483
438	484
439	486
440	487
441	487
442	487
443	488
444	489
445	490
446	491
447	492
448	492
449	495
450	498
451	500
452	502
453	502
454	503
455	506
456	507
457	507
458	507
459	507
460	507
461	509
462	510
463	510
464	512
465	512
466	517
467	519
468	521
469	521
470	522
471	522
472	522
473	523
474	523
475	524
476	525
477	529
478	529
479	530
480	530
481	533
482	534
483	535
484	537
485	538
486	540
487	540
488	540
489	540
490	542
491	543
492	545
493	546
494	546
495	547
496	548
497	550
498	551
499	553
500	553
501	554
502	555
503	555
504	558
505	558
506	558
507	558
508	560
509	560
510	561
511	561
512	562
513	563
514	565
515	568
516	571
517	573
518	573
519	574
520	576
521	576
522	576
523	576
524	577
525	577
526	577
527	577
528	580
529	580
530	580
531	580
532	580
533	582
534	582
535	584
536	585
537	586
538	587
539	588
540	588
541	590
542	590
543	590
544	590
545	590
546	590
547	591
548	593
549	594
550	595
551	595
552	595
553	596
554	596
555	598
556	599
557	599
558	602
559	604
560	604
561	605
562	606
563	607
564	608
565	608
566	609
567	610
568	611
569	612
570	613
571	614
572	615
573	616
574	617
575	617
576	617
577	618
578	619
579	620
580	622
581	623
582	623
583	624
584	624
585	626
586	626
587	627
588	628
589	628
590	629
591	629
592	631
593	633
594	633
595	633
596	633
597	633
598	633
599	634
600	635
601	635
602	635
603	636
604	638
605	639
606	639
607	639
608	640
609	641
610	641
611	641
612	642
613	643
614	645
615	646
616	647
617	648
618	648
619	651
620	652
621	653
622	653
623	653
624	654
625	655
626	656
627	656
628	656
629	657
630	657
631	658
632	660
633	661
634	662
635	663
636	663
637	664
638	665
639	665
640	665
641	665
642	666
643	667
644	668
645	668
646	670
647	672
648	673
649	673
650	674
651	674
652	674
653	675
654	676
655	678
656	679
657	682
658	684
659	684
660	685
661	689
662	689
663	689
664	691
665	691
666	692
667	692
668	693
669	693
670	695
671	696
672	698
673	698
674	699
675	700
676	701
677	702
678	702
679	702
680	702
681	702
682	703
683	704
684	704
685	704
686	705
687	705
688	707
689	707
690	707
691	708
692	708
693	711
694	713
695	713
696	716
697	716
698	717
699	717
700	719
701	720
702	720
703	722
704	723
705	724
706	724
707	725
708	725
709	725
710	727
711	728
712	730
713	730
714	730
715	730
716	730
717	732
718	732
719	734
720	734
721	734
722	734
723	735
724	735
725	735
726	735
727	735
728	736
729	736
730	736
731	738
732	738
733	739
734	740
735	740
736	741
737	741
738	742
739	742
740	742
741	742
742	742
743	745
744	745
745	746
746	747
747	749
748	749
749	750
750	751
751	752
752	752
753	752
754	753
755	755
756	756
757	757
758	758
759	758
760	759
761	762
762	763
763	765
764	766
765	767
766	767
767	767
768	767
769	767
770	768
771	768
772	769
773	769
774	769
775	769
776	770
777	771
778	771
779	772
780	773
781	773
782	774
783	775
784	775
785	778
786	780
787	781
788	782
789	782
790	782
791	783
792	785
793	785
794	786
795	787
796	788
797	788
798	789
799	789
800	789
801	790
802	790
803	791
804	791
805	793
806	793
807	794
808	795
809	796
810	797
811	798
812	799
813	800
814	801
815	801
816	802
817	803
818	804
819	804
820	804
821	804
822	804
823	805
824	805
825	806
826	806
827	807
828	807
829	809
830	809
831	810
832	810
833	810
834	810
835	810
836	812
837	812
838	812
839	813
840	813
841	813
842	813
843	813
844	814
845	815
846	816
847	816
848	816
849	816
850	816
851	816
852	817
853	818
854	820
855	820
856	820
857	820
858	820
859	820
860	820
861	820
862	822
863	823
864	824
865	824
866	825
867	825
868	826
869	826
870	827
871	828
872	828
873	829
874	829
875	830
876	830
877	831
878	831
879	831
880	831
881	832
882	832
883	833
884	834
885	834
886	834
887	835
888	835
889	836
890	837
891	838
892	839
893	840
894	840
895	843
896	843
897	843
898	844
899	844
900	844
901	845
902	845
903	845
904	845
905	845
906	845
907	846
908	847
909	849
910	849
911	849
912	849
913	850
914	850
915	851
916	851
917	852
918	852
919	852
920	852
921	852
922	854
923	855
924	855
925	856
926	856
927	857
928	857
929	858
930	858
931	858
932	858
933	858
934	861
935	861
936	863
937	863
938	865
939	866
940	866
941	866
942	866
943	867
944	867
945	867
946	867
947	868
948	870
949	871
950	871
951	872
952	872
953	872
954	872
955	873
956	873
957	874
958	874
959	875
960	876
961	876
962	876
963	876
964	876
965	876
966	876
967	876
968	878
969	879
970	880
971	881
972	882
973	882
974	882
975	883
976	886
977	886
978	886
979	886
980	886
981	886
982	887
983	887
984	887
985	887
986	887
987	887
988	887
989	887
990	888
991	888
992	888
993	888
994	889
995	889
996	889
997	889
998	889
999	889
1000	890
1001	891
1002	891
1003	891
1004	891
1005	891
1006	891
1007	891
1008	892
1009	892
1010	893
1011	894
1012	894
1013	895
1014	896
1015	897
1016	897
1017	897
1018	899
1019	899
1020	899
1021	899
1022	899
1023	900
1024	901
1025	902
1026	902
1027	902
1028	902
1029	902
1030	904
1031	904
1032	904
1033	904
1034	904
1035	906
1036	906
1037	907
1038	907
1039	908
1040	908
1041	908
1042	909
1043	909
1044	909
1045	909
1046	909
1047	910
1048	911
1049	911
1050	912
1051	912
1052	912
1053	912
1054	914
1055	914
1056	914
1057	915
1058	916
1059	916
1060	916
1061	916
1062	917
1063	917
1064	917
1065	918
1066	919
1067	919
1068	919
1069	919
1070	919
1071	919
1072	921
1073	921
1074	921
1075	921
1076	921
1077	921
1078	921
1079	921
1080	921
1081	921
1082	921
1083	922
1084	922
1085	922
1086	922
1087	922
1088	922
1089	923
1090	924
1091	925
1092	925
1093	925
1094	927
1095	927
1096	928
1097	928
1098	928
1099	928
1100	929
1101	929
1102	930
1103	930
1104	931
1105	932
1106	932
1107	932
1108	933
1109	933
1110	934
1111	934
1112	934
1113	935
1114	936
1115	936
1116	936
1117	936
1118	937
1119	937
1120	937
1121	937
1122	938
1123	938
1124	939
1125	941
1126	941
1127	941
1128	941
1129	943
1130	943
1131	943
1132	943
1133	945
1134	945
1135	945
1136	945
1137	945
1138	946
1139	946
1140	946
1141	946
1142	946
1143	946
1144	946
1145	946
1146	946
1147	947
1148	947
1149	947
1150	947
1151	947
1152	947
1153	947
1154	947
1155	949
1156	951
1157	951
1158	951
1159	952
1160	954
1161	954
1162	955
1163	956
1164	956
1165	956
1166	956
1167	956
1168	957
1169	957
1170	957
1171	957
1172	957
1173	958
1174	958
1175	958
1176	958
1177	958
1178	960
1179	960
1180	961

