0	0
1	0
2	0
3	0
4	0
5	0
6	0
7	0
8	0
9	0
10	0
11	0
12	0
13	0
14	0
15	0
16	0
17	0
18	0
19	0
20	0
21	0
22	0
23	0
24	0
25	0
26	0
27	0
28	0
29	0
30	0
31	0
32	0
33	0
34	0
35	0
36	0
37	0
38	0
39	0
40	0
41	0
42	0
43	0
44	0
45	0
46	0
47	0
48	0
49	0
50	0
51	0
52	0
53	0
54	0
55	0
56	0
57	0
58	0
59	0
60	0
61	0
62	0
63	0
64	0
65	0
66	0
67	0
68	0
69	0
70	0
71	0
72	0
73	0
74	0
75	0
76	0
77	0
78	0
79	0
80	0
81	0
82	0
83	0
84	0
85	0
86	0
87	0
88	0
89	0
90	0
91	0
92	0
93	0
94	0
95	0
96	0
97	0
98	0
99	0
100	0
101	1
102	1
103	1
104	1
105	2
106	2
107	3
108	3
109	4
110	5
111	6
112	6
113	9
114	9
115	10
116	10
117	11
118	12
119	12
120	12
121	12
122	13
123	16
124	18
125	20
126	21
127	21
128	22
129	25
130	25
131	25
132	27
133	31
134	31
135	32
136	35
137	37
138	37
139	38
140	40
141	41
142	41
143	41
144	43
145	45
146	45
147	45
148	46
149	47
150	47
151	47
152	47
153	48
154	49
155	50
156	51
157	52
158	53
159	53
160	54
161	58
162	62
163	63
164	64
165	64
166	69
167	70
168	74
169	74
170	74
171	75
172	77
173	77
174	79
175	79
176	81
177	85
178	88
179	90
180	94
181	96
182	98
183	101
184	103
185	111
186	111
187	112
188	116
189	117
190	118
191	120
192	123
193	123
194	127
195	127
196	129
197	130
198	135
199	136
200	140
201	141
202	141
203	142
204	144
205	146
206	148
207	151
208	154
209	160
210	160
211	160
212	160
213	162
214	163
215	163
216	165
217	170
218	172
219	173
220	174
221	175
222	178
223	180
224	184
225	185
226	187
227	189
228	192
229	194
230	194
231	199
232	202
233	206
234	207
235	209
236	210
237	212
238	213
239	214
240	215
241	215
242	216
243	219
244	221
245	224
246	226
247	227
248	230
249	231
250	231
251	235
252	235
253	240
254	241
255	241
256	245
257	246
258	246
259	250
260	253
261	254
262	256
263	257
264	263
265	264
266	267
267	268
268	271
269	273
270	275
271	275
272	277
273	280
274	281
275	283
276	283
277	286
278	288
279	292
280	294
281	297
282	297
283	300
284	301
285	303
286	304
287	305
288	310
289	310
290	312
291	312
292	312
293	312
294	314
295	316
296	316
297	319
298	320
299	323
300	325
301	325
302	326
303	326
304	326
305	327
306	329
307	330
308	331
309	333
310	333
311	333
312	334
313	334
314	337
315	339
316	339
317	340
318	340
319	341
320	341
321	343
322	345
323	346
324	347
325	349
326	351
327	351
328	354
329	358
330	358
331	360
332	362
333	363
334	365
335	367
336	369
337	369
338	370
339	370
340	373
341	374
342	375
343	375
344	375
345	375
346	375
347	376
348	377
349	378
350	378
351	379
352	383
353	383
354	386
355	387
356	387
357	388
358	392
359	392
360	392
361	393
362	393
363	394
364	395
365	396
366	398
367	398
368	402
369	404
370	405
371	407
372	409
373	411
374	412
375	416
376	418
377	418
378	419
379	420
380	421
381	421
382	421
383	423
384	424
385	425
386	426
387	427
388	427
389	428
390	429
391	430
392	431
393	431
394	431
395	435
396	436
397	437
398	438
399	440
400	441
401	443
402	445
403	445
404	447
405	449
406	450
407	452
408	453
409	455
410	455
411	457
412	457
413	460
414	462
415	463
416	464
417	468
418	470
419	471
420	471
421	472
422	473
423	474
424	475
425	477
426	479
427	483
428	483
429	486
430	486
431	486
432	488
433	489
434	489
435	491
436	492
437	495
438	496
439	496
440	500
441	502
442	502
443	504
444	504
445	504
446	506
447	508
448	510
449	510
450	511
451	514
452	514
453	514
454	514
455	514
456	514
457	514
458	514
459	515
460	516
461	519
462	522
463	524
464	524
465	526
466	526
467	526
468	526
469	527
470	527
471	527
472	528
473	528
474	528
475	529
476	532
477	533
478	533
479	533
480	536
481	536
482	537
483	537
484	537
485	538
486	540
487	541
488	541
489	542
490	542
491	544
492	544
493	548
494	549
495	549
496	550
497	552
498	552
499	554
500	555
501	556
502	556
503	556
504	558
505	560
506	561
507	562
508	563
509	563
510	564
511	564
512	566
513	566
514	569
515	570
516	573
517	574
518	575
519	578
520	580
521	580
522	580
523	580
524	580
525	583
526	583
527	584
528	585
529	586
530	586
531	587
532	587
533	587
534	589
535	590
536	591
537	592
538	592
539	593
540	593
541	596
542	596
543	596
544	597
545	597
546	598
547	598
548	599
549	600
550	600
551	600
552	601
553	602
554	602
555	603
556	603
557	603
558	603
559	603
560	605
561	607
562	608
563	609
564	609
565	609
566	609
567	610
568	611
569	613
570	613
571	613
572	614
573	615
574	615
575	616
576	616
577	618
578	618
579	620
580	621
581	621
582	622
583	626
584	628
585	629
586	629
587	630
588	631
589	631
590	631
591	632
592	632
593	632
594	633
595	634
596	634
597	636
598	638
599	638
600	638
601	639
602	639
603	639
604	639
605	639
606	639
607	639
608	639
609	641
610	642
611	642
612	642
613	642
614	642
615	643
616	647
617	650
618	652
619	652
620	652
621	654
622	656
623	656
624	656
625	658
626	659
627	659
628	659
629	660
630	660
631	660
632	661
633	664
634	664
635	666
636	666
637	666
638	667
639	667
640	667
641	669
642	669
643	670
644	670
645	671
646	674
647	674
648	674
649	676
650	678
651	679
652	679
653	679
654	681
655	682
656	684
657	685
658	685
659	686
660	687
661	688
662	688
663	689
664	691
665	692
666	692
667	693
668	693
669	695
670	695
671	695
672	695
673	696
674	697
675	700
676	700
677	700
678	700
679	701
680	702
681	702
682	702
683	703
684	704
685	706
686	706
687	707
688	707
689	708
690	709
691	710
692	710
693	711
694	711
695	712
696	713
697	714
698	714
699	716
700	717
701	717
702	719
703	720
704	720
705	720
706	721
707	723
708	723
709	723
710	724
711	725
712	726
713	726
714	726
715	726
716	726
717	729
718	731
719	733
720	733
721	734
722	734
723	735
724	736
725	736
726	738
727	738
728	738
729	740
730	740
731	741
732	744
733	744
734	744
735	744
736	745
737	746
738	747
739	748
740	749
741	749
742	750
743	752
744	753
745	753
746	754
747	754
748	754
749	755
750	756
751	757
752	758
753	758
754	758
755	758
756	759
757	760
758	760
759	760
760	760
761	761
762	763
763	763
764	763
765	764
766	767
767	767
768	769
769	769
770	770
771	770
772	771
773	771
774	772
775	772
776	774
777	774
778	774
779	774
780	774
781	774
782	774
783	774
784	776
785	777
786	779
787	780
788	782
789	782
790	782
791	782
792	782
793	782
794	783
795	783
796	783
797	784
798	785
799	785
800	787
801	788
802	788
803	788
804	788
805	788
806	788
807	788
808	788
809	788
810	788
811	790
812	791
813	792
814	793
815	793
816	797
817	797
818	797
819	798
820	801
821	801
822	801
823	801
824	802
825	803
826	804
827	804
828	804
829	804
830	805
831	806
832	806
833	807
834	808
835	809
836	809
837	810
838	812
839	812
840	812
841	812
842	812
843	812
844	812
845	812
846	813
847	814
848	814
849	815
850	816
851	816
852	816
853	817
854	819
855	821
856	822
857	822
858	822
859	822
860	823
861	827
862	827
863	827
864	828
865	829
866	829
867	829
868	830
869	831
870	831
871	831
872	831
873	832
874	833
875	833
876	833
877	834
878	834
879	834
880	838
881	838
882	839
883	839
884	839
885	839
886	839
887	839
888	839
889	840
890	840
891	841
892	843
893	843
894	843
895	844
896	845
897	847
898	848
899	848
900	848
901	848
902	849
903	849
904	850
905	850
906	850
907	850
908	850
909	850
910	850
911	852
912	852
913	853
914	854
915	854
916	854
917	855
918	855
919	855
920	855
921	856
922	856
923	856
924	857
925	858
926	858
927	858
928	859
929	860
930	861
931	861
932	862
933	862
934	862
935	863
936	863
937	863
938	865
939	865
940	868
941	868
942	869
943	869
944	869
945	869
946	869
947	871
948	871
949	872
950	873
951	874
952	875
953	876
954	876
955	876
956	877
957	877
958	877
959	878
960	878
961	878
962	878
963	879
964	879
965	880
966	880
967	880
968	880
969	881
970	881
971	881
972	882
973	882
974	882
975	882
976	883
977	883
978	883
979	884
980	884
981	886
982	886
983	886
984	887
985	888
986	888
987	888
988	893
989	894
990	894
991	894
992	894
993	896
994	897
995	897
996	898
997	898
998	898
999	898
1000	898
1001	898
1002	898
1003	898
1004	898
1005	899
1006	899
1007	900
1008	901
1009	902
1010	902
1011	902
1012	902
1013	902
1014	902
1015	902
1016	902
1017	903
1018	903
1019	903
1020	903
1021	903
1022	904
1023	905
1024	905
1025	905
1026	906
1027	906
1028	906
1029	906
1030	906
1031	910
1032	910
1033	911
1034	911
1035	911
1036	911
1037	911
1038	911
1039	912
1040	913
1041	913
1042	913
1043	913
1044	913
1045	914
1046	914
1047	915
1048	915
1049	915
1050	915
1051	915
1052	915
1053	915
1054	915
1055	915
1056	916
1057	917
1058	917
1059	917
1060	918
1061	919
1062	919
1063	922
1064	922
1065	923
1066	924
1067	924
1068	924
1069	926
1070	927
1071	927
1072	927
1073	927
1074	928
1075	931
1076	931
1077	931
1078	932
1079	932
1080	932
1081	932
1082	932
1083	932
1084	932
1085	933
1086	934
1087	936
1088	937
1089	937
1090	937
1091	938
1092	938
1093	938
1094	940
1095	940
1096	941
1097	941
1098	942
1099	943
1100	943
1101	943
1102	943
1103	943
1104	943
1105	943
1106	944
1107	944
1108	944
1109	946
1110	946
1111	946
1112	946
1113	946
1114	946
1115	946
1116	947
1117	948
1118	948
1119	948
1120	948
1121	948
1122	949
1123	949
1124	949
1125	949
1126	949
1127	949
1128	949
1129	950
1130	951
1131	951
1132	951
1133	951
1134	952
1135	952
1136	952
1137	952
1138	952
1139	952
1140	953
1141	954
1142	954
1143	954
1144	954
1145	954
1146	954
1147	954
1148	954
1149	955
1150	955
1151	955
1152	955
1153	955
1154	955
1155	955
1156	955
1157	956
1158	957
1159	957
1160	957
1161	957
1162	957
1163	957
1164	957
1165	957
1166	958
1167	958
1168	958
1169	959
1170	959
1171	960
1172	961

