0	0
1	0
2	0
3	0
4	0
5	0
6	0
7	0
8	0
9	0
10	0
11	0
12	0
13	0
14	0
15	0
16	0
17	0
18	0
19	0
20	0
21	0
22	0
23	0
24	0
25	0
26	0
27	0
28	0
29	0
30	0
31	0
32	0
33	0
34	0
35	0
36	0
37	0
38	0
39	0
40	0
41	0
42	0
43	0
44	0
45	0
46	0
47	0
48	0
49	0
50	0
51	0
52	0
53	0
54	0
55	0
56	0
57	0
58	0
59	0
60	0
61	0
62	0
63	0
64	0
65	0
66	0
67	0
68	0
69	0
70	0
71	0
72	0
73	0
74	1
75	1
76	1
77	1
78	1
79	1
80	1
81	1
82	1
83	1
84	1
85	1
86	2
87	2
88	2
89	2
90	2
91	3
92	3
93	3
94	3
95	3
96	3
97	3
98	3
99	3
100	4
101	6
102	6
103	6
104	7
105	8
106	8
107	10
108	10
109	10
110	10
111	11
112	12
113	13
114	13
115	14
116	15
117	15
118	18
119	18
120	19
121	20
122	20
123	20
124	22
125	22
126	22
127	23
128	24
129	24
130	24
131	26
132	29
133	31
134	32
135	33
136	34
137	34
138	35
139	37
140	37
141	38
142	40
143	41
144	42
145	45
146	46
147	46
148	47
149	47
150	48
151	50
152	52
153	55
154	57
155	57
156	61
157	62
158	64
159	66
160	69
161	70
162	72
163	75
164	77
165	79
166	79
167	80
168	87
169	87
170	88
171	92
172	94
173	96
174	98
175	102
176	102
177	103
178	105
179	107
180	108
181	110
182	111
183	112
184	114
185	116
186	117
187	119
188	121
189	123
190	126
191	130
192	132
193	134
194	136
195	138
196	140
197	143
198	145
199	148
200	149
201	149
202	152
203	152
204	154
205	154
206	154
207	156
208	157
209	159
210	162
211	166
212	168
213	169
214	172
215	173
216	174
217	177
218	178
219	180
220	182
221	183
222	184
223	185
224	186
225	187
226	188
227	191
228	192
229	193
230	194
231	195
232	195
233	198
234	200
235	202
236	206
237	206
238	210
239	212
240	213
241	215
242	216
243	219
244	221
245	223
246	224
247	227
248	229
249	229
250	232
251	236
252	238
253	240
254	242
255	244
256	245
257	246
258	248
259	251
260	255
261	257
262	258
263	261
264	262
265	262
266	262
267	263
268	265
269	269
270	270
271	271
272	273
273	274
274	275
275	278
276	279
277	283
278	284
279	286
280	288
281	293
282	294
283	296
284	296
285	296
286	297
287	297
288	299
289	300
290	301
291	302
292	303
293	306
294	307
295	309
296	310
297	311
298	316
299	318
300	319
301	320
302	321
303	322
304	325
305	325
306	325
307	329
308	331
309	332
310	333
311	334
312	335
313	336
314	337
315	337
316	338
317	340
318	341
319	346
320	348
321	350
322	350
323	353
324	355
325	358
326	360
327	365
328	367
329	367
330	367
331	368
332	368
333	369
334	370
335	370
336	374
337	376
338	377
339	379
340	379
341	379
342	381
343	381
344	383
345	384
346	384
347	386
348	386
349	389
350	392
351	395
352	396
353	397
354	397
355	399
356	402
357	403
358	403
359	403
360	404
361	407
362	408
363	410
364	411
365	411
366	412
367	415
368	418
369	419
370	419
371	420
372	420
373	421
374	421
375	421
376	422
377	427
378	428
379	431
380	432
381	433
382	435
383	437
384	442
385	444
386	445
387	446
388	448
389	450
390	453
391	453
392	456
393	457
394	457
395	457
396	458
397	458
398	460
399	461
400	461
401	464
402	465
403	466
404	467
405	468
406	469
407	471
408	471
409	471
410	472
411	473
412	473
413	476
414	477
415	479
416	480
417	480
418	480
419	480
420	482
421	482
422	483
423	483
424	483
425	484
426	486
427	487
428	488
429	490
430	490
431	490
432	491
433	491
434	491
435	493
436	493
437	495
438	497
439	497
440	497
441	497
442	497
443	497
444	498
445	499
446	500
447	500
448	502
449	502
450	504
451	505
452	505
453	506
454	506
455	509
456	509
457	512
458	512
459	513
460	514
461	514
462	514
463	515
464	515
465	515
466	517
467	517
468	519
469	519
470	520
471	520
472	522
473	524
474	524
475	524
476	525
477	525
478	526
479	527
480	527
481	528
482	531
483	532
484	533
485	535
486	540
487	540
488	540
489	541
490	542
491	542
492	544
493	545
494	545
495	545
496	546
497	546
498	548
499	549
500	550
501	551
502	551
503	551
504	554
505	554
506	556
507	557
508	557
509	557
510	558
511	558
512	559
513	560
514	562
515	563
516	563
517	563
518	564
519	564
520	564
521	564
522	564
523	564
524	565
525	567
526	569
527	570
528	570
529	571
530	573
531	574
532	574
533	574
534	574
535	575
536	577
537	577
538	578
539	580
540	580
541	580
542	581
543	582
544	583
545	584
546	584
547	586
548	589
549	589
550	589
551	589
552	590
553	591
554	591
555	593
556	595
557	596
558	596
559	597
560	599
561	600
562	600
563	601
564	602
565	602
566	604
567	605
568	606
569	606
570	608
571	613
572	613
573	614
574	614
575	614
576	616
577	616
578	617
579	618
580	619
581	621
582	622
583	623
584	623
585	624
586	624
587	627
588	628
589	630
590	630
591	630
592	630
593	630
594	630
595	630
596	631
597	631
598	631
599	633
600	635
601	635
602	636
603	637
604	637
605	639
606	639
607	640
608	640
609	641
610	642
611	642
612	643
613	645
614	646
615	648
616	649
617	649
618	649
619	650
620	651
621	652
622	655
623	657
624	658
625	658
626	659
627	661
628	661
629	662
630	662
631	662
632	664
633	664
634	665
635	665
636	667
637	668
638	669
639	670
640	671
641	672
642	674
643	674
644	675
645	677
646	679
647	680
648	682
649	686
650	686
651	686
652	687
653	687
654	687
655	687
656	687
657	690
658	691
659	692
660	692
661	692
662	693
663	694
664	697
665	701
666	701
667	701
668	702
669	702
670	703
671	703
672	705
673	708
674	708
675	708
676	708
677	708
678	711
679	712
680	712
681	713
682	713
683	714
684	714
685	715
686	715
687	716
688	717
689	717
690	718
691	718
692	718
693	719
694	719
695	720
696	720
697	720
698	720
699	720
700	720
701	721
702	721
703	721
704	722
705	722
706	722
707	724
708	724
709	725
710	726
711	726
712	727
713	728
714	728
715	730
716	731
717	731
718	732
719	732
720	732
721	732
722	732
723	734
724	734
725	734
726	735
727	736
728	739
729	741
730	741
731	741
732	742
733	742
734	742
735	743
736	745
737	748
738	748
739	748
740	748
741	748
742	749
743	750
744	750
745	751
746	751
747	751
748	751
749	751
750	752
751	753
752	754
753	755
754	757
755	757
756	757
757	758
758	759
759	760
760	760
761	760
762	761
763	761
764	761
765	762
766	762
767	762
768	764
769	764
770	764
771	766
772	768
773	769
774	769
775	769
776	770
777	771
778	773
779	773
780	773
781	773
782	773
783	774
784	774
785	774
786	776
787	776
788	776
789	777
790	779
791	780
792	781
793	782
794	782
795	783
796	783
797	783
798	783
799	783
800	783
801	783
802	785
803	787
804	788
805	788
806	790
807	790
808	790
809	790
810	790
811	791
812	792
813	793
814	794
815	795
816	795
817	796
818	796
819	796
820	796
821	799
822	799
823	799
824	799
825	800
826	800
827	800
828	800
829	800
830	800
831	800
832	800
833	803
834	804
835	805
836	805
837	805
838	805
839	806
840	806
841	807
842	809
843	809
844	809
845	810
846	811
847	812
848	812
849	812
850	812
851	813
852	815
853	816
854	817
855	817
856	818
857	818
858	820
859	821
860	821
861	821
862	821
863	821
864	821
865	821
866	821
867	821
868	821
869	821
870	821
871	823
872	823
873	825
874	826
875	826
876	826
877	826
878	827
879	827
880	827
881	827
882	828
883	829
884	830
885	830
886	831
887	831
888	831
889	831
890	831
891	831
892	832
893	832
894	832
895	834
896	834
897	834
898	835
899	836
900	837
901	837
902	838
903	839
904	839
905	839
906	839
907	839
908	839
909	841
910	841
911	842
912	843
913	844
914	844
915	844
916	845
917	845
918	845
919	845
920	846
921	847
922	847
923	848
924	848
925	848
926	848
927	848
928	848
929	849
930	849
931	849
932	850
933	851
934	851
935	852
936	852
937	852
938	854
939	854
940	854
941	855
942	855
943	856
944	858
945	859
946	859
947	860
948	861
949	861
950	862
951	863
952	863
953	866
954	867
955	867
956	867
957	867
958	868
959	869
960	869
961	870
962	871
963	871
964	871
965	871
966	871
967	871
968	872
969	872
970	872
971	872
972	872
973	873
974	873
975	873
976	874
977	874
978	874
979	874
980	874
981	876
982	877
983	877
984	877
985	877
986	877
987	877
988	877
989	877
990	877
991	877
992	877
993	877
994	878
995	879
996	879
997	880
998	880
999	880
1000	881
1001	881
1002	881
1003	881
1004	882
1005	883
1006	883
1007	883
1008	883
1009	883
1010	884
1011	888
1012	889
1013	889
1014	890
1015	890
1016	891
1017	893
1018	893
1019	895
1020	896
1021	896
1022	898
1023	899
1024	899
1025	899
1026	899
1027	899
1028	899
1029	899
1030	899
1031	900
1032	900
1033	900
1034	902
1035	903
1036	903
1037	904
1038	904
1039	906
1040	906
1041	906
1042	907
1043	907
1044	907
1045	907
1046	907
1047	907
1048	907
1049	907
1050	907
1051	907
1052	909
1053	910
1054	911
1055	912
1056	912
1057	913
1058	915
1059	915
1060	915
1061	915
1062	915
1063	915
1064	915
1065	915
1066	916
1067	916
1068	916
1069	917
1070	919
1071	919
1072	919
1073	920
1074	920
1075	920
1076	921
1077	921
1078	921
1079	922
1080	922
1081	923
1082	924
1083	925
1084	925
1085	926
1086	926
1087	927
1088	927
1089	927
1090	927
1091	927
1092	927
1093	927
1094	927
1095	927
1096	928
1097	928
1098	928
1099	928
1100	929
1101	930
1102	930
1103	933
1104	934
1105	934
1106	934
1107	934
1108	935
1109	935
1110	935
1111	935
1112	936
1113	937
1114	937
1115	937
1116	938
1117	939
1118	939
1119	939
1120	939
1121	939
1122	939
1123	941
1124	941
1125	942
1126	942
1127	943
1128	943
1129	945
1130	945
1131	946
1132	947
1133	947
1134	947
1135	948
1136	948
1137	948
1138	949
1139	950
1140	950
1141	950
1142	951
1143	951
1144	953
1145	953
1146	954
1147	955
1148	955
1149	955
1150	955
1151	955
1152	955
1153	955
1154	956
1155	957
1156	957
1157	958
1158	959
1159	960
1160	960
1161	961

