0	0
1	0
2	0
3	0
4	0
5	0
6	0
7	0
8	0
9	0
10	0
11	0
12	0
13	0
14	0
15	0
16	0
17	0
18	0
19	0
20	0
21	0
22	0
23	0
24	0
25	0
26	0
27	0
28	0
29	0
30	0
31	0
32	0
33	0
34	0
35	0
36	0
37	0
38	0
39	0
40	0
41	0
42	0
43	0
44	0
45	0
46	0
47	0
48	0
49	0
50	0
51	0
52	0
53	0
54	0
55	0
56	0
57	0
58	0
59	0
60	0
61	0
62	0
63	0
64	0
65	0
66	0
67	0
68	0
69	0
70	0
71	0
72	0
73	0
74	0
75	0
76	0
77	0
78	0
79	0
80	1
81	1
82	1
83	1
84	1
85	1
86	1
87	1
88	1
89	2
90	2
91	2
92	2
93	2
94	2
95	2
96	2
97	2
98	3
99	3
100	4
101	4
102	4
103	4
104	5
105	6
106	8
107	8
108	8
109	8
110	9
111	10
112	13
113	13
114	13
115	14
116	14
117	14
118	15
119	16
120	17
121	17
122	19
123	21
124	23
125	25
126	25
127	28
128	30
129	30
130	32
131	33
132	34
133	35
134	36
135	37
136	39
137	39
138	42
139	43
140	43
141	45
142	46
143	46
144	48
145	51
146	51
147	52
148	52
149	54
150	56
151	58
152	59
153	61
154	62
155	63
156	64
157	65
158	69
159	72
160	76
161	79
162	82
163	85
164	86
165	88
166	89
167	91
168	94
169	102
170	102
171	102
172	107
173	110
174	112
175	117
176	119
177	124
178	125
179	126
180	126
181	131
182	134
183	136
184	139
185	142
186	143
187	144
188	150
189	155
190	160
191	161
192	161
193	164
194	167
195	170
196	171
197	172
198	175
199	178
200	184
201	185
202	189
203	194
204	199
205	200
206	203
207	205
208	208
209	209
210	211
211	213
212	216
213	217
214	223
215	226
216	233
217	234
218	239
219	241
220	243
221	247
222	250
223	251
224	255
225	256
226	258
227	260
228	263
229	263
230	265
231	268
232	271
233	272
234	274
235	275
236	278
237	283
238	287
239	293
240	295
241	297
242	299
243	302
244	305
245	307
246	308
247	308
248	311
249	317
250	317
251	320
252	323
253	328
254	329
255	334
256	339
257	341
258	342
259	346
260	352
261	357
262	363
263	368
264	372
265	372
266	373
267	374
268	377
269	381
270	381
271	382
272	383
273	386
274	389
275	392
276	393
277	395
278	395
279	397
280	397
281	400
282	401
283	403
284	403
285	406
286	407
287	409
288	411
289	412
290	416
291	419
292	422
293	424
294	426
295	427
296	431
297	433
298	436
299	436
300	439
301	439
302	442
303	442
304	447
305	449
306	451
307	454
308	458
309	459
310	460
311	462
312	463
313	464
314	466
315	469
316	471
317	475
318	476
319	476
320	479
321	481
322	482
323	485
324	490
325	492
326	495
327	497
328	499
329	502
330	504
331	507
332	511
333	514
334	515
335	515
336	516
337	517
338	518
339	518
340	520
341	521
342	523
343	527
344	530
345	530
346	531
347	533
348	537
349	541
350	542
351	542
352	544
353	544
354	547
355	549
356	552
357	552
358	553
359	553
360	554
361	555
362	558
363	561
364	561
365	564
366	565
367	567
368	568
369	571
370	574
371	575
372	577
373	578
374	580
375	582
376	582
377	583
378	587
379	588
380	588
381	589
382	590
383	592
384	593
385	594
386	594
387	598
388	598
389	600
390	600
391	600
392	600
393	601
394	604
395	605
396	606
397	609
398	611
399	614
400	617
401	618
402	619
403	620
404	621
405	621
406	621
407	621
408	623
409	624
410	624
411	625
412	627
413	628
414	629
415	630
416	630
417	631
418	632
419	633
420	633
421	634
422	634
423	635
424	636
425	636
426	637
427	637
428	637
429	637
430	638
431	639
432	639
433	641
434	642
435	643
436	645
437	646
438	647
439	647
440	647
441	648
442	650
443	652
444	653
445	653
446	656
447	657
448	657
449	657
450	657
451	657
452	660
453	661
454	661
455	661
456	662
457	663
458	663
459	663
460	664
461	664
462	668
463	668
464	668
465	669
466	671
467	672
468	672
469	672
470	673
471	674
472	674
473	677
474	677
475	678
476	678
477	680
478	682
479	683
480	683
481	684
482	686
483	687
484	688
485	689
486	690
487	691
488	694
489	694
490	697
491	698
492	699
493	701
494	703
495	703
496	703
497	704
498	704
499	704
500	705
501	705
502	705
503	705
504	706
505	706
506	707
507	707
508	707
509	707
510	707
511	711
512	714
513	714
514	714
515	714
516	716
517	717
518	717
519	719
520	720
521	720
522	721
523	721
524	722
525	723
526	727
527	728
528	730
529	731
530	733
531	733
532	734
533	737
534	737
535	738
536	741
537	742
538	744
539	744
540	746
541	746
542	746
543	746
544	746
545	747
546	747
547	748
548	749
549	751
550	753
551	753
552	754
553	754
554	755
555	755
556	757
557	758
558	758
559	758
560	759
561	760
562	760
563	760
564	760
565	762
566	764
567	767
568	768
569	768
570	770
571	771
572	771
573	772
574	772
575	772
576	772
577	773
578	775
579	777
580	778
581	779
582	779
583	779
584	781
585	783
586	783
587	784
588	784
589	785
590	785
591	787
592	787
593	787
594	787
595	788
596	788
597	791
598	791
599	791
600	791
601	791
602	793
603	795
604	795
605	796
606	798
607	798
608	798
609	799
610	800
611	801
612	801
613	801
614	802
615	802
616	803
617	805
618	805
619	805
620	805
621	805
622	805
623	805
624	806
625	806
626	806
627	806
628	806
629	806
630	808
631	809
632	809
633	810
634	811
635	812
636	812
637	812
638	812
639	812
640	813
641	813
642	813
643	814
644	814
645	815
646	817
647	817
648	818
649	818
650	818
651	818
652	818
653	818
654	818
655	818
656	821
657	821
658	821
659	821
660	821
661	821
662	821
663	821
664	821
665	822
666	822
667	822
668	824
669	824
670	826
671	826
672	826
673	828
674	828
675	829
676	830
677	830
678	830
679	831
680	833
681	833
682	833
683	833
684	833
685	833
686	834
687	836
688	838
689	838
690	838
691	839
692	840
693	841
694	842
695	842
696	842
697	842
698	842
699	844
700	844
701	846
702	846
703	848
704	848
705	850
706	850
707	850
708	850
709	850
710	851
711	852
712	855
713	856
714	856
715	856
716	856
717	856
718	856
719	858
720	858
721	858
722	858
723	858
724	858
725	858
726	858
727	859
728	859
729	859
730	860
731	861
732	861
733	862
734	862
735	863
736	863
737	864
738	864
739	864
740	864
741	864
742	864
743	864
744	865
745	866
746	866
747	866
748	866
749	866
750	867
751	869
752	869
753	869
754	870
755	870
756	870
757	870
758	870
759	870
760	872
761	872
762	872
763	872
764	873
765	874
766	875
767	875
768	875
769	875
770	877
771	878
772	878
773	879
774	879
775	879
776	880
777	880
778	880
779	880
780	880
781	880
782	880
783	880
784	881
785	882
786	882
787	882
788	883
789	884
790	884
791	884
792	884
793	884
794	884
795	884
796	886
797	886
798	887
799	888
800	888
801	889
802	889
803	890
804	890
805	891
806	893
807	894
808	894
809	894
810	894
811	894
812	894
813	894
814	894
815	895
816	895
817	896
818	898
819	898
820	899
821	899
822	899
823	899
824	899
825	899
826	899
827	899
828	899
829	899
830	899
831	900
832	901
833	904
834	904
835	904
836	904
837	904
838	905
839	905
840	905
841	905
842	906
843	906
844	906
845	907
846	908
847	908
848	908
849	908
850	909
851	910
852	910
853	910
854	910
855	910
856	910
857	910
858	910
859	910
860	912
861	912
862	912
863	912
864	913
865	913
866	913
867	915
868	915
869	915
870	915
871	915
872	915
873	915
874	915
875	916
876	916
877	916
878	917
879	917
880	917
881	917
882	917
883	917
884	918
885	918
886	919
887	920
888	921
889	921
890	921
891	921
892	921
893	921
894	922
895	922
896	922
897	923
898	925
899	925
900	926
901	926
902	926
903	926
904	926
905	927
906	927
907	928
908	928
909	929
910	929
911	929
912	929
913	929
914	930
915	930
916	931
917	931
918	931
919	931
920	932
921	932
922	932
923	932
924	932
925	932
926	933
927	933
928	933
929	935
930	935
931	935
932	935
933	935
934	935
935	935
936	935
937	935
938	935
939	935
940	935
941	935
942	935
943	935
944	935
945	935
946	935
947	935
948	937
949	937
950	938
951	938
952	938
953	938
954	939
955	939
956	939
957	939
958	939
959	940
960	940
961	940
962	940
963	940
964	940
965	940
966	940
967	940
968	940
969	941
970	942
971	943
972	943
973	944
974	944
975	945
976	946
977	946
978	946
979	946
980	946
981	946
982	947
983	947
984	947
985	947
986	947
987	947
988	947
989	947
990	947
991	948
992	948
993	948
994	948
995	948
996	948
997	948
998	948
999	948
1000	948
1001	948
1002	948
1003	948
1004	948
1005	948
1006	948
1007	949
1008	949
1009	949
1010	949
1011	950
1012	951
1013	951
1014	952
1015	952
1016	952
1017	952
1018	952
1019	952
1020	953
1021	953
1022	953
1023	954
1024	954
1025	955
1026	956
1027	956
1028	956
1029	956
1030	957
1031	957
1032	957
1033	957
1034	957
1035	957
1036	957
1037	957
1038	958
1039	959
1040	960
1041	960
1042	961

