0	0
1	0
2	0
3	0
4	0
5	0
6	0
7	0
8	0
9	0
10	0
11	0
12	0
13	0
14	0
15	0
16	0
17	0
18	0
19	0
20	0
21	0
22	0
23	0
24	0
25	0
26	0
27	0
28	0
29	0
30	0
31	0
32	0
33	0
34	0
35	0
36	0
37	0
38	0
39	0
40	0
41	0
42	0
43	0
44	0
45	0
46	0
47	0
48	0
49	0
50	0
51	0
52	0
53	0
54	0
55	0
56	0
57	0
58	0
59	0
60	0
61	0
62	0
63	0
64	0
65	0
66	0
67	0
68	0
69	0
70	0
71	0
72	0
73	0
74	0
75	1
76	1
77	1
78	1
79	1
80	1
81	1
82	1
83	1
84	1
85	1
86	1
87	1
88	1
89	1
90	1
91	1
92	1
93	1
94	1
95	1
96	1
97	1
98	1
99	1
100	1
101	1
102	1
103	1
104	1
105	1
106	6
107	8
108	9
109	9
110	9
111	10
112	10
113	10
114	10
115	10
116	11
117	11
118	11
119	12
120	15
121	16
122	17
123	19
124	19
125	21
126	21
127	21
128	21
129	23
130	28
131	31
132	32
133	33
134	34
135	39
136	39
137	44
138	46
139	49
140	51
141	52
142	55
143	58
144	60
145	61
146	61
147	63
148	63
149	64
150	68
151	71
152	73
153	78
154	79
155	80
156	83
157	85
158	86
159	88
160	91
161	92
162	93
163	95
164	100
165	102
166	105
167	108
168	112
169	113
170	113
171	114
172	118
173	120
174	121
175	124
176	129
177	132
178	135
179	136
180	141
181	144
182	145
183	146
184	146
185	148
186	149
187	155
188	158
189	161
190	166
191	168
192	169
193	173
194	176
195	181
196	183
197	185
198	186
199	188
200	192
201	193
202	200
203	205
204	207
205	208
206	210
207	215
208	219
209	224
210	227
211	230
212	233
213	236
214	238
215	242
216	246
217	247
218	252
219	255
220	258
221	261
222	264
223	267
224	268
225	269
226	273
227	274
228	278
229	279
230	281
231	282
232	284
233	287
234	288
235	291
236	294
237	295
238	296
239	297
240	303
241	309
242	310
243	313
244	319
245	321
246	325
247	328
248	330
249	332
250	334
251	336
252	338
253	340
254	345
255	347
256	350
257	355
258	357
259	359
260	360
261	361
262	361
263	365
264	365
265	366
266	367
267	369
268	371
269	374
270	377
271	382
272	383
273	383
274	383
275	385
276	387
277	392
278	392
279	396
280	398
281	401
282	406
283	408
284	408
285	410
286	410
287	414
288	417
289	419
290	421
291	427
292	431
293	432
294	433
295	433
296	438
297	441
298	445
299	449
300	453
301	455
302	457
303	459
304	463
305	463
306	465
307	468
308	470
309	472
310	475
311	476
312	476
313	478
314	480
315	482
316	486
317	487
318	488
319	489
320	492
321	494
322	496
323	497
324	498
325	499
326	503
327	510
328	510
329	512
330	512
331	512
332	513
333	515
334	517
335	519
336	521
337	525
338	527
339	528
340	529
341	532
342	533
343	533
344	534
345	539
346	540
347	541
348	543
349	545
350	548
351	549
352	550
353	552
354	554
355	554
356	554
357	556
358	557
359	558
360	558
361	558
362	560
363	560
364	560
365	561
366	563
367	569
368	570
369	570
370	570
371	572
372	573
373	574
374	575
375	576
376	576
377	577
378	577
379	580
380	581
381	583
382	584
383	586
384	587
385	590
386	590
387	591
388	591
389	592
390	596
391	598
392	601
393	602
394	602
395	602
396	603
397	607
398	610
399	612
400	613
401	614
402	616
403	616
404	617
405	619
406	619
407	621
408	622
409	622
410	623
411	626
412	627
413	627
414	629
415	632
416	634
417	634
418	635
419	635
420	636
421	636
422	637
423	639
424	640
425	641
426	644
427	646
428	646
429	646
430	649
431	651
432	652
433	653
434	654
435	654
436	655
437	655
438	656
439	657
440	658
441	660
442	661
443	662
444	662
445	663
446	665
447	667
448	668
449	669
450	670
451	671
452	673
453	674
454	676
455	677
456	677
457	681
458	682
459	682
460	683
461	683
462	683
463	683
464	684
465	685
466	686
467	686
468	686
469	686
470	686
471	688
472	689
473	689
474	691
475	692
476	693
477	694
478	695
479	698
480	699
481	699
482	699
483	699
484	699
485	700
486	700
487	700
488	703
489	703
490	707
491	707
492	707
493	707
494	708
495	709
496	710
497	710
498	711
499	712
500	713
501	713
502	714
503	715
504	715
505	717
506	721
507	723
508	723
509	723
510	723
511	723
512	723
513	724
514	726
515	726
516	727
517	728
518	728
519	730
520	732
521	735
522	736
523	738
524	739
525	740
526	741
527	742
528	743
529	745
530	747
531	748
532	748
533	750
534	750
535	750
536	750
537	751
538	752
539	754
540	754
541	754
542	756
543	756
544	756
545	757
546	757
547	757
548	757
549	758
550	758
551	760
552	760
553	761
554	761
555	761
556	761
557	761
558	762
559	763
560	763
561	764
562	764
563	764
564	765
565	766
566	766
567	766
568	768
569	769
570	770
571	771
572	772
573	772
574	773
575	773
576	774
577	775
578	775
579	777
580	777
581	777
582	779
583	780
584	780
585	781
586	781
587	782
588	782
589	782
590	784
591	784
592	784
593	784
594	784
595	784
596	784
597	784
598	784
599	784
600	787
601	789
602	790
603	791
604	791
605	791
606	791
607	791
608	792
609	793
610	793
611	793
612	793
613	793
614	793
615	793
616	793
617	794
618	794
619	796
620	798
621	798
622	798
623	799
624	800
625	802
626	802
627	803
628	804
629	805
630	807
631	807
632	807
633	809
634	810
635	811
636	811
637	812
638	812
639	812
640	813
641	813
642	813
643	813
644	814
645	815
646	815
647	815
648	816
649	816
650	816
651	817
652	817
653	818
654	818
655	818
656	819
657	821
658	822
659	823
660	825
661	826
662	826
663	827
664	827
665	828
666	829
667	830
668	830
669	832
670	832
671	832
672	833
673	834
674	834
675	834
676	834
677	836
678	836
679	836
680	836
681	836
682	836
683	838
684	838
685	839
686	839
687	840
688	841
689	841
690	841
691	842
692	842
693	843
694	843
695	844
696	845
697	845
698	845
699	846
700	847
701	847
702	847
703	848
704	848
705	848
706	848
707	848
708	850
709	850
710	850
711	850
712	850
713	851
714	851
715	851
716	853
717	854
718	854
719	855
720	857
721	857
722	857
723	857
724	857
725	858
726	858
727	859
728	859
729	859
730	859
731	859
732	859
733	859
734	859
735	860
736	860
737	861
738	861
739	862
740	863
741	865
742	865
743	866
744	866
745	866
746	866
747	866
748	867
749	867
750	867
751	868
752	868
753	870
754	870
755	870
756	870
757	870
758	870
759	871
760	872
761	872
762	872
763	872
764	872
765	872
766	872
767	872
768	873
769	873
770	873
771	873
772	874
773	874
774	875
775	875
776	875
777	875
778	875
779	875
780	875
781	876
782	877
783	879
784	880
785	880
786	882
787	884
788	885
789	885
790	885
791	887
792	887
793	887
794	887
795	888
796	889
797	890
798	890
799	890
800	890
801	890
802	890
803	890
804	891
805	891
806	892
807	893
808	893
809	894
810	894
811	894
812	894
813	895
814	895
815	895
816	896
817	896
818	897
819	898
820	898
821	898
822	898
823	898
824	898
825	900
826	900
827	901
828	901
829	902
830	902
831	902
832	903
833	903
834	903
835	903
836	903
837	904
838	904
839	904
840	904
841	904
842	905
843	905
844	905
845	906
846	907
847	908
848	909
849	909
850	911
851	911
852	911
853	911
854	911
855	911
856	911
857	913
858	913
859	914
860	914
861	914
862	914
863	914
864	914
865	914
866	914
867	914
868	914
869	914
870	915
871	916
872	916
873	916
874	916
875	916
876	918
877	918
878	918
879	921
880	921
881	922
882	922
883	922
884	922
885	922
886	922
887	923
888	923
889	923
890	925
891	926
892	926
893	926
894	926
895	927
896	928
897	928
898	928
899	929
900	930
901	931
902	931
903	932
904	933
905	933
906	934
907	934
908	935
909	935
910	936
911	936
912	936
913	936
914	936
915	937
916	937
917	938
918	938
919	938
920	938
921	938
922	938
923	938
924	939
925	939
926	939
927	939
928	939
929	939
930	939
931	940
932	940
933	942
934	942
935	943
936	943
937	943
938	943
939	944
940	944
941	944
942	944
943	944
944	945
945	946
946	946
947	946
948	946
949	946
950	946
951	946
952	946
953	946
954	946
955	946
956	946
957	946
958	946
959	946
960	946
961	946
962	946
963	946
964	946
965	946
966	947
967	947
968	947
969	948
970	949
971	950
972	950
973	950
974	950
975	950
976	950
977	952
978	953
979	953
980	953
981	953
982	954
983	955
984	955
985	955
986	955
987	956
988	956
989	956
990	956
991	957
992	957
993	957
994	957
995	958
996	958
997	958
998	958
999	958
1000	958
1001	959
1002	960
1003	960
1004	960
1005	961

