0	0
1	0
2	0
3	0
4	0
5	0
6	0
7	0
8	0
9	0
10	0
11	0
12	0
13	0
14	0
15	0
16	0
17	0
18	0
19	0
20	0
21	0
22	0
23	0
24	0
25	0
26	0
27	0
28	0
29	0
30	0
31	0
32	0
33	0
34	0
35	0
36	0
37	0
38	0
39	0
40	0
41	0
42	0
43	0
44	0
45	0
46	0
47	0
48	0
49	0
50	0
51	0
52	0
53	0
54	0
55	0
56	0
57	0
58	0
59	0
60	0
61	0
62	0
63	0
64	0
65	0
66	0
67	0
68	0
69	0
70	0
71	0
72	0
73	0
74	0
75	0
76	0
77	0
78	0
79	0
80	0
81	0
82	0
83	0
84	0
85	1
86	1
87	1
88	1
89	1
90	1
91	1
92	1
93	1
94	2
95	2
96	3
97	3
98	4
99	4
100	5
101	6
102	7
103	8
104	9
105	9
106	12
107	13
108	13
109	13
110	13
111	13
112	14
113	14
114	14
115	16
116	16
117	16
118	19
119	20
120	21
121	21
122	21
123	23
124	25
125	26
126	27
127	29
128	29
129	30
130	31
131	32
132	33
133	34
134	39
135	40
136	45
137	47
138	50
139	53
140	54
141	55
142	56
143	58
144	59
145	60
146	63
147	66
148	68
149	71
150	74
151	75
152	77
153	79
154	81
155	83
156	87
157	91
158	91
159	94
160	95
161	97
162	100
163	103
164	105
165	105
166	107
167	109
168	112
169	117
170	117
171	120
172	120
173	124
174	126
175	128
176	130
177	130
178	136
179	140
180	144
181	148
182	153
183	157
184	157
185	162
186	165
187	167
188	168
189	171
190	175
191	181
192	187
193	189
194	190
195	192
196	194
197	197
198	200
199	204
200	207
201	208
202	211
203	214
204	218
205	224
206	227
207	230
208	232
209	235
210	241
211	244
212	245
213	250
214	255
215	259
216	259
217	260
218	261
219	266
220	268
221	270
222	272
223	277
224	280
225	283
226	291
227	292
228	295
229	298
230	299
231	300
232	303
233	306
234	308
235	312
236	313
237	316
238	320
239	321
240	322
241	323
242	328
243	330
244	333
245	336
246	338
247	339
248	340
249	344
250	351
251	353
252	355
253	356
254	358
255	361
256	365
257	369
258	369
259	371
260	371
261	373
262	376
263	376
264	382
265	384
266	385
267	386
268	388
269	391
270	393
271	395
272	401
273	405
274	405
275	407
276	411
277	413
278	414
279	415
280	415
281	416
282	416
283	419
284	421
285	423
286	427
287	429
288	429
289	431
290	433
291	437
292	439
293	442
294	443
295	443
296	443
297	446
298	446
299	447
300	449
301	450
302	454
303	457
304	458
305	460
306	464
307	465
308	465
309	471
310	473
311	476
312	477
313	479
314	479
315	481
316	483
317	484
318	486
319	486
320	486
321	487
322	488
323	490
324	493
325	494
326	494
327	495
328	496
329	497
330	498
331	499
332	501
333	501
334	504
335	506
336	506
337	508
338	510
339	512
340	514
341	514
342	518
343	520
344	522
345	523
346	523
347	526
348	527
349	530
350	535
351	536
352	539
353	540
354	542
355	542
356	544
357	544
358	544
359	544
360	547
361	550
362	552
363	553
364	555
365	556
366	558
367	561
368	563
369	563
370	564
371	566
372	568
373	568
374	569
375	569
376	571
377	574
378	575
379	576
380	578
381	578
382	580
383	581
384	581
385	583
386	584
387	585
388	585
389	587
390	588
391	590
392	592
393	593
394	594
395	595
396	598
397	598
398	599
399	600
400	602
401	603
402	604
403	605
404	607
405	608
406	610
407	611
408	614
409	615
410	615
411	615
412	615
413	615
414	615
415	618
416	622
417	623
418	623
419	624
420	624
421	624
422	624
423	624
424	625
425	627
426	627
427	627
428	628
429	631
430	633
431	633
432	635
433	636
434	637
435	639
436	640
437	642
438	644
439	644
440	645
441	647
442	648
443	648
444	650
445	650
446	650
447	654
448	654
449	655
450	655
451	657
452	657
453	660
454	661
455	661
456	665
457	665
458	665
459	666
460	667
461	669
462	670
463	671
464	672
465	673
466	675
467	675
468	676
469	677
470	677
471	678
472	678
473	679
474	679
475	679
476	681
477	684
478	685
479	685
480	685
481	686
482	687
483	687
484	690
485	691
486	692
487	693
488	694
489	694
490	695
491	698
492	699
493	699
494	699
495	700
496	700
497	700
498	701
499	701
500	703
501	705
502	705
503	706
504	709
505	710
506	711
507	711
508	712
509	713
510	713
511	713
512	715
513	716
514	716
515	717
516	717
517	718
518	719
519	719
520	719
521	721
522	723
523	723
524	724
525	724
526	726
527	726
528	728
529	729
530	729
531	729
532	730
533	731
534	734
535	735
536	735
537	736
538	736
539	737
540	739
541	740
542	740
543	744
544	746
545	746
546	747
547	747
548	748
549	749
550	750
551	750
552	753
553	753
554	755
555	755
556	755
557	756
558	756
559	756
560	756
561	757
562	757
563	757
564	757
565	758
566	758
567	758
568	758
569	758
570	760
571	761
572	764
573	765
574	765
575	765
576	765
577	766
578	767
579	768
580	770
581	772
582	772
583	773
584	773
585	775
586	775
587	777
588	778
589	779
590	780
591	780
592	781
593	781
594	781
595	782
596	782
597	783
598	783
599	784
600	785
601	787
602	787
603	787
604	787
605	787
606	787
607	789
608	789
609	790
610	791
611	793
612	793
613	793
614	794
615	794
616	794
617	796
618	798
619	799
620	800
621	801
622	803
623	805
624	806
625	806
626	806
627	807
628	808
629	812
630	812
631	812
632	812
633	812
634	812
635	812
636	813
637	814
638	814
639	814
640	814
641	816
642	817
643	818
644	818
645	820
646	820
647	820
648	820
649	820
650	821
651	821
652	821
653	821
654	822
655	822
656	823
657	823
658	823
659	824
660	825
661	826
662	826
663	827
664	829
665	829
666	829
667	830
668	830
669	830
670	830
671	831
672	831
673	831
674	831
675	831
676	832
677	832
678	833
679	833
680	833
681	834
682	834
683	834
684	834
685	834
686	834
687	837
688	837
689	838
690	838
691	838
692	839
693	840
694	840
695	841
696	842
697	843
698	843
699	845
700	846
701	846
702	846
703	846
704	848
705	848
706	850
707	851
708	851
709	851
710	852
711	853
712	853
713	853
714	853
715	853
716	854
717	854
718	857
719	857
720	857
721	858
722	858
723	858
724	858
725	858
726	859
727	859
728	862
729	862
730	862
731	863
732	865
733	866
734	866
735	866
736	867
737	867
738	868
739	869
740	869
741	871
742	872
743	872
744	872
745	873
746	875
747	875
748	876
749	876
750	877
751	877
752	877
753	877
754	878
755	878
756	878
757	878
758	878
759	878
760	878
761	878
762	879
763	879
764	882
765	883
766	883
767	883
768	883
769	884
770	885
771	886
772	887
773	887
774	887
775	887
776	887
777	887
778	887
779	888
780	889
781	890
782	890
783	890
784	890
785	890
786	890
787	890
788	890
789	890
790	890
791	891
792	891
793	891
794	891
795	892
796	893
797	893
798	893
799	894
800	894
801	894
802	894
803	894
804	894
805	894
806	894
807	895
808	896
809	898
810	898
811	898
812	900
813	900
814	901
815	901
816	901
817	903
818	903
819	903
820	903
821	903
822	903
823	903
824	903
825	904
826	905
827	905
828	907
829	907
830	908
831	908
832	909
833	909
834	910
835	910
836	910
837	910
838	910
839	910
840	910
841	911
842	911
843	911
844	911
845	912
846	912
847	912
848	912
849	913
850	913
851	913
852	913
853	913
854	914
855	914
856	914
857	914
858	914
859	914
860	914
861	914
862	914
863	914
864	914
865	914
866	914
867	915
868	915
869	917
870	917
871	917
872	917
873	917
874	917
875	917
876	918
877	919
878	919
879	919
880	919
881	919
882	919
883	919
884	920
885	920
886	921
887	921
888	922
889	923
890	923
891	923
892	923
893	924
894	926
895	926
896	927
897	928
898	928
899	929
900	929
901	932
902	932
903	934
904	934
905	935
906	936
907	937
908	937
909	937
910	939
911	940
912	940
913	940
914	940
915	940
916	940
917	940
918	941
919	941
920	941
921	942
922	943
923	943
924	943
925	943
926	944
927	944
928	944
929	944
930	944
931	944
932	944
933	944
934	944
935	944
936	944
937	944
938	944
939	944
940	944
941	944
942	945
943	946
944	946
945	947
946	947
947	947
948	948
949	948
950	948
951	948
952	949
953	949
954	949
955	950
956	950
957	951
958	952
959	953
960	953
961	953
962	954
963	955
964	955
965	955
966	955
967	955
968	955
969	955
970	956
971	956
972	956
973	956
974	956
975	956
976	956
977	957
978	957
979	957
980	957
981	957
982	957
983	957
984	958
985	959
986	959
987	959
988	959
989	959
990	959
991	959
992	959
993	959
994	959
995	959
996	959
997	959
998	959
999	960
1000	960
1001	960
1002	960
1003	961

