0	0
1	0
2	0
3	0
4	0
5	0
6	0
7	0
8	0
9	0
10	0
11	0
12	0
13	0
14	0
15	0
16	0
17	0
18	0
19	0
20	0
21	0
22	0
23	0
24	0
25	0
26	0
27	0
28	0
29	0
30	0
31	0
32	0
33	0
34	0
35	0
36	0
37	0
38	0
39	0
40	0
41	0
42	0
43	0
44	0
45	0
46	0
47	0
48	0
49	0
50	0
51	0
52	0
53	0
54	0
55	0
56	0
57	0
58	0
59	0
60	0
61	0
62	0
63	0
64	0
65	0
66	0
67	0
68	0
69	0
70	0
71	0
72	0
73	0
74	0
75	0
76	0
77	0
78	0
79	0
80	0
81	0
82	0
83	0
84	1
85	1
86	1
87	1
88	2
89	3
90	3
91	4
92	4
93	5
94	5
95	5
96	5
97	5
98	5
99	5
100	5
101	5
102	5
103	5
104	5
105	6
106	7
107	7
108	8
109	8
110	8
111	9
112	10
113	10
114	12
115	12
116	12
117	13
118	14
119	15
120	16
121	17
122	20
123	20
124	21
125	22
126	23
127	24
128	24
129	26
130	27
131	28
132	31
133	31
134	32
135	33
136	34
137	34
138	36
139	37
140	38
141	40
142	40
143	45
144	47
145	47
146	50
147	51
148	56
149	61
150	61
151	64
152	69
153	72
154	72
155	73
156	77
157	81
158	82
159	89
160	95
161	97
162	102
163	103
164	107
165	110
166	112
167	114
168	116
169	121
170	125
171	125
172	127
173	130
174	132
175	136
176	140
177	141
178	144
179	147
180	150
181	151
182	154
183	158
184	160
185	163
186	164
187	168
188	172
189	176
190	179
191	183
192	183
193	189
194	193
195	195
196	198
197	201
198	204
199	206
200	211
201	214
202	217
203	218
204	220
205	224
206	227
207	231
208	235
209	236
210	240
211	245
212	249
213	252
214	254
215	258
216	259
217	261
218	269
219	272
220	275
221	277
222	279
223	281
224	281
225	285
226	287
227	289
228	292
229	296
230	299
231	301
232	304
233	305
234	308
235	310
236	312
237	317
238	321
239	323
240	327
241	329
242	330
243	331
244	333
245	336
246	339
247	341
248	343
249	344
250	345
251	350
252	354
253	357
254	360
255	365
256	367
257	369
258	373
259	376
260	377
261	379
262	380
263	380
264	383
265	386
266	386
267	389
268	392
269	393
270	393
271	397
272	402
273	408
274	410
275	414
276	415
277	417
278	420
279	424
280	427
281	427
282	431
283	432
284	435
285	436
286	436
287	439
288	441
289	446
290	448
291	448
292	452
293	452
294	454
295	454
296	454
297	462
298	462
299	467
300	469
301	469
302	471
303	472
304	478
305	481
306	481
307	482
308	484
309	489
310	491
311	492
312	495
313	498
314	498
315	501
316	503
317	506
318	507
319	508
320	508
321	510
322	510
323	513
324	514
325	517
326	518
327	519
328	520
329	520
330	523
331	525
332	527
333	528
334	532
335	532
336	534
337	537
338	541
339	542
340	542
341	542
342	543
343	544
344	548
345	549
346	550
347	552
348	552
349	554
350	554
351	557
352	558
353	559
354	559
355	560
356	562
357	563
358	564
359	566
360	569
361	569
362	570
363	572
364	572
365	572
366	575
367	575
368	576
369	579
370	580
371	581
372	582
373	586
374	587
375	587
376	589
377	592
378	593
379	594
380	597
381	600
382	601
383	602
384	603
385	605
386	606
387	607
388	608
389	609
390	611
391	611
392	611
393	612
394	612
395	612
396	613
397	614
398	614
399	614
400	615
401	617
402	617
403	618
404	621
405	622
406	623
407	626
408	626
409	630
410	631
411	631
412	632
413	632
414	632
415	632
416	635
417	635
418	638
419	640
420	641
421	644
422	644
423	646
424	647
425	648
426	649
427	650
428	652
429	654
430	654
431	655
432	656
433	657
434	657
435	658
436	659
437	659
438	660
439	661
440	662
441	664
442	664
443	665
444	666
445	667
446	667
447	669
448	669
449	671
450	672
451	674
452	674
453	676
454	678
455	680
456	681
457	681
458	683
459	685
460	686
461	686
462	687
463	687
464	687
465	690
466	690
467	692
468	693
469	694
470	694
471	694
472	695
473	697
474	698
475	699
476	699
477	701
478	703
479	704
480	705
481	707
482	707
483	707
484	708
485	709
486	710
487	712
488	714
489	716
490	716
491	718
492	718
493	718
494	720
495	722
496	722
497	722
498	723
499	723
500	724
501	724
502	725
503	725
504	726
505	726
506	727
507	730
508	732
509	733
510	733
511	733
512	734
513	734
514	734
515	735
516	736
517	737
518	737
519	738
520	739
521	739
522	741
523	742
524	743
525	744
526	744
527	744
528	745
529	746
530	746
531	748
532	750
533	751
534	751
535	752
536	753
537	755
538	756
539	759
540	759
541	760
542	761
543	762
544	762
545	762
546	763
547	763
548	764
549	765
550	765
551	765
552	765
553	765
554	768
555	769
556	769
557	769
558	769
559	769
560	769
561	771
562	772
563	772
564	772
565	772
566	772
567	773
568	774
569	774
570	774
571	775
572	775
573	775
574	775
575	775
576	775
577	775
578	775
579	775
580	776
581	776
582	777
583	777
584	779
585	779
586	780
587	781
588	782
589	786
590	788
591	789
592	789
593	791
594	791
595	793
596	794
597	794
598	795
599	796
600	797
601	797
602	797
603	797
604	798
605	799
606	799
607	801
608	801
609	801
610	803
611	803
612	804
613	805
614	805
615	806
616	808
617	808
618	808
619	809
620	809
621	811
622	812
623	812
624	812
625	812
626	813
627	813
628	815
629	815
630	815
631	815
632	815
633	816
634	817
635	817
636	818
637	819
638	819
639	821
640	821
641	821
642	821
643	822
644	824
645	824
646	824
647	825
648	825
649	825
650	825
651	826
652	827
653	827
654	827
655	827
656	827
657	828
658	829
659	830
660	831
661	832
662	832
663	832
664	833
665	833
666	833
667	835
668	837
669	837
670	837
671	837
672	837
673	837
674	837
675	839
676	840
677	840
678	841
679	841
680	841
681	841
682	841
683	841
684	841
685	841
686	841
687	841
688	841
689	841
690	844
691	844
692	846
693	847
694	847
695	848
696	849
697	849
698	852
699	852
700	854
701	855
702	855
703	855
704	855
705	855
706	856
707	856
708	856
709	856
710	856
711	856
712	857
713	857
714	858
715	858
716	858
717	858
718	858
719	858
720	859
721	862
722	863
723	863
724	863
725	863
726	863
727	864
728	864
729	865
730	865
731	865
732	866
733	866
734	867
735	867
736	869
737	869
738	869
739	869
740	869
741	870
742	871
743	871
744	871
745	871
746	872
747	873
748	873
749	873
750	875
751	877
752	877
753	879
754	879
755	880
756	881
757	883
758	883
759	883
760	884
761	884
762	884
763	884
764	884
765	885
766	885
767	885
768	885
769	885
770	886
771	886
772	888
773	888
774	888
775	889
776	889
777	889
778	889
779	889
780	890
781	890
782	891
783	892
784	892
785	894
786	894
787	894
788	894
789	894
790	895
791	895
792	895
793	895
794	895
795	895
796	895
797	895
798	895
799	896
800	896
801	896
802	897
803	897
804	897
805	897
806	897
807	898
808	898
809	899
810	899
811	899
812	900
813	901
814	902
815	902
816	903
817	904
818	905
819	905
820	906
821	906
822	906
823	906
824	906
825	907
826	908
827	908
828	908
829	908
830	908
831	908
832	908
833	908
834	908
835	908
836	908
837	910
838	910
839	910
840	910
841	910
842	912
843	912
844	912
845	912
846	912
847	912
848	912
849	912
850	912
851	912
852	912
853	913
854	914
855	915
856	915
857	916
858	916
859	917
860	917
861	917
862	919
863	920
864	921
865	921
866	921
867	921
868	921
869	921
870	921
871	921
872	921
873	923
874	923
875	923
876	924
877	924
878	924
879	924
880	924
881	925
882	925
883	926
884	926
885	926
886	927
887	927
888	927
889	927
890	927
891	927
892	928
893	928
894	928
895	928
896	928
897	928
898	928
899	928
900	928
901	928
902	928
903	928
904	928
905	930
906	930
907	930
908	930
909	931
910	932
911	933
912	934
913	934
914	934
915	934
916	935
917	935
918	935
919	935
920	936
921	936
922	936
923	936
924	936
925	936
926	936
927	936
928	936
929	937
930	937
931	937
932	937
933	938
934	938
935	938
936	938
937	939
938	939
939	939
940	940
941	941
942	941
943	941
944	941
945	941
946	941
947	941
948	941
949	941
950	942
951	942
952	944
953	944
954	944
955	944
956	944
957	944
958	944
959	944
960	945
961	946
962	947
963	947
964	948
965	948
966	948
967	948
968	948
969	948
970	948
971	948
972	948
973	948
974	948
975	948
976	949
977	949
978	949
979	949
980	949
981	950
982	950
983	950
984	950
985	950
986	950
987	951
988	951
989	951
990	951
991	952
992	952
993	952
994	953
995	953
996	953
997	954
998	954
999	954
1000	954
1001	955
1002	955
1003	955
1004	955
1005	956
1006	956
1007	956
1008	957
1009	957
1010	957
1011	957
1012	957
1013	957
1014	957
1015	958
1016	958
1017	958
1018	958
1019	958
1020	958
1021	958
1022	959
1023	960
1024	960
1025	961

