0	0
1	0
2	0
3	0
4	0
5	0
6	0
7	0
8	0
9	0
10	0
11	0
12	0
13	0
14	0
15	0
16	0
17	0
18	0
19	0
20	0
21	0
22	0
23	0
24	0
25	0
26	0
27	0
28	0
29	0
30	0
31	0
32	0
33	0
34	0
35	0
36	0
37	0
38	0
39	0
40	0
41	0
42	0
43	0
44	0
45	0
46	0
47	0
48	0
49	0
50	0
51	0
52	0
53	0
54	0
55	0
56	0
57	0
58	0
59	0
60	0
61	0
62	0
63	0
64	0
65	0
66	0
67	0
68	0
69	0
70	0
71	0
72	0
73	0
74	0
75	0
76	0
77	0
78	0
79	0
80	0
81	0
82	0
83	0
84	0
85	0
86	0
87	0
88	0
89	0
90	0
91	0
92	0
93	0
94	0
95	0
96	0
97	0
98	0
99	0
100	0
101	0
102	0
103	0
104	0
105	0
106	0
107	0
108	0
109	0
110	0
111	0
112	0
113	0
114	0
115	0
116	0
117	0
118	0
119	0
120	0
121	0
122	0
123	0
124	0
125	0
126	0
127	0
128	0
129	0
130	0
131	0
132	0
133	0
134	0
135	0
136	0
137	0
138	0
139	0
140	0
141	0
142	0
143	0
144	0
145	0
146	0
147	0
148	0
149	0
150	0
151	0
152	0
153	0
154	0
155	0
156	0
157	0
158	0
159	0
160	0
161	0
162	0
163	0
164	0
165	0
166	0
167	0
168	0
169	0
170	0
171	0
172	0
173	0
174	0
175	0
176	0
177	0
178	0
179	0
180	0
181	0
182	0
183	0
184	0
185	0
186	0
187	0
188	0
189	0
190	0
191	0
192	0
193	0
194	0
195	0
196	0
197	0
198	0
199	0
200	0
201	0
202	0
203	0
204	0
205	0
206	0
207	0
208	0
209	0
210	0
211	0
212	0
213	0
214	0
215	0
216	0
217	0
218	0
219	0
220	0
221	0
222	0
223	0
224	0
225	0
226	0
227	0
228	0
229	0
230	0
231	0
232	0
233	0
234	0
235	0
236	0
237	0
238	0
239	0
240	0
241	0
242	0
243	0
244	0
245	0
246	0
247	0
248	0
249	0
250	0
251	0
252	0
253	0
254	0
255	0
256	0
257	0
258	0
259	0
260	0
261	0
262	0
263	0
264	0
265	0
266	0
267	0
268	0
269	0
270	0
271	0
272	0
273	0
274	0
275	0
276	0
277	0
278	0
279	0
280	0
281	0
282	0
283	0
284	0
285	0
286	0
287	0
288	0
289	0
290	0
291	0
292	0
293	0
294	0
295	0
296	0
297	0
298	0
299	0
300	0
301	0
302	0
303	0
304	0
305	0
306	0
307	0
308	0
309	0
310	0
311	0
312	0
313	0
314	0
315	0
316	0
317	0
318	0
319	0
320	0
321	0
322	0
323	0
324	0
325	0
326	0
327	0
328	0
329	0
330	0
331	0
332	0
333	0
334	0
335	0
336	0
337	0
338	0
339	0
340	0
341	0
342	0
343	0
344	0
345	0
346	0
347	0
348	0
349	0
350	0
351	0
352	0
353	0
354	0
355	0
356	0
357	0
358	0
359	0
360	0
361	0
362	0
363	0
364	0
365	0
366	0
367	0
368	0
369	0
370	0
371	0
372	0
373	0
374	0
375	0
376	0
377	0
378	0
379	0
380	0
381	0
382	0
383	0
384	0
385	0
386	0
387	0
388	0
389	0
390	0
391	0
392	0
393	0
394	0
395	0
396	0
397	0
398	0
399	0
400	0
401	0
402	0
403	0
404	0
405	0
406	0
407	0
408	0
409	0
410	0
411	0
412	0
413	0
414	0
415	0
416	0
417	0
418	0
419	0
420	0
421	0
422	0
423	0
424	0
425	0
426	0
427	0
428	0
429	0
430	0
431	0
432	0
433	0
434	0
435	0
436	0
437	0
438	0
439	0
440	0
441	0
442	0
443	0
444	0
445	0
446	0
447	0
448	0
449	0
450	0
451	0
452	0
453	0
454	0
455	0
456	0
457	0
458	0
459	0
460	0
461	0
462	0
463	0
464	0
465	0
466	0
467	0
468	0
469	0
470	0
471	0
472	0
473	0
474	0
475	0
476	0
477	0
478	0
479	0
480	0
481	0
482	0
483	0
484	0
485	0
486	0
487	0
488	0
489	0
490	0
491	0
492	0
493	0
494	0
495	0
496	0
497	0
498	0
499	0
500	0
501	0
502	0
503	0
504	0
505	0
506	0
507	0
508	0
509	0
510	0
511	0
512	0
513	0
514	0
515	0
516	0
517	0
518	0
519	0
520	0
521	0
522	0
523	0
524	0
525	0
526	0
527	0
528	0
529	0
530	0
531	0
532	0
533	0
534	0
535	0
536	0
537	0
538	0
539	0
540	0
541	0
542	0
543	0
544	0
545	0
546	0
547	0
548	0
549	0
550	0
551	0
552	0
553	0
554	0
555	0
556	0
557	0
558	0
559	0
560	0
561	0
562	0
563	0
564	0
565	0
566	0
567	0
568	0
569	0
570	0
571	0
572	0
573	0
574	0
575	0
576	0
577	0
578	0
579	0
580	0
581	0
582	0
583	0
584	0
585	0
586	0
587	0
588	0
589	0
590	0
591	0
592	0
593	0
594	0
595	0
596	0
597	0
598	0
599	0
600	0
601	0
602	0
603	0
604	0
605	0
606	0
607	0
608	0
609	0
610	0
611	0
612	0
613	0
614	0
615	0
616	0
617	0
618	0
619	0
620	0
621	0
622	0
623	0
624	0
625	0
626	0
627	0
628	0
629	0
630	0
631	0
632	0
633	0
634	0
635	0
636	0
637	0
638	0
639	0
640	0
641	0
642	0
643	0
644	0
645	0
646	0
647	0
648	0
649	0
650	0
651	0
652	0
653	0
654	0
655	0
656	0
657	0
658	0
659	0
660	0
661	0
662	0
663	0
664	0
665	0
666	0
667	0
668	0
669	0
670	0
671	0
672	0
673	0
674	0
675	0
676	0
677	0
678	0
679	0
680	0
681	0
682	0
683	0
684	0
685	0
686	0
687	0
688	0
689	0
690	0
691	0
692	0
693	0
694	0
695	0
696	0
697	0
698	0
699	0
700	0
701	0
702	0
703	0
704	0
705	0
706	0
707	0
708	0
709	0
710	0
711	0
712	0
713	0
714	0
715	0
716	0
717	0
718	0
719	0
720	0
721	0
722	0
723	0
724	0
725	0
726	0
727	0
728	0
729	0
730	0
731	0
732	0
733	0
734	0
735	0
736	0
737	0
738	0
739	0
740	0
741	0
742	0
743	0
744	0
745	0
746	0
747	0
748	0
749	0
750	0
751	0
752	0
753	0
754	0
755	0
756	0
757	0
758	0
759	0
760	0
761	0
762	0
763	0
764	0
765	0
766	0
767	0
768	0
769	0
770	0
771	0
772	0
773	0
774	0
775	0
776	0
777	0
778	0
779	0
780	0
781	0
782	0
783	0
784	0
785	0
786	0
787	0
788	0
789	0
790	0
791	0
792	0
793	0
794	0
795	0
796	0
797	0
798	0
799	0
800	0
801	0
802	0
803	0
804	0
805	0
806	0
807	0
808	0
809	0
810	0
811	0
812	0
813	0
814	0
815	0
816	0
817	0
818	0
819	0
820	0
821	0
822	0
823	0
824	0
825	0
826	0
827	0
828	0
829	0
830	0
831	0
832	0
833	0
834	0
835	0
836	0
837	0
838	0
839	0
840	0
841	0
842	0
843	0
844	0
845	0
846	0
847	0
848	0
849	0
850	0
851	0
852	0
853	0
854	0
855	0
856	0
857	0
858	0
859	0
860	0
861	0
862	0
863	0
864	0
865	0
866	0
867	0
868	0
869	0
870	0
871	0
872	0
873	0
874	0
875	0
876	0
877	0
878	0
879	0
880	0
881	0
882	0
883	0
884	0
885	0
886	0
887	0
888	0
889	0
890	0
891	0
892	0
893	0
894	0
895	0
896	0
897	0
898	0
899	0
900	0
901	0
902	0
903	0
904	0
905	0
906	0
907	0
908	0
909	0
910	0
911	0
912	0
913	0
914	0
915	0
916	0
917	0
918	0
919	0
920	0
921	0
922	0
923	0
924	0
925	0
926	0
927	0
928	0
929	0
930	0
931	0
932	0
933	0
934	0
935	0
936	0
937	0
938	0
939	0
940	0
941	0
942	0
943	0
944	0
945	0
946	0
947	0
948	0
949	0
950	0
951	0
952	0
953	0
954	0
955	0
956	0
957	0
958	0
959	0
960	0
961	0
962	0
963	0
964	0
965	0
966	0
967	0
968	0
969	0
970	0
971	0
972	0
973	0
974	0
975	0
976	0
977	0
978	0
979	0
980	0
981	0
982	0
983	0
984	0
985	0
986	0
987	0
988	0
989	0
990	0
991	0
992	0
993	0
994	0
995	0
996	0
997	0
998	0
999	0
1000	0
1001	0
1002	0
1003	0
1004	0
1005	0
1006	0
1007	0
1008	0
1009	0
1010	0
1011	0
1012	0
1013	0
1014	0
1015	0
1016	0
1017	0
1018	0
1019	0
1020	0
1021	0
1022	0
1023	0
1024	0
1025	0
1026	0
1027	0
1028	0
1029	0
1030	0
1031	0
1032	0
1033	0
1034	0
1035	0
1036	0
1037	0
1038	0
1039	0
1040	0
1041	0
1042	0
1043	0
1044	0
1045	0
1046	0
1047	0
1048	0
1049	0
1050	0
1051	0
1052	0
1053	0
1054	0
1055	0
1056	0
1057	0
1058	0
1059	0
1060	0
1061	0
1062	0
1063	0
1064	0
1065	0
1066	0
1067	0
1068	0
1069	0
1070	0
1071	0
1072	0
1073	0
1074	0
1075	0
1076	0
1077	0
1078	0
1079	0
1080	0
1081	0
1082	0
1083	0
1084	0
1085	0
1086	0
1087	0
1088	0
1089	0
1090	0
1091	0
1092	0
1093	0
1094	0
1095	0
1096	0
1097	0
1098	0
1099	0
1100	0
1101	0
1102	0
1103	0
1104	0
1105	0
1106	0
1107	0
1108	0
1109	0
1110	0
1111	0
1112	0
1113	0
1114	0
1115	0
1116	0
1117	0
1118	0
1119	0
1120	0
1121	0
1122	0
1123	0
1124	0
1125	0
1126	0
1127	0
1128	0
1129	0
1130	0
1131	0
1132	0
1133	0
1134	0
1135	0
1136	0
1137	0
1138	0
1139	0
1140	0
1141	0
1142	0
1143	0
1144	0
1145	0
1146	0
1147	0
1148	0
1149	0
1150	0
1151	0
1152	0
1153	0
1154	0
1155	0
1156	0
1157	0
1158	0
1159	0
1160	0
1161	0
1162	0
1163	0
1164	0
1165	0
1166	0
1167	0
1168	0
1169	0
1170	0
1171	0
1172	0
1173	0
1174	0
1175	0
1176	0
1177	0
1178	0
1179	0
1180	0
1181	0
1182	0
1183	0
1184	0
1185	0
1186	0
1187	0
1188	0
1189	0
1190	0
1191	0
1192	0
1193	0
1194	0
1195	0
1196	0
1197	0
1198	0
1199	0
1200	0
1201	0
1202	0
1203	0
1204	0
1205	0
1206	0
1207	0
1208	0
1209	0
1210	0
1211	0
1212	0
1213	0
1214	0
1215	0
1216	0
1217	0
1218	0
1219	0
1220	0
1221	0
1222	0
1223	0
1224	0
1225	0
1226	0
1227	0
1228	0
1229	0
1230	0
1231	0
1232	0
1233	0
1234	0
1235	0
1236	0
1237	0
1238	0
1239	0
1240	0
1241	0
1242	0
1243	0
1244	0
1245	0
1246	0
1247	0
1248	0
1249	0
1250	0
1251	0
1252	0
1253	0
1254	0
1255	0
1256	0
1257	0
1258	0
1259	0
1260	0
1261	0
1262	0
1263	0
1264	0
1265	0
1266	0
1267	0
1268	0
1269	0
1270	0
1271	0
1272	0
1273	0
1274	0
1275	0
1276	0
1277	0
1278	0
1279	0
1280	0
1281	0
1282	0
1283	0
1284	0
1285	0
1286	0
1287	0
1288	0
1289	0
1290	0
1291	0
1292	0
1293	0
1294	0
1295	0
1296	0
1297	0
1298	0
1299	0
1300	0
1301	0
1302	0
1303	0
1304	0
1305	0
1306	0
1307	0
1308	0
1309	0
1310	0
1311	0
1312	0
1313	0
1314	0
1315	0
1316	0
1317	0
1318	0
1319	0
1320	0
1321	0
1322	0
1323	0
1324	0
1325	0
1326	0
1327	0
1328	0
1329	0
1330	0
1331	0
1332	0
1333	0
1334	0
1335	0
1336	0
1337	0
1338	0
1339	0
1340	0
1341	0
1342	0
1343	0
1344	0
1345	0
1346	0
1347	0
1348	0
1349	0
1350	0
1351	0
1352	0
1353	0
1354	0
1355	0
1356	0
1357	0
1358	0
1359	0
1360	0
1361	0
1362	0
1363	0
1364	0
1365	0
1366	0
1367	0
1368	0
1369	0
1370	0
1371	0
1372	0
1373	0
1374	0
1375	0
1376	0
1377	0
1378	0
1379	0
1380	0
1381	0
1382	0
1383	0
1384	0
1385	0
1386	0
1387	0
1388	0
1389	0
1390	0
1391	0
1392	0
1393	0
1394	0
1395	0
1396	0
1397	0
1398	0
1399	0
1400	0
1401	0
1402	0
1403	0
1404	0
1405	0
1406	0
1407	0
1408	0
1409	0
1410	0
1411	0
1412	0
1413	0
1414	0
1415	0
1416	0
1417	0
1418	0
1419	0
1420	0
1421	0
1422	0
1423	0
1424	0
1425	0
1426	0
1427	0
1428	0
1429	0
1430	0
1431	0
1432	0
1433	0
1434	0
1435	0
1436	0
1437	0
1438	0
1439	0
1440	0
1441	0
1442	0
1443	0
1444	0
1445	0
1446	0
1447	0
1448	0
1449	0
1450	0
1451	0
1452	0
1453	0
1454	0
1455	0
1456	0
1457	0
1458	0
1459	0
1460	0
1461	0
1462	0
1463	0
1464	0
1465	0
1466	0
1467	0
1468	0
1469	0
1470	0
1471	0
1472	0
1473	0
1474	0
1475	0
1476	0
1477	0
1478	0
1479	0
1480	0
1481	0
1482	0
1483	0
1484	0
1485	0
1486	0
1487	0
1488	0
1489	0
1490	0
1491	0
1492	0
1493	0.2
1494	0.2
1495	0.2
1496	0.2
1497	0.2
1498	0.2
1499	0.2
1500	0.2
1501	0.4
1502	0.4
1503	0.4
1504	0.6
1505	0.6
1506	0.6
1507	0.6
1508	0.6
1509	0.8
1510	0.8
1511	0.8
1512	1
1513	1
1514	1
1515	1
1516	1
1517	1
1518	1
1519	1
1520	1
1521	1
1522	1
1523	1
1524	1
1525	1
1526	1
1527	1
1528	1.2
1529	1.2
1530	1.2
1531	1.2
1532	1.2
1533	1.2
1534	1.2
1535	1.2
1536	1.2
1537	1.2
1538	1.2
1539	1.4
1540	1.4
1541	1.4
1542	1.6
1543	1.6
1544	1.6
1545	1.6
1546	1.6
1547	1.6
1548	1.6
1549	1.6
1550	1.6
1551	1.6
1552	1.6
1553	1.8
1554	2
1555	2
1556	2
1557	2
1558	2
1559	2
1560	2
1561	2
1562	2
1563	2.2
1564	2.2
1565	2.2
1566	2.2
1567	2.2
1568	2.2
1569	2.2
1570	2.2
1571	2.2
1572	2.4
1573	2.4
1574	2.4
1575	2.4
1576	2.4
1577	2.4
1578	2.4
1579	2.4
1580	2.6
1581	2.6
1582	2.6
1583	2.6
1584	2.8
1585	2.8
1586	2.8
1587	2.8
1588	2.8
1589	2.8
1590	2.8
1591	2.8
1592	2.8
1593	2.8
1594	2.8
1595	2.8
1596	2.8
1597	2.8
1598	2.8
1599	2.8
1600	2.8
1601	2.8
1602	2.8
1603	2.8
1604	2.8
1605	2.8
1606	2.8
1607	2.8
1608	2.8
1609	2.8
1610	2.8
1611	2.8
1612	2.8
1613	2.8
1614	2.8
1615	2.8
1616	2.8
1617	2.8
1618	2.8
1619	2.8
1620	2.8
1621	2.8
1622	2.8
1623	2.8
1624	2.8
1625	2.8
1626	2.8
1627	2.8
1628	2.8
1629	2.8
1630	2.8
1631	2.8
1632	2.8
1633	2.8
1634	2.8
1635	2.8
1636	2.8
1637	2.8
1638	2.8
1639	2.8
1640	2.8
1641	2.8
1642	2.8
1643	2.8
1644	2.8
1645	2.8
1646	2.8
1647	2.8
1648	3
1649	3
1650	3
1651	3
1652	3
1653	3
1654	3
1655	3
1656	3
1657	3
1658	3
1659	3
1660	3
1661	3
1662	3
1663	3
1664	3
1665	3
1666	3
1667	3
1668	3
1669	3
1670	3
1671	3
1672	3
1673	3
1674	3
1675	3
1676	3
1677	3
1678	3
1679	3
1680	3
1681	3
1682	3
1683	3
1684	3
1685	3
1686	3
1687	3
1688	3
1689	3
1690	3
1691	3
1692	3
1693	3
1694	3
1695	3
1696	3
1697	3
1698	3
1699	3
1700	3.2
1701	3.2
1702	3.2
1703	3.2
1704	3.2
1705	3.2
1706	3.2
1707	3.4
1708	3.4
1709	3.4
1710	3.4
1711	3.4
1712	3.4
1713	3.4
1714	3.4
1715	3.4
1716	3.4
1717	3.4
1718	3.4
1719	3.4
1720	3.4
1721	3.4
1722	3.4
1723	3.4
1724	3.6
1725	3.6
1726	3.6
1727	3.6
1728	3.6
1729	3.6
1730	3.6
1731	3.6
1732	3.6
1733	3.6
1734	3.8
1735	3.8
1736	3.8
1737	4
1738	4.2
1739	4.2
1740	4.2
1741	4.2
1742	4.2
1743	4.4
1744	4.4
1745	4.6
1746	4.8
1747	4.8
1748	5
1749	5
1750	5
1751	5
1752	5
1753	5
1754	5
1755	5
1756	5
1757	5
1758	5.2
1759	5.2
1760	5.2
1761	5.2
1762	5.2
1763	5.2
1764	5.2
1765	5.2
1766	5.2
1767	5.4
1768	5.6
1769	5.6
1770	5.6
1771	5.6
1772	5.6
1773	5.8
1774	5.8
1775	6
1776	6
1777	6.2
1778	6.2
1779	6.2
1780	6.2
1781	6.2
1782	6.2
1783	6.2
1784	6.2
1785	6.2
1786	6.2
1787	6.2
1788	6.2
1789	6.2
1790	6.2
1791	6.4
1792	6.4
1793	6.4
1794	6.4
1795	6.4
1796	6.4
1797	6.4
1798	6.6
1799	6.6
1800	6.6
1801	6.6
1802	6.6
1803	6.6
1804	6.6
1805	6.6
1806	6.6
1807	6.6
1808	6.6
1809	6.6
1810	6.6
1811	6.6
1812	6.8
1813	6.8
1814	6.8
1815	6.8
1816	6.8
1817	6.8
1818	6.8
1819	7
1820	7
1821	7
1822	7
1823	7
1824	7
1825	7
1826	7
1827	7
1828	7
1829	7
1830	7
1831	7
1832	7
1833	7
1834	7
1835	7
1836	7
1837	7.2
1838	7.2
1839	7.2
1840	7.2
1841	7.2
1842	7.2
1843	7.2
1844	7.2
1845	7.2
1846	7.2
1847	7.2
1848	7.2
1849	7.2
1850	7.2
1851	7.2
1852	7.2
1853	7.2
1854	7.2
1855	7.2
1856	7.2
1857	7.2
1858	7.2
1859	7.2
1860	7.2
1861	7.2
1862	7.2
1863	7.2
1864	7.2
1865	7.2
1866	7.2
1867	7.2
1868	7.2
1869	7.2
1870	7.4
1871	7.4
1872	7.4
1873	7.4
1874	7.4
1875	7.4
1876	7.4
1877	7.4
1878	7.4
1879	7.4
1880	7.6
1881	7.6
1882	7.8
1883	7.8
1884	7.8
1885	8
1886	8
1887	8.2
1888	8.2
1889	8.2
1890	8.2
1891	8.2
1892	8.2
1893	8.2
1894	8.2
1895	8.2
1896	8.2
1897	8.2
1898	8.2
1899	8.2
1900	8.4
1901	8.4
1902	8.6
1903	8.6
1904	8.6
1905	8.6
1906	8.6
1907	8.6
1908	8.8
1909	8.8
1910	8.8
1911	8.8
1912	8.8
1913	8.8
1914	8.8
1915	8.8
1916	8.8
1917	8.8
1918	8.8
1919	8.8
1920	8.8
1921	8.8
1922	8.8
1923	8.8
1924	8.8
1925	8.8
1926	8.8
1927	8.8
1928	8.8
1929	9
1930	9
1931	9.2
1932	9.2
1933	9.2
1934	9.4
1935	9.6
1936	9.6
1937	9.8
1938	9.8
1939	9.8
1940	9.8
1941	10
1942	10
1943	10
1944	10
1945	10
1946	10
1947	10
1948	10
1949	10
1950	10.2
1951	10.2
1952	10.2
1953	10.2
1954	10.2
1955	10.2
1956	10.2
1957	10.2
1958	10.2
1959	10.4
1960	10.6
1961	10.6
1962	10.6
1963	10.6
1964	10.6
1965	10.8
1966	10.8
1967	10.8
1968	11
1969	11
1970	11
1971	11
1972	11
1973	11
1974	11.2
1975	11.2
1976	11.4
1977	11.4
1978	11.6
1979	11.6
1980	11.6
1981	11.6
1982	11.6
1983	11.6
1984	11.6
1985	11.8
1986	11.8
1987	11.8
1988	11.8
1989	11.8
1990	11.8
1991	11.8
1992	11.8
1993	11.8
1994	11.8
1995	11.8
1996	12.2
1997	12.2
1998	12.2
1999	12.2
2000	12.2
2001	12.4
2002	12.4
2003	12.4
2004	12.4
2005	12.4
2006	12.8
2007	12.8
2008	13
2009	13
2010	13
2011	13.2
2012	13.4
2013	13.4
2014	13.4
2015	13.4
2016	13.4
2017	13.4
2018	13.6
2019	13.6
2020	13.6
2021	13.8
2022	13.8
2023	13.8
2024	13.8
2025	13.8
2026	14
2027	14
2028	14
2029	14
2030	14.2
2031	14.2
2032	14.2
2033	14.2
2034	14.2
2035	14.4
2036	14.6
2037	14.6
2038	14.6
2039	14.6
2040	14.6
2041	14.6
2042	14.6
2043	14.6
2044	14.8
2045	14.8
2046	15
2047	15.2
2048	15.4
2049	15.4
2050	15.4
2051	15.8
2052	15.8
2053	15.8
2054	15.8
2055	15.8
2056	15.8
2057	15.8
2058	15.8
2059	15.8
2060	16.2
2061	16.2
2062	16.2
2063	16.2
2064	16.6
2065	16.8
2066	17.4
2067	17.4
2068	17.6
2069	17.6
2070	17.6
2071	17.6
2072	17.8
2073	18
2074	18.2
2075	18.2
2076	18.2
2077	18.2
2078	18.4
2079	18.6
2080	18.8
2081	18.8
2082	18.8
2083	18.8
2084	19.2
2085	19.4
2086	19.4
2087	19.8
2088	20
2089	20
2090	20
2091	20
2092	20
2093	20.4
2094	20.4
2095	20.4
2096	20.6
2097	20.8
2098	21
2099	21
2100	21.4
2101	21.6
2102	21.6
2103	21.8
2104	22.2
2105	22.4
2106	22.6
2107	22.6
2108	23
2109	23.2
2110	23.4
2111	23.4
2112	23.6
2113	23.6
2114	23.8
2115	23.8
2116	23.8
2117	23.8
2118	23.8
2119	24.2
2120	24.2
2121	24.2
2122	24.2
2123	24.4
2124	24.4
2125	24.6
2126	24.8
2127	25
2128	25
2129	25.8
2130	25.8
2131	26.2
2132	26.2
2133	26.2
2134	26.4
2135	26.6
2136	26.8
2137	26.8
2138	26.8
2139	26.8
2140	27
2141	27.2
2142	27.4
2143	27.6
2144	27.6
2145	28
2146	28.2
2147	28.2
2148	28.4
2149	28.4
2150	28.6
2151	28.6
2152	28.6
2153	28.6
2154	28.6
2155	28.8
2156	28.8
2157	28.8
2158	29
2159	29
2160	29.2
2161	29.6
2162	29.8
2163	30
2164	30
2165	30
2166	30.2
2167	30.8
2168	31
2169	31
2170	31.2
2171	31.6
2172	31.6
2173	31.6
2174	31.8
2175	32.2
2176	32.6
2177	32.6
2178	33
2179	33.2
2180	33.2
2181	33.4
2182	33.4
2183	33.8
2184	34
2185	34.6
2186	34.6
2187	34.8
2188	35
2189	35.2
2190	35.2
2191	35.2
2192	35.2
2193	35.2
2194	35.6
2195	35.6
2196	35.8
2197	35.8
2198	36
2199	36
2200	36
2201	36
2202	36.2
2203	36.2
2204	36.2
2205	36.2
2206	36.4
2207	36.4
2208	36.4
2209	36.6
2210	36.6
2211	37
2212	37.2
2213	37.2
2214	37.2
2215	37.4
2216	37.4
2217	37.4
2218	37.4
2219	37.4
2220	37.4
2221	37.4
2222	37.8
2223	38.2
2224	38.4
2225	38.6
2226	38.6
2227	38.6
2228	38.6
2229	38.6
2230	39
2231	39.2
2232	39.2
2233	39.6
2234	39.6
2235	39.6
2236	39.6
2237	39.8
2238	40
2239	40
2240	40
2241	40.2
2242	40.2
2243	40.4
2244	40.4
2245	40.4
2246	40.6
2247	40.6
2248	40.8
2249	40.8
2250	41
2251	41.4
2252	41.4
2253	41.6
2254	41.6
2255	42
2256	42.4
2257	42.6
2258	42.6
2259	42.6
2260	42.6
2261	42.6
2262	42.6
2263	42.8
2264	42.8
2265	42.8
2266	42.8
2267	43
2268	43.2
2269	43.4
2270	43.6
2271	43.6
2272	44
2273	44
2274	44
2275	44.2
2276	44.2
2277	44.2
2278	44.4
2279	44.4
2280	44.6
2281	44.6
2282	44.6
2283	44.8
2284	44.8
2285	44.8
2286	45
2287	45.2
2288	45.2
2289	45.4
2290	45.4
2291	45.6
2292	45.6
2293	45.6
2294	45.6
2295	45.6
2296	45.8
2297	45.8
2298	45.8
2299	45.8
2300	45.8
2301	46
2302	46
2303	46
2304	46
2305	46
2306	46.2
2307	46.4
2308	46.6
2309	47
2310	47
2311	47
2312	47.4
2313	47.4
2314	47.4
2315	47.4
2316	47.8
2317	48.4
2318	49
2319	49.2
2320	49.2
2321	49.2
2322	49.4
2323	49.4
2324	49.8
2325	49.8
2326	49.8
2327	50
2328	50
2329	50.2
2330	50.2
2331	50.4
2332	50.6
2333	50.6
2334	51
2335	51.2
2336	51.6
2337	51.8
2338	52.2
2339	52.6
2340	53
2341	53
2342	53.4
2343	53.4
2344	54
2345	54.4
2346	54.4
2347	54.4
2348	55
2349	55.4
2350	55.8
2351	56
2352	56.2
2353	56.6
2354	56.6
2355	56.8
2356	57
2357	57
2358	57.2
2359	57.4
2360	57.6
2361	57.8
2362	57.8
2363	58
2364	58.4
2365	58.4
2366	58.4
2367	58.6
2368	58.8
2369	58.8
2370	58.8
2371	58.8
2372	58.8
2373	59
2374	59
2375	59.2
2376	59.6
2377	59.8
2378	59.8
2379	59.8
2380	59.8
2381	60
2382	60
2383	60
2384	60
2385	60.4
2386	60.6
2387	60.6
2388	60.6
2389	60.6
2390	60.6
2391	60.6
2392	60.6
2393	60.6
2394	60.6
2395	60.8
2396	60.8
2397	61.2
2398	61.2
2399	61.2
2400	61.2
2401	61.4
2402	61.4
2403	61.4
2404	61.4
2405	61.4
2406	61.4
2407	61.8
2408	61.8
2409	62
2410	62.2
2411	62.8
2412	62.8
2413	62.8
2414	63.4
2415	63.4
2416	63.8
2417	64
2418	64.2
2419	64.4
2420	64.6
2421	65
2422	65
2423	65.2
2424	65.2
2425	65.4
2426	65.4
2427	65.4
2428	65.4
2429	65.4
2430	65.6
2431	65.6
2432	65.8
2433	66.2
2434	66.2
2435	66.4
2436	66.6
2437	66.6
2438	66.6
2439	66.6
2440	66.6
2441	66.6
2442	66.6
2443	66.8
2444	67.2
2445	67.4
2446	67.6
2447	67.6
2448	67.6
2449	67.6
2450	68
2451	68.4
2452	68.6
2453	68.6
2454	68.8
2455	68.8
2456	69
2457	69.2
2458	69.2
2459	69.2
2460	69.2
2461	69.4
2462	69.4
2463	69.4
2464	69.6
2465	69.8
2466	69.8
2467	69.8
2468	70
2469	70
2470	70
2471	70.4
2472	70.6
2473	71
2474	71
2475	71
2476	71
2477	71
2478	71
2479	71
2480	71
2481	71
2482	71.2
2483	72.2
2484	72.2
2485	72.4
2486	72.4
2487	72.4
2488	72.4
2489	72.4
2490	72.4
2491	73
2492	73
2493	73
2494	73
2495	73
2496	73.8
2497	73.8
2498	74.2
2499	74.4
2500	74.4
2501	74.6
2502	74.6
2503	74.8
2504	74.8
2505	75
2506	75
2507	75
2508	75.4
2509	75.6
2510	75.8
2511	76.2
2512	76.2
2513	76.4
2514	76.8
2515	77
2516	77.2
2517	77.2
2518	77.2
2519	77.2
2520	77.6
2521	77.8
2522	78
2523	78.6
2524	78.8
2525	78.8
2526	79
2527	79
2528	79
2529	79.2
2530	80
2531	80.4
2532	80.8
2533	81.2
2534	81.8
2535	81.8
2536	82
2537	82
2538	82.6
2539	82.6
2540	82.8
2541	83
2542	83.4
2543	83.4
2544	83.6
2545	83.6
2546	84
2547	84.2
2548	84.2
2549	84.6
2550	84.6
2551	85
2552	85
2553	85.2
2554	85.8
2555	86
2556	86.6
2557	86.8
2558	86.8
2559	87
2560	87.2
2561	87.4
2562	87.6
2563	88
2564	88.4
2565	88.8
2566	88.8
2567	89.2
2568	89.8
2569	90.2
2570	90.4
2571	90.6
2572	90.8
2573	90.8
2574	90.8
2575	91
2576	91.2
2577	91.4
2578	91.6
2579	91.8
2580	91.8
2581	91.8
2582	92
2583	92
2584	92
2585	92
2586	92
2587	92.6
2588	92.8
2589	93
2590	94
2591	94.2
2592	94.4
2593	94.8
2594	95.2
2595	95.4
2596	95.6
2597	95.6
2598	95.6
2599	95.6
2600	95.8
2601	96.6
2602	97
2603	97.4
2604	97.6
2605	97.8
2606	98.2
2607	98.4
2608	98.6
2609	99.2
2610	99.2
2611	99.4
2612	99.4
2613	99.6
2614	99.8
2615	101.2
2616	101.4
2617	102
2618	102
2619	102.2
2620	102.6
2621	102.8
2622	103
2623	103
2624	103.6
2625	104
2626	104.4
2627	104.4
2628	105.2
2629	106
2630	106.2
2631	106.2
2632	106.4
2633	106.4
2634	106.4
2635	106.6
2636	107
2637	107
2638	107.2
2639	107.4
2640	107.4
2641	107.8
2642	107.8
2643	108
2644	108.6
2645	108.8
2646	108.8
2647	109.2
2648	109.4
2649	109.4
2650	109.4
2651	109.4
2652	109.8
2653	110.6
2654	110.8
2655	110.8
2656	110.8
2657	111.4
2658	112.2
2659	112.4
2660	112.6
2661	112.6
2662	112.8
2663	113
2664	113.4
2665	113.6
2666	114
2667	114
2668	114.6
2669	114.6
2670	114.6
2671	114.6
2672	115
2673	115
2674	115.2
2675	115.6
2676	116
2677	116.6
2678	116.6
2679	116.8
2680	116.8
2681	116.8
2682	116.8
2683	117
2684	117
2685	117.4
2686	117.4
2687	118
2688	118.2
2689	118.2
2690	118.4
2691	118.8
2692	119
2693	119.2
2694	119.4
2695	119.4
2696	119.4
2697	119.6
2698	119.8
2699	119.8
2700	120.4
2701	120.4
2702	120.6
2703	121.2
2704	121.6
2705	121.8
2706	122
2707	122.2
2708	122.2
2709	122.2
2710	122.6
2711	123
2712	123.2
2713	124
2714	124.4
2715	124.8
2716	125.2
2717	125.2
2718	125.2
2719	125.8
2720	126
2721	126
2722	126.2
2723	126.6
2724	126.6
2725	127
2726	127
2727	127.2
2728	127.8
2729	128.2
2730	128.2
2731	128.2
2732	128.2
2733	128.6
2734	128.8
2735	129.6
2736	129.6
2737	129.6
2738	130.4
2739	130.4
2740	130.6
2741	131.4
2742	131.4
2743	131.4
2744	131.8
2745	132.4
2746	132.8
2747	133
2748	133
2749	133.8
2750	134
2751	134.2
2752	134.4
2753	135.8
2754	136.2
2755	136.6
2756	137.2
2757	137.8
2758	137.8
2759	138
2760	138.4
2761	138.6
2762	138.8
2763	139.2
2764	140.2
2765	140.4
2766	140.8
2767	141
2768	141.2
2769	141.4
2770	142
2771	142.4
2772	142.8
2773	143.2
2774	144
2775	144
2776	144.4
2777	144.4
2778	145
2779	145.6
2780	146
2781	146.2
2782	146.4
2783	146.8
2784	147.4
2785	147.8
2786	148.2
2787	148.4
2788	148.4
2789	148.8
2790	149
2791	149
2792	149.4
2793	149.4
2794	149.4
2795	149.6
2796	149.8
2797	150.4
2798	150.8
2799	151
2800	151.2
2801	152.6
2802	153
2803	153.2
2804	154.2
2805	154.6
2806	154.8
2807	155.2
2808	156.4
2809	157.2
2810	157.2
2811	157.6
2812	158.4
2813	159
2814	159.8
2815	159.8
2816	160.4
2817	160.6
2818	161.2
2819	161.8
2820	162
2821	162.2
2822	162.4
2823	162.4
2824	163.6
2825	163.6
2826	164.2
2827	164.6
2828	165.8
2829	166
2830	167.8
2831	168
2832	168.2
2833	168.4
2834	169
2835	169.8
2836	170.4
2837	171.2
2838	172
2839	172.4
2840	173
2841	173.8
2842	173.8
2843	174.4
2844	175.6
2845	176.2
2846	176.8
2847	176.8
2848	178
2849	179.6
2850	180.2
2851	180.6
2852	181
2853	181.2
2854	181.4
2855	181.8
2856	182.2
2857	182.6
2858	183.6
2859	183.6
2860	183.8
2861	184.2
2862	184.4
2863	185.2
2864	185.4
2865	185.6
2866	186.6
2867	186.6
2868	187.4
2869	187.6
2870	188
2871	188.6
2872	188.8
2873	189
2874	190
2875	190.8
2876	191
2877	191.4
2878	192
2879	192
2880	192.6
2881	192.6
2882	193
2883	193.6
2884	193.8
2885	194
2886	194.2
2887	194.8
2888	195.2
2889	195.6
2890	196.6
2891	196.6
2892	196.6
2893	196.8
2894	197.8
2895	198
2896	198.8
2897	199.6
2898	199.8
2899	200.4
2900	201.2
2901	201.2
2902	201.4
2903	201.4
2904	201.8
2905	202.4
2906	202.8
2907	203.6
2908	204.6
2909	205.2
2910	205.6
2911	205.6
2912	206.6
2913	206.8
2914	207
2915	207.2
2916	207.8
2917	208.2
2918	208.6
2919	209.4
2920	209.8
2921	210
2922	210.4
2923	211
2924	211.4
2925	211.8
2926	212
2927	212.4
2928	213
2929	213.4
2930	214
2931	214.8
2932	215
2933	216.2
2934	216.2
2935	216.6
2936	218
2937	218.6
2938	218.8
2939	219.2
2940	219.4
2941	219.6
2942	220.2
2943	220.2
2944	221.6
2945	222.2
2946	222.6
2947	223.2
2948	224.4
2949	224.8
2950	225
2951	225.6
2952	226
2953	226.4
2954	227
2955	227.6
2956	228
2957	228.4
2958	229.2
2959	229.6
2960	230.2
2961	230.2
2962	230.8
2963	231.2
2964	231.4
2965	232
2966	232.8
2967	233.4
2968	233.4
2969	234
2970	234.2
2971	234.8
2972	235.2
2973	235.6
2974	236.6
2975	237.2
2976	237.4
2977	237.8
2978	238.2
2979	238.4
2980	239.8
2981	240.6
2982	241.6
2983	242
2984	242.8
2985	243.2
2986	243.4
2987	244
2988	244.6
2989	245.4
2990	246.6
2991	246.8
2992	247.4
2993	248
2994	248.2
2995	248.8
2996	249.2
2997	251
2998	251
2999	251.8
3000	253
3001	253.6
3002	254.6
3003	255.2
3004	256.2
3005	256.8
3006	257.8
3007	259.4
3008	259.4
3009	260.2
3010	260.8
3011	261.4
3012	262
3013	262.8
3014	263.8
3015	264.4
3016	265.4
3017	266
3018	266.8
3019	267.2
3020	268.4
3021	268.6
3022	269.2
3023	270.4
3024	271.2
3025	272.6
3026	273
3027	273.8
3028	274
3029	274
3030	274.8
3031	275.4
3032	278
3033	279
3034	279.4
3035	280.4
3036	281.2
3037	281.4
3038	281.8
3039	282.2
3040	282.8
3041	283.4
3042	284.2
3043	284.4
3044	285.6
3045	286
3046	286.2
3047	287.4
3048	288.4
3049	288.4
3050	288.4
3051	288.8
3052	289.8
3053	290.8
3054	291.6
3055	291.8
3056	291.8
3057	292.4
3058	293.4
3059	294
3060	295
3061	296
3062	297
3063	298
3064	298.8
3065	299.2
3066	300.4
3067	301
3068	301
3069	302
3070	302.8
3071	303.4
3072	304
3073	304.4
3074	305.4
3075	306.2
3076	306.6
3077	307.4
3078	307.6
3079	308.4
3080	309.2
3081	310.4
3082	310.6
3083	311.8
3084	312.6
3085	312.8
3086	313.8
3087	315.4
3088	316.4
3089	316.8
3090	318.8
3091	319.2
3092	320.2
3093	320.4
3094	321.2
3095	322
3096	323.6
3097	324.2
3098	324.8
3099	325.6
3100	326.2
3101	326.2
3102	326.6
3103	328
3104	329.8
3105	330.4
3106	330.8
3107	331.4
3108	331.8
3109	332
3110	332.6
3111	333.2
3112	334
3113	335.4
3114	336.4
3115	336.6
3116	336.8
3117	337.2
3118	338.4
3119	339.8
3120	340.6
3121	341
3122	342
3123	343
3124	344.4
3125	344.8
3126	344.8
3127	345.8
3128	346.4
3129	347.4
3130	347.4
3131	347.6
3132	348
3133	348.4
3134	348.8
3135	349.8
3136	351.4
3137	352
3138	352.4
3139	352.8
3140	353.6
3141	354.6
3142	356
3143	356.4
3144	356.6
3145	357.8
3146	358.4
3147	359.4
3148	359.8
3149	360.8
3150	361.6
3151	362.2
3152	363.2
3153	364
3154	364.8
3155	364.8
3156	365.8
3157	366.6
3158	367
3159	367.6
3160	368.2
3161	369
3162	369.6
3163	370.2
3164	371.6
3165	372
3166	372.8
3167	374
3168	374.8
3169	375.2
3170	375.8
3171	376.6
3172	377.4
3173	378.2
3174	378.6
3175	379.8
3176	380.6
3177	381
3178	381.6
3179	382.6
3180	383.6
3181	384
3182	384.8
3183	385.2
3184	386.2
3185	387
3186	387.4
3187	388.4
3188	389.2
3189	390.4
3190	390.4
3191	390.6
3192	391.8
3193	392
3194	393.6
3195	395
3196	396
3197	396.6
3198	398.4
3199	398.6
3200	399.2
3201	400.6
3202	401
3203	401.8
3204	402.8
3205	404
3206	405.6
3207	406.4
3208	407.8
3209	408.2
3210	408.8
3211	409.4
3212	410
3213	410.8
3214	411.4
3215	412
3216	412.8
3217	413.6
3218	414.6
3219	415.8
3220	417.6
3221	419.8
3222	421
3223	423
3224	424
3225	424.8
3226	425.8
3227	426
3228	427
3229	427.8
3230	428.2
3231	428.2
3232	428.6
3233	429.8
3234	431.2
3235	432
3236	432.8
3237	434
3238	434.6
3239	435.6
3240	436.6
3241	437.2
3242	437.6
3243	439.2
3244	440
3245	440.8
3246	443
3247	443.6
3248	444.4
3249	446
3250	446.8
3251	447.8
3252	449
3253	449.8
3254	450.6
3255	451.6
3256	452.8
3257	454.2
3258	454.4
3259	455.6
3260	456.2
3261	457.6
3262	459
3263	460.2
3264	461.2
3265	462.6
3266	463
3267	465
3268	465.8
3269	466.8
3270	467.6
3271	467.8
3272	468.6
3273	469.6
3274	471.2
3275	471.6
3276	472.8
3277	474.4
3278	475.2
3279	476.6
3280	477.2
3281	478
3282	478.4
3283	479.8
3284	480.6
3285	483
3286	485.6
3287	486.8
3288	488.4
3289	489.4
3290	490
3291	490.8
3292	491.4
3293	492
3294	493.4
3295	494.8
3296	495.8
3297	496.6
3298	498
3299	499.4
3300	500
3301	500.6
3302	502
3303	502.8
3304	503.8
3305	505.6
3306	507.4
3307	508.6
3308	509.4
3309	510.6
3310	511.4
3311	513.2
3312	514.8
3313	516.4
3314	517.8
3315	518.2
3316	519.4
3317	521
3318	521.6
3319	523
3320	523.4
3321	524.2
3322	526.2
3323	527.2
3324	528.4
3325	528.8
3326	529
3327	529.6
3328	531.4
3329	533.2
3330	535
3331	535.8
3332	537
3333	537.8
3334	538.2
3335	539.4
3336	541.2
3337	542.6
3338	543.8
3339	544.6
3340	546.2
3341	547.4
3342	548.8
3343	549.8
3344	550.6
3345	552.6
3346	553.2
3347	555
3348	555.2
3349	556.4
3350	557.2
3351	557.6
3352	559.2
3353	560
3354	561.2
3355	562.2
3356	563.6
3357	564.4
3358	565.6
3359	566.6
3360	568
3361	568.6
3362	569.8
3363	570.4
3364	571.6
3365	573
3366	573.8
3367	574.8
3368	576
3369	577.2
3370	579
3371	580.2
3372	583.6
3373	585.6
3374	587.2
3375	588.6
3376	589.2
3377	591
3378	592
3379	592.8
3380	594
3381	595
3382	595.8
3383	597.2
3384	599.2
3385	601.2
3386	602.2
3387	603.4
3388	604.8
3389	606
3390	607.8
3391	609.6
3392	610.8
3393	612
3394	614.2
3395	615
3396	616
3397	616.6
3398	618
3399	618.6
3400	620.2
3401	621.4
3402	621.6
3403	623.2
3404	625.8
3405	627
3406	628
3407	628.6
3408	630
3409	631.4
3410	631.8
3411	632.4
3412	633
3413	634.4
3414	636.4
3415	637.8
3416	639
3417	640.8
3418	642
3419	642.8
3420	643.4
3421	644.2
3422	644.4
3423	645
3424	645.4
3425	646.2
3426	647.2
3427	648.2
3428	648.8
3429	650.6
3430	652.6
3431	654.4
3432	655.6
3433	657
3434	657.6
3435	659.4
3436	660.2
3437	661.4
3438	662.4
3439	662.8
3440	664
3441	665.2
3442	667
3443	667.4
3444	668.6
3445	669.2
3446	670.2
3447	670.6
3448	671.6
3449	672.6
3450	673.2
3451	674.4
3452	675.4
3453	676.4
3454	677.2
3455	679.2
3456	679.8
3457	680
3458	680.6
3459	681.4
3460	682.2
3461	682.8
3462	683.6
3463	684.2
3464	685
3465	686.4
3466	687.2
3467	688.6
3468	689
3469	690.4
3470	691
3471	691.8
3472	692.6
3473	693.4
3474	693.6
3475	694.4
3476	695
3477	695.4
3478	696.4
3479	697.4
3480	698
3481	699.4
3482	699.8
3483	700.8
3484	702.4
3485	703
3486	703.4
3487	704.6
3488	705.8
3489	706.8
3490	707.2
3491	708.4
3492	709
3493	710
3494	710.6
3495	711.6
3496	712.8
3497	713.2
3498	713.6
3499	714
3500	714.2
3501	714.8
3502	715.4
3503	715.6
3504	716
3505	716
3506	716.6
3507	717
3508	718
3509	718.8
3510	719.8
3511	720.6
3512	721.6
3513	721.8
3514	722.2
3515	723
3516	723.2
3517	723.6
3518	724.8
3519	725
3520	725.2
3521	725.2
3522	725.4
3523	725.6
3524	725.8
3525	726
3526	726.6
3527	726.6
3528	727.2
3529	728
3530	729.2
3531	729.6
3532	730.2
3533	730.8
3534	731
3535	732
3536	732.8
3537	733.8
3538	735
3539	735.4
3540	736.2
3541	736.6
3542	737
3543	737.4
3544	737.4
3545	737.6
3546	738
3547	739.2
3548	739.6
3549	739.8
3550	740.6
3551	741
3552	741.2
3553	742.2
3554	742.6
3555	743
3556	743.6
3557	744.2
3558	745
3559	745.6
3560	745.8
3561	746.2
3562	746.4
3563	747.2
3564	747.4
3565	747.6
3566	748.2
3567	749
3568	749.4
3569	749.8
3570	750.4
3571	750.4
3572	750.8
3573	751
3574	751.8
3575	752
3576	752.6
3577	753.4
3578	753.8
3579	754.4
3580	754.8
3581	754.8
3582	754.8
3583	754.8
3584	755
3585	755.2
3586	755.4
3587	755.6
3588	756.2
3589	756.8
3590	756.8
3591	756.8
3592	757.4
3593	757.4
3594	757.8
3595	758
3596	758.4
3597	758.4
3598	759.2
3599	759.6
3600	760.2
3601	760.8
3602	761.2
3603	761.4
3604	761.4
3605	761.6
3606	761.8
3607	761.8
3608	762.2
3609	762.6
3610	762.6
3611	763
3612	763.2
3613	764
3614	764.2
3615	764.8
3616	765
3617	765.4
3618	765.4
3619	765.8
3620	766.2
3621	766.4
3622	766.6
3623	766.8
3624	767.6
3625	767.8
3626	768.6
3627	768.8
3628	768.8
3629	769.2
3630	769.4
3631	769.6
3632	769.6
3633	770.4
3634	770.8
3635	770.8
3636	771.2
3637	771.4
3638	771.8
3639	772
3640	772.6
3641	772.6
3642	772.8
3643	772.8
3644	773.6
3645	773.6
3646	774.2
3647	774.2
3648	774.4
3649	774.6
3650	774.6
3651	774.8
3652	775
3653	775.4
3654	775.4
3655	775.4
3656	775.6
3657	775.6
3658	776.2
3659	776.6
3660	776.8
3661	776.8
3662	777.2
3663	777.6
3664	778
3665	778.4
3666	779
3667	780.2
3668	780.4
3669	780.8
3670	781.2
3671	781.2
3672	781.4
3673	781.4
3674	781.4
3675	781.6
3676	782.2
3677	782.2
3678	782.4
3679	782.4
3680	782.8
3681	783
3682	783.4
3683	783.6
3684	783.8
3685	783.8
3686	784.2
3687	784.8
3688	785.2
3689	785.4
3690	785.6
3691	785.6
3692	785.8
3693	786.4
3694	787.4
3695	787.6
3696	787.6
3697	788.2
3698	788.4
3699	788.8
3700	789
3701	789.2
3702	789.6
3703	789.8
3704	789.8
3705	790.2
3706	790.4
3707	790.4
3708	790.6
3709	790.8
3710	791.2
3711	791.6
3712	791.6
3713	791.6
3714	791.8
3715	792.2
3716	792.4
3717	792.8
3718	793.2
3719	793.2
3720	793.4
3721	793.4
3722	793.4
3723	793.8
3724	794.2
3725	794.2
3726	794.2
3727	794.4
3728	794.4
3729	794.4
3730	794.8
3731	795
3732	795.6
3733	795.6
3734	795.8
3735	796
3736	796.8
3737	797.4
3738	798.2
3739	798.4
3740	798.6
3741	798.8
3742	800
3743	800.8
3744	801.4
3745	801.8
3746	803
3747	803.2
3748	803.4
3749	804
3750	804
3751	804
3752	804.4
3753	804.8
3754	805
3755	805.2
3756	805.4
3757	806.2
3758	806.6
3759	806.8
3760	807
3761	807.4
3762	807.8
3763	808.6
3764	808.6
3765	809
3766	809.2
3767	809.4
3768	809.4
3769	809.4
3770	809.6
3771	809.8
3772	809.8
3773	810
3774	810
3775	810.2
3776	810.4
3777	810.4
3778	811
3779	811
3780	811.4
3781	811.8
3782	811.8
3783	812
3784	812
3785	812
3786	812
3787	812.6
3788	812.6
3789	812.6
3790	812.8
3791	813
3792	813.2
3793	813.4
3794	813.6
3795	814
3796	814
3797	814
3798	814.2
3799	814.2
3800	814.4
3801	814.6
3802	814.6
3803	814.6
3804	814.6
3805	815.2
3806	815.6
3807	815.6
3808	815.6
3809	816.2
3810	816.6
3811	816.6
3812	817.2
3813	817.2
3814	817.2
3815	817.6
3816	817.8
3817	818
3818	818.4
3819	819.2
3820	819.8
3821	820.2
3822	821
3823	821.2
3824	821.2
3825	821.2
3826	821.2
3827	821.2
3828	821.6
3829	821.6
3830	822
3831	822
3832	822
3833	822.2
3834	822.2
3835	822.6
3836	822.8
3837	822.8
3838	822.8
3839	823.6
3840	823.8
3841	824
3842	824.4
3843	824.4
3844	824.8
3845	825.8
3846	826
3847	826.2
3848	826.2
3849	826.2
3850	826.2
3851	826.8
3852	827
3853	827.8
3854	827.8
3855	828
3856	828.4
3857	828.8
3858	829
3859	829
3860	829.2
3861	829.2
3862	829.6
3863	829.6
3864	829.8
3865	830
3866	830.2
3867	830.4
3868	830.6
3869	830.6
3870	830.8
3871	830.8
3872	831
3873	831.2
3874	831.6
3875	831.6
3876	832
3877	832.2
3878	832.6
3879	832.8
3880	833
3881	833.4
3882	833.6
3883	833.6
3884	834
3885	834
3886	834.4
3887	834.6
3888	835
3889	835.2
3890	835.4
3891	835.4
3892	835.6
3893	835.8
3894	836.4
3895	836.6
3896	836.6
3897	836.8
3898	836.8
3899	837.4
3900	837.8
3901	837.8
3902	838.6
3903	838.8
3904	839
3905	839.2
3906	839.8
3907	840
3908	840
3909	840.6
3910	841.2
3911	841.8
3912	842.4
3913	842.4
3914	842.4
3915	842.4
3916	842.4
3917	842.4
3918	842.8
3919	843.4
3920	843.8
3921	844.2
3922	844.2
3923	844.2
3924	844.4
3925	844.4
3926	844.6
3927	844.8
3928	844.8
3929	845
3930	845.2
3931	845.8
3932	846.4
3933	846.8
3934	846.8
3935	847.2
3936	847.2
3937	847.4
3938	848
3939	848
3940	848.6
3941	849.2
3942	849.2
3943	849.2
3944	849.4
3945	849.6
3946	849.6
3947	850
3948	850.2
3949	850.4
3950	850.6
3951	850.6
3952	851.2
3953	851.4
3954	851.4
3955	851.4
3956	852.2
3957	852.4
3958	852.6
3959	852.6
3960	852.8
3961	853.2
3962	853.8
3963	854
3964	854.2
3965	854.8
3966	855
3967	855
3968	855.2
3969	855.4
3970	855.4
3971	855.4
3972	855.8
3973	856.4
3974	856.6
3975	856.8
3976	856.8
3977	856.8
3978	857.2
3979	857.6
3980	857.8
3981	857.8
3982	857.8
3983	858.2
3984	858.2
3985	858.2
3986	858.4
3987	858.8
3988	859
3989	859.2
3990	859.2
3991	859.8
3992	860.4
3993	860.8
3994	861
3995	861.2
3996	861.6
3997	862.2
3998	862.6
3999	862.8
4000	863
4001	863.2
4002	863.2
4003	863.4
4004	863.4
4005	863.6
4006	863.6
4007	863.8
4008	864.6
4009	865
4010	865.4
4011	865.8
4012	865.8
4013	866
4014	866.4
4015	867.4
4016	867.8
4017	868
4018	868
4019	868
4020	868.4
4021	868.4
4022	868.4
4023	868.4
4024	868.4
4025	868.4
4026	868.4
4027	868.8
4028	869.2
4029	869.4
4030	869.4
4031	869.4
4032	869.8
4033	870.2
4034	870.2
4035	870.2
4036	870.2
4037	870.2
4038	870.2
4039	870.6
4040	871
4041	871
4042	871
4043	871.2
4044	871.2
4045	871.4
4046	871.6
4047	871.8
4048	872.4
4049	872.6
4050	872.6
4051	872.8
4052	873.2
4053	873.4
4054	873.6
4055	873.8
4056	874.2
4057	874.4
4058	874.6
4059	875.2
4060	875.6
4061	875.8
4062	875.8
4063	876
4064	876
4065	876.2
4066	876.6
4067	876.6
4068	876.6
4069	876.6
4070	876.6
4071	876.6
4072	877.2
4073	877.6
4074	878.6
4075	878.6
4076	878.6
4077	878.6
4078	879
4079	879.2
4080	879.6
4081	879.6
4082	879.6
4083	879.6
4084	879.8
4085	880
4086	880.2
4087	880.2
4088	880.2
4089	880.6
4090	880.8
4091	881
4092	881
4093	881.2
4094	882
4095	882.2
4096	882.2
4097	882.8
4098	883.8
4099	884.2
4100	884.2
4101	884.4
4102	884.4
4103	884.8
4104	884.8
4105	884.8
4106	885
4107	885
4108	885
4109	885.2
4110	885.2
4111	885.4
4112	885.8
4113	886.2
4114	886.2
4115	886.2
4116	886.2
4117	886.6
4118	887
4119	887
4120	887.2
4121	887.4
4122	887.6
4123	887.8
4124	887.8
4125	887.8
4126	888
4127	888
4128	888.4
4129	888.6
4130	889.8
4131	889.8
4132	889.8
4133	890
4134	890.2
4135	890.2
4136	890.2
4137	890.2
4138	890.8
4139	890.8
4140	890.8
4141	891
4142	891
4143	891
4144	891.2
4145	891.8
4146	892
4147	892.2
4148	892.8
4149	893.2
4150	893.6
4151	893.8
4152	893.8
4153	893.8
4154	893.8
4155	893.8
4156	893.8
4157	894
4158	894
4159	894.2
4160	894.8
4161	895
4162	895.8
4163	896.4
4164	896.4
4165	896.4
4166	896.6
4167	896.8
4168	896.8
4169	897.2
4170	897.4
4171	897.4
4172	897.6
4173	898
4174	898.2
4175	898.2
4176	898.4
4177	898.4
4178	898.4
4179	898.6
4180	899
4181	899.2
4182	899.4
4183	899.6
4184	899.8
4185	899.8
4186	899.8
4187	899.8
4188	900
4189	900
4190	900
4191	900.2
4192	900.2
4193	900.2
4194	900.4
4195	900.4
4196	900.8
4197	900.8
4198	901.4
4199	902
4200	902
4201	902.2
4202	902.6
4203	902.6
4204	902.6
4205	902.6
4206	902.8
4207	902.8
4208	902.8
4209	902.8
4210	903
4211	903.4
4212	903.6
4213	904.2
4214	904.4
4215	904.4
4216	905.6
4217	905.8
4218	906.4
4219	906.6
4220	906.6
4221	906.8
4222	907
4223	907.6
4224	907.8
4225	908.2
4226	908.4
4227	908.6
4228	908.8
4229	909
4230	909.2
4231	909.4
4232	909.6
4233	910.2
4234	910.6
4235	910.6
4236	910.8
4237	911
4238	911
4239	911.4
4240	911.4
4241	911.6
4242	911.8
4243	912
4244	912
4245	912.2
4246	912.2
4247	912.4
4248	912.6
4249	912.6
4250	912.8
4251	912.8
4252	913.2
4253	913.6
4254	913.6
4255	914.2
4256	914.4
4257	914.6
4258	914.6
4259	914.8
4260	915
4261	915
4262	915
4263	915.2
4264	915.4
4265	915.4
4266	915.4
4267	915.4
4268	915.4
4269	915.4
4270	915.6
4271	915.8
4272	916
4273	916.2
4274	916.4
4275	916.6
4276	917.4
4277	917.6
4278	918.2
4279	918.6
4280	918.6
4281	919
4282	919.2
4283	919.4
4284	919.4
4285	919.4
4286	919.6
4287	919.6
4288	919.6
4289	919.8
4290	920.4
4291	920.8
4292	920.8
4293	921.2
4294	921.4
4295	921.4
4296	921.6
4297	921.6
4298	921.8
4299	921.8
4300	922
4301	922
4302	922
4303	922.4
4304	922.8
4305	922.8
4306	923
4307	923.4
4308	924
4309	924
4310	924.2
4311	924.4
4312	924.4
4313	924.4
4314	924.8
4315	925.2
4316	925.2
4317	925.4
4318	925.6
4319	926
4320	926
4321	926
4322	926.4
4323	926.6
4324	926.6
4325	926.8
4326	926.8
4327	927.2
4328	927.2
4329	927.4
4330	927.8
4331	927.8
4332	928
4333	928.4
4334	928.6
4335	928.6
4336	929.2
4337	929.2
4338	929.4
4339	929.6
4340	929.6
4341	930
4342	930.2
4343	930.4
4344	930.6
4345	931.2
4346	931.4
4347	931.4
4348	931.6
4349	931.8
4350	931.8
4351	931.8
4352	931.8
4353	932.2
4354	932.2
4355	932.2
4356	932.4
4357	932.8
4358	933
4359	933.4
4360	933.4
4361	933.4
4362	933.4
4363	933.6
4364	934
4365	934
4366	934.2
4367	934.4
4368	934.4
4369	934.4
4370	934.4
4371	934.4
4372	934.6
4373	935.4
4374	935.4
4375	935.8
4376	936
4377	936.4
4378	937.2
4379	938.2
4380	938.4
4381	938.4
4382	938.4
4383	938.4
4384	938.8
4385	938.8
4386	939.2
4387	939.2
4388	939.4
4389	939.4
4390	939.4
4391	939.4
4392	939.4
4393	939.6
4394	939.6
4395	940.2
4396	940.6
4397	940.8
4398	941.4
4399	941.8
4400	941.8
4401	941.8
4402	942
4403	942.2
4404	942.4
4405	942.6
4406	942.8
4407	942.8
4408	943
4409	943
4410	943.2
4411	943.2
4412	943.6
4413	943.6
4414	943.6
4415	943.6
4416	943.8
4417	944
4418	944.4
4419	944.6
4420	944.6
4421	944.6
4422	944.6
4423	945.2
4424	945.2
4425	945.4
4426	945.4
4427	945.8
4428	946
4429	946
4430	946
4431	946.2
4432	946.2
4433	946.4
4434	946.4
4435	946.6
4436	946.6
4437	947
4438	947
4439	947.4
4440	947.8
4441	948.4
4442	948.6
4443	948.8
4444	949
4445	949.2
4446	949.4
4447	949.4
4448	949.6
4449	949.6
4450	949.8
4451	950.6
4452	950.8
4453	950.8
4454	951
4455	951.2
4456	951.4
4457	951.6
4458	951.8
4459	952
4460	952.2
4461	952.4
4462	952.6
4463	953
4464	953
4465	953.2
4466	953.4
4467	953.6
4468	953.8
4469	953.8
4470	953.8
4471	953.8
4472	954.4
4473	954.6
4474	954.6
4475	954.8
4476	955
4477	955
4478	955.2
4479	955.4
4480	955.4
4481	955.8
4482	956
4483	956
4484	956
4485	956.6
4486	956.8
4487	957
4488	958
4489	958
4490	958.2
4491	958.8
4492	959
4493	959.6
4494	960
4495	960.4
4496	960.4
4497	960.4
4498	960.6
4499	960.8
4500	961
4501	961
4502	961.2
4503	961.4
4504	961.4
4505	961.4
4506	961.4
4507	961.4
4508	961.4
4509	961.4
4510	961.4
4511	961.4
4512	961.8
4513	962
4514	962.4
4515	962.6
4516	962.8
4517	963
4518	963.2
4519	963.2
4520	963.2
4521	963.2
4522	963.4
4523	963.4
4524	963.6
4525	963.8
4526	964.4
4527	965
4528	965
4529	965.4
4530	965.8
4531	965.8
4532	965.8
4533	965.8
4534	966
4535	966.2
4536	966.6
4537	966.6
4538	966.8
4539	966.8
4540	967
4541	967.8
4542	967.8
4543	968.4
4544	968.6
4545	968.8
4546	968.8
4547	969
4548	969
4549	969.4
4550	969.4
4551	969.4
4552	969.8
4553	969.8
4554	970.4
4555	970.4
4556	970.8
4557	970.8
4558	971
4559	971.4
4560	971.4
4561	971.4
4562	971.4
4563	971.6
4564	971.8
4565	971.8
4566	972
4567	972
4568	972.2
4569	972.6
4570	972.8
4571	973.2
4572	974
4573	974
4574	974.4
4575	974.8
4576	974.8
4577	975
4578	975.2
4579	975.4
4580	975.4
4581	976
4582	976.4
4583	976.6
4584	976.8
4585	977
4586	977
4587	977
4588	977.2
4589	977.4
4590	977.6
4591	977.6
4592	977.8
4593	978
4594	978.4
4595	978.4
4596	978.4
4597	978.6
4598	979
4599	979.2
4600	979.2
4601	979.6
4602	979.6
4603	980
4604	980.2
4605	980.6
4606	980.8
4607	981
4608	981.2
4609	981.4
4610	981.4
4611	981.6
4612	981.6
4613	981.6
4614	982.2
4615	982.6
4616	982.8
4617	982.8
4618	982.8
4619	983
4620	983
4621	983
4622	983.2
4623	983.6
4624	983.6
4625	983.6
4626	983.6
4627	984.2
4628	984.4
4629	984.4
4630	984.4
4631	985.2
4632	985.8
4633	985.8
4634	986.2
4635	986.4
4636	986.8
4637	987.2
4638	987.4
4639	987.4
4640	987.4
4641	987.8
4642	987.8
4643	988.4
4644	988.4
4645	988.4
4646	989.4
4647	989.4
4648	989.6
4649	989.6
4650	990.2
4651	990.8
4652	991
4653	991.4
4654	991.4
4655	991.6
4656	992
4657	992.2
4658	992.4
4659	992.4
4660	992.4
4661	992.6
4662	992.8
4663	992.8
4664	992.8
4665	993
4666	993
4667	993
4668	993.2
4669	993.4
4670	993.4
4671	993.8
4672	994
4673	994.6
4674	995
4675	995.2
4676	995.6
4677	995.6
4678	995.6
4679	995.8
4680	995.8
4681	996.4
4682	996.6
4683	997.2
4684	997.4
4685	997.6
4686	997.8
4687	997.8
4688	998.4
4689	998.4
4690	998.4
4691	998.4
4692	998.4
4693	998.4
4694	998.6
4695	999.2
4696	999.6
4697	999.8
4698	1000.2
4699	1001
4700	1001.2
4701	1001.8
4702	1002
4703	1002.2
4704	1002.4
4705	1002.4
4706	1002.8
4707	1003
4708	1003
4709	1003
4710	1003
4711	1003.2
4712	1003.4
4713	1003.4
4714	1003.8
4715	1004
4716	1004.2
4717	1004.2
4718	1004.6
4719	1005.4
4720	1005.6
4721	1005.6
4722	1006
4723	1006.4
4724	1006.8
4725	1007
4726	1007
4727	1007.4
4728	1008.2
4729	1008.4
4730	1008.4
4731	1008.6
4732	1008.6
4733	1008.6
4734	1008.8
4735	1009
4736	1009.2
4737	1009.4
4738	1009.4
4739	1009.6
4740	1009.6
4741	1009.6
4742	1010
4743	1010
4744	1010.4
4745	1010.4
4746	1010.6
4747	1010.6
4748	1010.8
4749	1011
4750	1011
4751	1011.4
4752	1011.4
4753	1011.4
4754	1011.8
4755	1011.8
4756	1012
4757	1012.6
4758	1013.2
4759	1013.4
4760	1013.4
4761	1013.6
4762	1013.8
4763	1014
4764	1014.4
4765	1015
4766	1015
4767	1015
4768	1015.8
4769	1016.2
4770	1016.4
4771	1016.4
4772	1016.4
4773	1016.4
4774	1016.6
4775	1017
4776	1017.4
4777	1017.6
4778	1017.6
4779	1017.8
4780	1017.8
4781	1018
4782	1018.2
4783	1019
4784	1019.2
4785	1019.8
4786	1020.2
4787	1020.2
4788	1020.8
4789	1020.8
4790	1021
4791	1021
4792	1021
4793	1021
4794	1021.6
4795	1022
4796	1022
4797	1022
4798	1022
4799	1022.2
4800	1022.4
4801	1022.8
4802	1023
4803	1023
4804	1023
4805	1023
4806	1023
4807	1023
4808	1023.2
4809	1023.2
4810	1023.4
4811	1023.6
4812	1023.6
4813	1024.2
4814	1024.2
4815	1024.6
4816	1025
4817	1025.2
4818	1025.4
4819	1025.4
4820	1025.6
4821	1025.6
4822	1025.6
4823	1025.8
4824	1025.8
4825	1026
4826	1026.2
4827	1026.4
4828	1026.4
4829	1026.6
4830	1026.6
4831	1026.6
4832	1027
4833	1027
4834	1027.2
4835	1027.4
4836	1027.4
4837	1027.6
4838	1027.8
4839	1028
4840	1028
4841	1028.4
4842	1028.8
4843	1029
4844	1029.6
4845	1030
4846	1030.6
4847	1031.2
4848	1031.4
4849	1032
4850	1032.4
4851	1032.4
4852	1032.6
4853	1032.6
4854	1032.8
4855	1032.8
4856	1032.8
4857	1032.8
4858	1032.8
4859	1033
4860	1033
4861	1033
4862	1033.6
4863	1033.6
4864	1033.6
4865	1033.6
4866	1034
4867	1034.2
4868	1034.6
4869	1034.6
4870	1035.2
4871	1035.4
4872	1035.8
4873	1036
4874	1036
4875	1036
4876	1036.2
4877	1036.8
4878	1037
4879	1037.4
4880	1037.6
4881	1038.2
4882	1038.4
4883	1038.4
4884	1038.6
4885	1038.8
4886	1039
4887	1039.4
4888	1039.4
4889	1039.4
4890	1039.4
4891	1039.4
4892	1039.4
4893	1039.4
4894	1039.4
4895	1039.4
4896	1040.2
4897	1040.4
4898	1040.4
4899	1040.4
4900	1040.8
4901	1040.8
4902	1041
4903	1041
4904	1041.4
4905	1041.4
4906	1041.6
4907	1042
4908	1042
4909	1042
4910	1042.2
4911	1042.6
4912	1043
4913	1043.6
4914	1044
4915	1044.4
4916	1044.8
4917	1045.2
4918	1045.2
4919	1045.8
4920	1046
4921	1046
4922	1046
4923	1046
4924	1046.2
4925	1046.4
4926	1046.8
4927	1046.8
4928	1046.8
4929	1047.4
4930	1047.6
4931	1048
4932	1048.2
4933	1048.2
4934	1048.2
4935	1048.6
4936	1049
4937	1049.2
4938	1049.4
4939	1049.4
4940	1049.4
4941	1049.4
4942	1049.4
4943	1049.4
4944	1049.6
4945	1049.8
4946	1050
4947	1050.2
4948	1050.4
4949	1050.6
4950	1050.6
4951	1050.6
4952	1051
4953	1051.2
4954	1051.2
4955	1051.4
4956	1051.8
4957	1051.8
4958	1052
4959	1052.2
4960	1052.8
4961	1053
4962	1053.2
4963	1053.8
4964	1054
4965	1054.2
4966	1054.2
4967	1054.4
4968	1054.6
4969	1055
4970	1055.2
4971	1055.2
4972	1055.4
4973	1055.8
4974	1055.8
4975	1055.8
4976	1056
4977	1056.4
4978	1056.4
4979	1056.4
4980	1056.4
4981	1056.6
4982	1056.8
4983	1056.8
4984	1057
4985	1057
4986	1057.4
4987	1057.4
4988	1057.8
4989	1058
4990	1058
4991	1058
4992	1058.2
4993	1058.2
4994	1058.4
4995	1058.6
4996	1058.8
4997	1059
4998	1059.4
4999	1059.4

