0	0
1	0
2	0
3	0
4	0
5	0
6	0
7	0
8	0
9	0
10	0
11	0
12	0
13	0
14	0
15	0
16	0
17	0
18	0
19	0
20	0
21	0
22	0
23	0
24	0
25	0
26	0
27	0
28	0
29	0
30	0
31	0
32	0
33	0
34	0
35	0
36	0
37	0
38	0
39	0
40	0
41	0
42	0
43	0
44	0
45	0
46	0
47	0
48	0
49	0
50	0
51	0
52	0
53	0
54	0
55	0
56	0
57	0
58	0
59	0
60	0
61	0
62	0
63	0
64	0
65	0
66	0
67	0
68	0
69	0
70	0
71	0
72	0
73	0
74	0
75	0
76	0
77	0
78	0
79	0
80	0
81	0
82	0
83	0
84	0
85	0
86	0
87	0
88	0
89	0
90	0
91	0
92	0
93	0
94	0
95	0
96	0
97	0
98	0
99	0
100	0
101	0
102	0
103	0
104	0
105	0
106	0
107	0
108	0
109	0
110	0
111	0
112	0
113	0
114	0
115	0
116	0
117	0
118	0
119	0
120	0
121	0
122	0
123	0
124	0
125	0
126	0
127	0
128	0
129	0
130	0
131	0
132	0
133	0
134	0
135	0
136	0
137	0
138	0
139	0
140	0
141	0
142	0
143	0
144	0
145	0
146	0
147	0
148	0
149	0
150	0
151	0
152	0
153	0
154	0
155	0
156	0
157	0
158	0
159	0
160	0
161	0
162	0
163	0
164	0
165	0
166	0
167	0
168	0
169	0
170	0
171	0
172	0
173	0
174	0
175	0
176	0
177	0
178	0
179	0
180	0
181	0
182	0
183	0
184	0
185	0
186	0
187	0
188	0
189	0
190	0
191	0
192	0
193	0
194	0
195	0
196	0
197	0
198	0
199	0
200	0
201	0
202	0
203	0
204	0
205	0
206	0
207	0
208	0
209	0
210	0
211	0
212	0
213	0
214	0
215	0
216	0
217	0
218	0
219	0
220	0
221	0
222	0
223	0
224	0
225	0
226	0
227	0
228	0
229	0
230	0
231	0
232	0
233	0
234	0
235	0
236	0
237	0
238	0
239	0
240	0
241	0
242	0
243	0
244	0
245	0
246	0
247	0
248	0
249	0
250	0
251	0
252	0
253	0
254	0
255	0
256	0
257	0
258	0
259	0
260	0
261	0
262	0
263	0
264	0
265	0
266	0
267	0
268	0
269	0
270	0
271	0
272	0
273	0
274	0
275	0
276	0
277	0
278	0
279	0
280	0
281	0
282	0
283	0
284	0
285	0
286	0
287	0
288	0
289	0
290	0
291	0
292	0
293	0
294	0
295	0
296	0
297	0
298	0
299	0
300	0
301	0
302	0
303	0
304	0
305	0
306	0
307	0
308	0
309	0
310	0
311	0
312	0
313	0
314	0
315	0
316	0
317	0
318	0
319	0
320	0
321	0
322	0
323	0
324	0
325	0
326	0
327	0
328	0
329	0
330	0
331	0
332	0
333	0
334	0
335	0
336	0
337	0
338	0
339	0
340	0
341	0
342	0
343	0
344	0
345	0
346	0
347	0
348	0
349	0
350	0
351	0
352	0
353	0
354	0
355	0
356	0
357	0
358	0
359	0
360	0
361	0
362	0
363	0
364	0
365	0
366	0
367	0
368	0
369	0
370	0
371	0
372	0
373	0
374	0
375	0
376	0
377	0
378	0
379	0
380	0
381	0
382	0
383	0
384	0
385	0
386	0
387	0
388	0
389	0
390	0
391	0
392	0
393	0
394	0
395	0
396	0
397	0
398	0
399	0
400	0
401	0
402	0
403	0
404	0
405	0
406	0
407	0
408	0
409	0
410	0
411	0
412	0
413	0
414	0
415	0
416	0
417	0
418	0
419	0
420	0
421	0
422	0
423	0
424	0
425	0
426	0
427	0
428	0
429	0
430	0
431	0
432	0
433	0
434	0
435	0
436	0
437	0
438	0
439	0
440	0
441	0
442	0
443	0
444	0
445	0
446	0
447	0
448	0
449	0
450	0
451	0
452	0
453	0
454	0
455	0
456	0
457	0
458	0
459	0
460	0
461	0
462	0
463	0
464	0
465	0
466	0
467	0
468	0
469	0
470	0
471	0
472	0
473	0
474	0
475	0
476	0
477	0
478	0
479	0
480	0
481	0
482	0
483	0
484	0
485	0
486	0
487	0
488	0
489	0
490	0
491	0
492	0
493	0
494	0
495	0
496	0
497	0
498	0
499	0
500	0
501	0
502	0
503	0
504	0
505	0
506	0
507	0
508	0
509	0
510	0
511	0
512	0
513	0
514	0
515	0
516	0
517	0
518	0
519	0
520	0
521	0
522	0
523	0
524	0
525	0
526	0
527	0
528	0
529	0
530	0
531	0
532	0
533	0
534	0
535	0
536	0
537	0
538	0
539	0
540	0
541	0
542	0
543	0
544	0
545	0
546	0
547	0
548	0
549	0
550	0
551	0
552	0
553	0
554	0
555	0
556	0
557	0
558	0
559	0
560	0
561	0
562	0
563	0
564	0
565	0
566	0
567	0
568	0
569	0
570	0
571	0
572	0
573	0
574	0
575	0
576	0
577	0
578	0
579	0
580	0
581	0
582	0
583	0
584	0
585	0
586	0
587	0
588	0
589	0
590	0
591	0
592	0
593	0
594	0
595	0
596	0
597	0
598	0
599	0
600	0
601	0
602	0
603	0
604	0
605	0
606	0
607	0
608	0
609	0
610	0
611	0
612	0
613	0
614	0
615	0
616	0
617	0
618	0
619	0
620	0
621	0
622	0
623	0
624	0
625	0
626	0
627	0
628	0
629	0
630	0
631	0
632	0
633	0
634	0
635	0
636	0
637	0
638	0
639	0
640	0
641	0
642	0
643	0
644	0
645	0
646	0
647	0
648	0
649	0
650	0
651	0
652	0
653	0
654	0
655	0
656	0
657	0
658	0
659	0
660	0
661	0
662	0
663	0
664	0
665	0
666	0
667	0
668	0
669	0
670	0
671	0
672	0
673	0
674	0
675	0
676	0
677	0
678	0
679	0
680	0
681	0
682	0
683	0
684	0
685	0
686	0
687	0
688	0
689	0
690	0
691	0
692	0
693	0
694	0
695	0
696	0
697	0
698	0
699	0
700	0
701	0
702	0
703	0
704	0
705	0
706	0
707	0
708	0
709	0
710	0
711	0
712	0
713	0
714	0
715	0
716	0
717	0
718	0
719	0
720	0
721	0
722	0
723	0
724	0
725	0
726	0
727	0
728	0
729	0
730	0
731	0
732	0
733	0
734	0
735	0
736	0
737	0
738	0
739	0
740	0
741	0
742	0
743	0
744	0
745	0
746	0
747	0
748	0
749	0
750	0
751	0
752	0
753	0
754	0
755	0
756	0
757	0
758	0
759	0
760	0
761	0
762	0
763	0
764	0
765	0
766	0
767	0
768	0
769	0
770	0
771	0
772	0
773	0
774	0
775	0
776	0
777	0
778	0
779	0
780	0
781	0
782	0
783	0
784	0
785	0
786	0
787	0
788	0
789	0
790	0
791	0
792	0
793	0
794	0
795	0
796	0
797	0
798	0
799	0
800	0
801	0
802	0
803	0
804	0
805	0
806	0
807	0
808	0
809	0
810	0
811	0
812	0
813	0
814	0
815	0
816	0
817	0
818	0
819	0
820	0
821	0
822	0
823	0
824	0
825	0
826	0
827	0
828	0
829	0
830	0
831	0
832	0
833	0
834	0
835	0
836	0
837	0
838	0
839	0
840	0
841	0
842	0
843	0
844	0
845	0
846	0
847	0
848	0
849	0
850	0
851	0
852	0
853	0
854	0
855	0
856	0
857	0
858	0
859	0
860	0
861	0
862	0
863	0
864	0
865	0
866	0
867	0
868	0
869	0
870	0
871	0
872	0
873	0
874	0
875	0
876	0
877	0
878	0
879	0
880	0
881	0
882	0
883	0
884	0
885	0
886	0
887	0
888	0
889	0
890	0
891	0
892	0
893	0
894	0
895	0
896	0
897	0
898	0
899	0
900	0
901	0
902	0
903	0
904	0
905	0
906	0
907	0
908	0
909	0
910	0
911	0
912	0
913	0
914	0
915	0
916	0
917	0
918	0
919	0
920	0
921	0
922	0
923	0
924	0
925	0
926	0
927	0
928	0
929	0
930	0
931	0
932	0
933	0
934	0
935	0
936	0
937	0
938	0
939	0
940	0
941	0
942	0
943	0
944	0
945	0
946	0
947	0
948	0
949	0
950	0
951	0
952	0
953	0
954	0
955	0
956	0
957	0
958	0
959	0
960	0
961	0
962	0
963	0
964	0
965	0
966	0
967	0
968	0
969	0
970	0
971	0
972	0
973	0
974	0
975	0
976	0
977	0
978	0
979	0
980	0
981	0
982	0
983	0
984	0
985	0
986	0
987	0
988	0
989	0
990	0
991	0
992	0
993	0
994	0
995	0
996	0
997	0
998	0
999	0
1000	0
1001	0
1002	0
1003	0
1004	0
1005	0
1006	0
1007	0
1008	0
1009	0
1010	0
1011	0
1012	0
1013	0
1014	0
1015	0
1016	0
1017	0
1018	0
1019	0
1020	0
1021	0
1022	0
1023	0
1024	0
1025	0
1026	0
1027	0
1028	0
1029	0
1030	0
1031	0
1032	0
1033	0
1034	0
1035	0
1036	0
1037	0
1038	0
1039	0
1040	0
1041	0
1042	0
1043	0
1044	0
1045	0
1046	0
1047	0
1048	0
1049	0
1050	0
1051	0
1052	0
1053	0
1054	0
1055	0
1056	0
1057	0
1058	0
1059	0
1060	0
1061	0
1062	0
1063	0
1064	0
1065	0
1066	0
1067	0
1068	0
1069	0
1070	0
1071	0
1072	0
1073	0
1074	0
1075	0
1076	0
1077	0
1078	0
1079	0
1080	0
1081	0
1082	0
1083	0
1084	0
1085	0
1086	0
1087	0
1088	0
1089	0
1090	0
1091	0
1092	0
1093	0
1094	0
1095	0
1096	0
1097	0
1098	0
1099	0
1100	0
1101	0
1102	0
1103	0
1104	0
1105	0
1106	0
1107	0
1108	0
1109	0
1110	0
1111	0
1112	0
1113	0
1114	0
1115	0
1116	0
1117	0
1118	0
1119	0
1120	0
1121	0
1122	0
1123	0
1124	0
1125	0
1126	0
1127	0
1128	0
1129	0
1130	0
1131	0
1132	0
1133	0
1134	0
1135	0
1136	0
1137	0
1138	1
1139	1
1140	1
1141	1
1142	1
1143	1
1144	1
1145	1
1146	1
1147	1
1148	1
1149	1
1150	1
1151	1
1152	1
1153	1
1154	1
1155	1
1156	1
1157	1
1158	1
1159	1
1160	1
1161	1
1162	1
1163	1
1164	1
1165	1
1166	1
1167	1
1168	1
1169	1
1170	1
1171	1
1172	1
1173	1
1174	1
1175	1
1176	1
1177	1
1178	1
1179	1
1180	1
1181	1
1182	1
1183	2
1184	2
1185	2
1186	2
1187	2
1188	2
1189	2
1190	2
1191	2
1192	2
1193	2
1194	2
1195	2
1196	2
1197	2
1198	2
1199	3
1200	3
1201	3
1202	3
1203	4
1204	4
1205	4
1206	4
1207	4
1208	4
1209	4
1210	4
1211	4
1212	4
1213	4
1214	4
1215	4
1216	4
1217	4
1218	4
1219	4
1220	4
1221	4
1222	4
1223	4
1224	4
1225	4
1226	4
1227	4
1228	4
1229	4
1230	4
1231	4
1232	4
1233	4
1234	4
1235	4
1236	4
1237	4
1238	4
1239	5
1240	5
1241	6
1242	6
1243	6
1244	6
1245	7
1246	7
1247	7
1248	7
1249	7
1250	7
1251	7
1252	7
1253	7
1254	7
1255	8
1256	8
1257	8
1258	8
1259	8
1260	8
1261	8
1262	8
1263	8
1264	8
1265	8
1266	8
1267	8
1268	9
1269	9
1270	9
1271	10
1272	10
1273	10
1274	10
1275	10
1276	10
1277	10
1278	10
1279	10
1280	10
1281	10
1282	10
1283	10
1284	10
1285	10
1286	10
1287	10
1288	10
1289	10
1290	10
1291	10
1292	10
1293	10
1294	10
1295	10
1296	11
1297	11
1298	12
1299	12
1300	12
1301	12
1302	12
1303	12
1304	12
1305	12
1306	12
1307	12
1308	13
1309	13
1310	13
1311	13
1312	13
1313	13
1314	15
1315	16
1316	16
1317	17
1318	18
1319	18
1320	18
1321	18
1322	19
1323	19
1324	20
1325	21
1326	22
1327	22
1328	22
1329	22
1330	22
1331	23
1332	24
1333	24
1334	24
1335	24
1336	24
1337	24
1338	24
1339	24
1340	24
1341	24
1342	25
1343	26
1344	26
1345	26
1346	26
1347	28
1348	28
1349	29
1350	29
1351	30
1352	30
1353	30
1354	30
1355	32
1356	33
1357	33
1358	33
1359	33
1360	34
1361	34
1362	35
1363	35
1364	35
1365	36
1366	37
1367	37
1368	38
1369	38
1370	38
1371	39
1372	39
1373	39
1374	39
1375	39
1376	40
1377	41
1378	42
1379	42
1380	42
1381	42
1382	42
1383	42
1384	42
1385	42
1386	42
1387	42
1388	42
1389	42
1390	42
1391	44
1392	44
1393	44
1394	45
1395	46
1396	47
1397	47
1398	47
1399	47
1400	48
1401	48
1402	48
1403	48
1404	49
1405	49
1406	50
1407	50
1408	51
1409	51
1410	51
1411	51
1412	51
1413	51
1414	51
1415	51
1416	51
1417	51
1418	51
1419	51
1420	51
1421	51
1422	51
1423	52
1424	53
1425	53
1426	53
1427	53
1428	53
1429	55
1430	55
1431	55
1432	56
1433	56
1434	56
1435	56
1436	56
1437	57
1438	57
1439	57
1440	58
1441	59
1442	60
1443	60
1444	60
1445	62
1446	63
1447	63
1448	63
1449	63
1450	63
1451	63
1452	63
1453	64
1454	66
1455	66
1456	66
1457	66
1458	66
1459	67
1460	67
1461	68
1462	69
1463	69
1464	71
1465	72
1466	72
1467	73
1468	74
1469	74
1470	74
1471	74
1472	75
1473	75
1474	76
1475	76
1476	77
1477	77
1478	77
1479	77
1480	78
1481	79
1482	80
1483	80
1484	80
1485	80
1486	80
1487	80
1488	80
1489	81
1490	81
1491	82
1492	82
1493	82
1494	83
1495	83
1496	84
1497	85
1498	88
1499	88
1500	88
1501	89
1502	90
1503	90
1504	91
1505	92
1506	92
1507	93
1508	93
1509	93
1510	93
1511	93
1512	94
1513	94
1514	95
1515	95
1516	95
1517	97
1518	98
1519	100
1520	102
1521	103
1522	104
1523	104
1524	104
1525	105
1526	106
1527	108
1528	108
1529	109
1530	109
1531	110
1532	112
1533	112
1534	114
1535	114
1536	114
1537	115
1538	116
1539	116
1540	116
1541	116
1542	116
1543	117
1544	117
1545	118
1546	119
1547	120
1548	120
1549	121
1550	121
1551	122
1552	123
1553	125
1554	125
1555	126
1556	127
1557	127
1558	127
1559	127
1560	127
1561	129
1562	130
1563	131
1564	131
1565	131
1566	131
1567	131
1568	132
1569	132
1570	132
1571	133
1572	134
1573	135
1574	135
1575	137
1576	137
1577	138
1578	138
1579	138
1580	141
1581	141
1582	142
1583	142
1584	146
1585	147
1586	147
1587	147
1588	148
1589	151
1590	152
1591	152
1592	152
1593	152
1594	152
1595	152
1596	152
1597	152
1598	153
1599	153
1600	154
1601	154
1602	154
1603	156
1604	156
1605	156
1606	157
1607	159
1608	159
1609	160
1610	160
1611	160
1612	161
1613	161
1614	162
1615	164
1616	165
1617	165
1618	165
1619	165
1620	166
1621	166
1622	166
1623	167
1624	167
1625	167
1626	167
1627	167
1628	167
1629	168
1630	173
1631	173
1632	174
1633	174
1634	175
1635	176
1636	176
1637	176
1638	177
1639	177
1640	178
1641	178
1642	179
1643	180
1644	180
1645	181
1646	181
1647	182
1648	183
1649	183
1650	183
1651	183
1652	185
1653	186
1654	186
1655	187
1656	187
1657	187
1658	188
1659	189
1660	189
1661	189
1662	189
1663	190
1664	190
1665	192
1666	195
1667	195
1668	197
1669	197
1670	197
1671	198
1672	198
1673	198
1674	199
1675	199
1676	199
1677	200
1678	201
1679	201
1680	203
1681	203
1682	203
1683	204
1684	205
1685	206
1686	210
1687	211
1688	212
1689	212
1690	212
1691	213
1692	213
1693	214
1694	217
1695	218
1696	220
1697	222
1698	222
1699	224
1700	226
1701	226
1702	228
1703	230
1704	230
1705	231
1706	231
1707	231
1708	233
1709	233
1710	235
1711	238
1712	239
1713	239
1714	240
1715	241
1716	243
1717	244
1718	247
1719	247
1720	250
1721	250
1722	252
1723	255
1724	256
1725	257
1726	257
1727	258
1728	258
1729	258
1730	259
1731	260
1732	261
1733	263
1734	266
1735	266
1736	267
1737	267
1738	268
1739	268
1740	269
1741	269
1742	274
1743	275
1744	276
1745	276
1746	277
1747	277
1748	279
1749	279
1750	279
1751	280
1752	280
1753	280
1754	283
1755	285
1756	287
1757	287
1758	288
1759	288
1760	288
1761	288
1762	290
1763	291
1764	291
1765	291
1766	293
1767	294
1768	294
1769	295
1770	300
1771	300
1772	301
1773	302
1774	302
1775	302
1776	302
1777	303
1778	303
1779	303
1780	304
1781	304
1782	305
1783	305
1784	308
1785	308
1786	308
1787	309
1788	310
1789	311
1790	311
1791	313
1792	313
1793	314
1794	314
1795	317
1796	319
1797	320
1798	320
1799	321
1800	322
1801	323
1802	323
1803	328
1804	328
1805	329
1806	331
1807	332
1808	333
1809	335
1810	335
1811	335
1812	335
1813	335
1814	337
1815	337
1816	337
1817	338
1818	340
1819	341
1820	341
1821	341
1822	342
1823	343
1824	344
1825	344
1826	345
1827	345
1828	346
1829	346
1830	347
1831	348
1832	349
1833	350
1834	350
1835	352
1836	352
1837	352
1838	354
1839	357
1840	357
1841	357
1842	358
1843	362
1844	364
1845	366
1846	366
1847	368
1848	369
1849	370
1850	370
1851	370
1852	371
1853	372
1854	374
1855	374
1856	375
1857	375
1858	377
1859	379
1860	380
1861	381
1862	383
1863	384
1864	384
1865	388
1866	389
1867	390
1868	390
1869	390
1870	390
1871	390
1872	391
1873	392
1874	395
1875	396
1876	396
1877	396
1878	396
1879	398
1880	398
1881	399
1882	399
1883	401
1884	403
1885	405
1886	405
1887	406
1888	407
1889	407
1890	408
1891	409
1892	410
1893	412
1894	414
1895	415
1896	417
1897	420
1898	421
1899	421
1900	424
1901	425
1902	425
1903	425
1904	426
1905	429
1906	429
1907	430
1908	432
1909	433
1910	434
1911	438
1912	440
1913	443
1914	445
1915	447
1916	450
1917	450
1918	451
1919	454
1920	459
1921	460
1922	461
1923	461
1924	461
1925	461
1926	465
1927	465
1928	465
1929	469
1930	469
1931	470
1932	470
1933	470
1934	471
1935	472
1936	473
1937	478
1938	478
1939	482
1940	482
1941	482
1942	482
1943	483
1944	483
1945	483
1946	485
1947	485
1948	486
1949	486
1950	486
1951	490
1952	490
1953	491
1954	492
1955	492
1956	492
1957	493
1958	493
1959	493
1960	494
1961	497
1962	497
1963	498
1964	500
1965	501
1966	501
1967	502
1968	502
1969	502
1970	504
1971	504
1972	506
1973	507
1974	507
1975	507
1976	510
1977	512
1978	517
1979	519
1980	519
1981	520
1982	523
1983	523
1984	526
1985	528
1986	529
1987	529
1988	529
1989	532
1990	536
1991	538
1992	540
1993	541
1994	542
1995	543
1996	543
1997	545
1998	546
1999	547
2000	549
2001	550
2002	552
2003	553
2004	554
2005	554
2006	556
2007	557
2008	558
2009	558
2010	561
2011	561
2012	564
2013	564
2014	564
2015	566
2016	568
2017	568
2018	568
2019	568
2020	570
2021	572
2022	572
2023	573
2024	574
2025	576
2026	576
2027	576
2028	577
2029	579
2030	582
2031	584
2032	586
2033	586
2034	586
2035	587
2036	590
2037	592
2038	592
2039	594
2040	594
2041	595
2042	598
2043	600
2044	600
2045	600
2046	601
2047	602
2048	603
2049	607
2050	612
2051	615
2052	618
2053	621
2054	623
2055	625
2056	627
2057	629
2058	631
2059	632
2060	634
2061	638
2062	638
2063	638
2064	641
2065	644
2066	648
2067	650
2068	651
2069	653
2070	655
2071	655
2072	656
2073	661
2074	665
2075	668
2076	669
2077	670
2078	673
2079	675
2080	678
2081	678
2082	680
2083	681
2084	682
2085	686
2086	688
2087	690
2088	694
2089	694
2090	695
2091	699
2092	700
2093	701
2094	702
2095	704
2096	705
2097	707
2098	711
2099	714
2100	716
2101	716
2102	716
2103	716
2104	716
2105	718
2106	719
2107	724
2108	724
2109	725
2110	726
2111	726
2112	728
2113	729
2114	729
2115	731
2116	733
2117	739
2118	740
2119	741
2120	742
2121	744
2122	749
2123	750
2124	752
2125	752
2126	753
2127	753
2128	753
2129	754
2130	758
2131	759
2132	761
2133	765
2134	767
2135	767
2136	768
2137	768
2138	769
2139	769
2140	770
2141	770
2142	771
2143	771
2144	775
2145	777
2146	780
2147	781
2148	784
2149	784
2150	785
2151	787
2152	789
2153	793
2154	793
2155	793
2156	794
2157	798
2158	798
2159	799
2160	801
2161	803
2162	806
2163	806
2164	807
2165	809
2166	809
2167	814
2168	815
2169	817
2170	818
2171	818
2172	819
2173	820
2174	820
2175	821
2176	821
2177	822
2178	822
2179	822
2180	822
2181	823
2182	824
2183	824
2184	824
2185	825
2186	825
2187	825
2188	826
2189	826
2190	829
2191	829
2192	829
2193	830
2194	831
2195	832
2196	833
2197	833
2198	833
2199	835
2200	835
2201	836
2202	838
2203	838
2204	839
2205	840
2206	840
2207	842
2208	842
2209	842
2210	842
2211	842
2212	842
2213	843
2214	843
2215	844
2216	846
2217	846
2218	846
2219	846
2220	846
2221	846
2222	847
2223	847
2224	849
2225	851
2226	852
2227	852
2228	852
2229	852
2230	852
2231	853
2232	853
2233	855
2234	855
2235	856
2236	858
2237	858
2238	859
2239	860
2240	860
2241	860
2242	860
2243	861
2244	862
2245	865
2246	865
2247	865
2248	865
2249	867
2250	868
2251	870
2252	870
2253	870
2254	870
2255	871
2256	871
2257	872
2258	872
2259	872
2260	873
2261	874
2262	875
2263	876
2264	877
2265	877
2266	877
2267	878
2268	878
2269	879
2270	880
2271	880
2272	880
2273	881
2274	882
2275	882
2276	882
2277	882
2278	882
2279	882
2280	882
2281	883
2282	883
2283	883
2284	884
2285	885
2286	886
2287	886
2288	886
2289	888
2290	888
2291	888
2292	889
2293	889
2294	890
2295	890
2296	891
2297	891
2298	891
2299	891
2300	891
2301	891
2302	891
2303	891
2304	892
2305	892
2306	893
2307	893
2308	893
2309	893
2310	893
2311	893
2312	894
2313	894
2314	894
2315	894
2316	894
2317	894
2318	894
2319	894
2320	894
2321	895
2322	895
2323	895
2324	896
2325	896
2326	897
2327	897
2328	897
2329	898
2330	898
2331	898
2332	898
2333	898
2334	898
2335	898
2336	898
2337	898
2338	898
2339	898
2340	898
2341	898
2342	898
2343	899
2344	899
2345	899
2346	899
2347	899
2348	899
2349	899
2350	899
2351	899
2352	900
2353	900
2354	903
2355	904
2356	904
2357	905
2358	905
2359	905
2360	906
2361	906
2362	906
2363	906
2364	907
2365	908
2366	908
2367	908
2368	908
2369	908
2370	908
2371	908
2372	909
2373	909
2374	909
2375	909
2376	909
2377	909
2378	909
2379	909
2380	910
2381	911
2382	911
2383	911
2384	912
2385	913
2386	913
2387	914
2388	914
2389	914
2390	914
2391	914
2392	914
2393	914
2394	914
2395	915
2396	915
2397	915
2398	916
2399	917
2400	918
2401	918
2402	918
2403	918
2404	918
2405	918
2406	918
2407	918
2408	918
2409	918
2410	918
2411	919
2412	919
2413	919
2414	920
2415	921
2416	921
2417	921
2418	921
2419	921
2420	921
2421	921
2422	921
2423	921
2424	921
2425	922
2426	922
2427	922
2428	922
2429	923
2430	923
2431	923
2432	923
2433	923
2434	923
2435	923
2436	923
2437	923
2438	923
2439	924
2440	924
2441	925
2442	925
2443	926
2444	926
2445	926
2446	926
2447	927
2448	927
2449	927
2450	928
2451	928
2452	928
2453	928
2454	928
2455	928
2456	928
2457	928
2458	928
2459	928
2460	928
2461	928
2462	929
2463	929
2464	929
2465	929
2466	930
2467	930
2468	930
2469	932
2470	932
2471	932
2472	932
2473	932
2474	932
2475	933
2476	933
2477	933
2478	933
2479	933
2480	935
2481	936
2482	937
2483	937
2484	938
2485	938
2486	938
2487	939
2488	940
2489	940
2490	940
2491	941
2492	942
2493	942
2494	942
2495	942
2496	942
2497	942
2498	942
2499	942
2500	942
2501	942
2502	942
2503	942
2504	942
2505	942
2506	943
2507	944
2508	945
2509	945
2510	945
2511	945
2512	945
2513	945
2514	946
2515	948
2516	948
2517	948
2518	950
2519	951
2520	952
2521	952
2522	954
2523	954
2524	954
2525	954
2526	954
2527	955
2528	955
2529	955
2530	955
2531	956
2532	956
2533	956
2534	956
2535	956
2536	956
2537	956
2538	956
2539	957
2540	957
2541	957
2542	957
2543	957
2544	957
2545	957
2546	958
2547	958
2548	958
2549	959
2550	960
2551	961
2552	962
2553	962
2554	962
2555	964
2556	964
2557	964
2558	965
2559	965
2560	965
2561	965
2562	965
2563	966
2564	966
2565	966
2566	966
2567	966
2568	967
2569	967
2570	968
2571	968
2572	969
2573	969
2574	969
2575	969
2576	969
2577	970
2578	970
2579	970
2580	970
2581	971
2582	972
2583	973
2584	973
2585	973
2586	973
2587	974
2588	974
2589	974
2590	974
2591	975
2592	976
2593	976
2594	977
2595	977
2596	977
2597	977
2598	978
2599	979
2600	979
2601	979
2602	980
2603	980
2604	980
2605	982
2606	982
2607	982
2608	983
2609	984
2610	984
2611	984
2612	984
2613	984
2614	984
2615	985
2616	985
2617	985
2618	985
2619	985
2620	985
2621	985
2622	985
2623	985
2624	985
2625	985
2626	986
2627	986
2628	986
2629	987
2630	987
2631	988
2632	988
2633	988
2634	988
2635	988
2636	988
2637	988
2638	988
2639	988
2640	988
2641	989
2642	989
2643	989
2644	989
2645	990
2646	991
2647	992
2648	993
2649	993
2650	994
2651	996
2652	997
2653	997
2654	997
2655	998
2656	998
2657	998
2658	998
2659	999
2660	1002
2661	1003
2662	1003
2663	1003
2664	1003
2665	1003
2666	1003
2667	1003
2668	1004
2669	1004
2670	1004
2671	1004
2672	1004
2673	1004
2674	1004
2675	1004
2676	1004
2677	1004
2678	1004
2679	1004
2680	1005
2681	1005
2682	1005
2683	1005
2684	1005
2685	1005
2686	1005
2687	1006
2688	1007
2689	1007
2690	1007
2691	1007
2692	1007
2693	1007
2694	1008
2695	1008
2696	1008
2697	1008
2698	1008
2699	1008
2700	1008
2701	1008
2702	1008
2703	1009
2704	1009
2705	1009
2706	1010
2707	1010
2708	1010
2709	1010
2710	1013
2711	1013
2712	1014
2713	1014
2714	1014
2715	1017
2716	1017
2717	1017
2718	1017
2719	1017
2720	1017
2721	1019
2722	1020
2723	1020
2724	1020
2725	1020
2726	1020
2727	1020
2728	1020
2729	1020
2730	1021
2731	1021
2732	1022
2733	1022
2734	1023
2735	1023
2736	1023
2737	1023
2738	1023
2739	1023
2740	1023
2741	1024
2742	1024
2743	1026
2744	1027
2745	1027
2746	1027
2747	1028
2748	1028
2749	1029
2750	1029
2751	1029
2752	1029
2753	1030
2754	1030
2755	1030
2756	1030
2757	1030
2758	1030
2759	1030
2760	1031
2761	1031
2762	1032
2763	1033
2764	1033
2765	1033
2766	1033
2767	1033
2768	1035
2769	1035
2770	1035
2771	1036
2772	1036
2773	1036
2774	1036
2775	1036
2776	1036
2777	1036
2778	1036
2779	1036
2780	1036
2781	1037
2782	1038
2783	1038
2784	1038
2785	1039
2786	1039
2787	1039
2788	1039
2789	1040
2790	1040
2791	1042
2792	1042
2793	1043
2794	1047
2795	1047
2796	1047
2797	1048
2798	1049
2799	1049
2800	1049
2801	1049
2802	1050
2803	1050
2804	1051
2805	1052
2806	1052
2807	1052
2808	1052
2809	1052
2810	1052
2811	1054
2812	1054
2813	1054
2814	1054
2815	1054
2816	1054
2817	1054
2818	1055
2819	1056
2820	1056
2821	1056
2822	1056
2823	1057
2824	1057
2825	1057
2826	1058
2827	1059
2828	1060
2829	1060
2830	1060
2831	1061
2832	1062
2833	1062
2834	1063
2835	1063
2836	1063
2837	1063
2838	1064
2839	1064
2840	1065
2841	1065
2842	1065
2843	1067
2844	1067
2845	1067
2846	1067
2847	1067
2848	1067
2849	1067
2850	1067
2851	1067
2852	1068
2853	1068
2854	1068
2855	1068
2856	1070
2857	1070
2858	1071
2859	1071
2860	1071
2861	1071
2862	1071
2863	1073
2864	1073
2865	1075
2866	1075
2867	1076
2868	1076
2869	1076
2870	1076
2871	1076
2872	1076
2873	1076
2874	1076
2875	1077
2876	1077
2877	1077
2878	1077
2879	1078
2880	1079
2881	1079
2882	1079
2883	1080
2884	1080
2885	1081
2886	1081
2887	1081
2888	1081
2889	1081
2890	1081
2891	1081
2892	1081
2893	1082
2894	1083
2895	1084
2896	1084
2897	1085
2898	1087
2899	1087
2900	1087
2901	1088
2902	1089
2903	1089
2904	1089
2905	1089
2906	1089
2907	1089
2908	1089
2909	1089
2910	1089
2911	1089
2912	1089
2913	1089
2914	1089
2915	1089
2916	1089
2917	1089
2918	1089
2919	1089
2920	1089
2921	1089
2922	1091
2923	1092
2924	1092
2925	1092
2926	1092
2927	1092
2928	1092
2929	1092
2930	1092
2931	1092
2932	1092
2933	1092
2934	1092
2935	1092
2936	1092
2937	1092
2938	1092
2939	1092
2940	1093
2941	1093
2942	1093
2943	1093
2944	1093
2945	1093
2946	1093
2947	1093
2948	1093
2949	1093
2950	1093
2951	1093
2952	1094
2953	1094
2954	1094
2955	1095
2956	1095
2957	1096
2958	1096
2959	1096
2960	1096
2961	1097
2962	1098
2963	1099
2964	1100
2965	1100
2966	1100
2967	1101
2968	1101
2969	1101
2970	1101
2971	1101
2972	1102
2973	1102
2974	1102
2975	1102
2976	1102
2977	1104
2978	1104
2979	1104
2980	1104
2981	1105
2982	1105
2983	1107
2984	1107
2985	1107
2986	1107
2987	1107
2988	1107
2989	1107
2990	1107
2991	1107
2992	1107
2993	1107
2994	1108
2995	1109
2996	1110
2997	1111
2998	1113
2999	1114
3000	1114
3001	1114
3002	1114
3003	1115
3004	1116
3005	1116
3006	1116
3007	1116
3008	1116
3009	1116
3010	1116
3011	1116
3012	1116
3013	1116
3014	1116
3015	1117
3016	1117
3017	1117
3018	1117
3019	1117
3020	1118
3021	1118
3022	1118
3023	1118
3024	1118
3025	1119
3026	1119
3027	1119
3028	1119
3029	1119
3030	1119
3031	1119
3032	1119
3033	1119
3034	1120
3035	1120
3036	1120
3037	1120
3038	1121
3039	1122
3040	1122
3041	1123
3042	1125
3043	1125
3044	1125
3045	1125
3046	1125
3047	1125
3048	1125
3049	1125
3050	1125
3051	1125
3052	1125
3053	1125
3054	1126
3055	1126
3056	1126
3057	1127
3058	1127
3059	1127
3060	1127
3061	1128
3062	1128
3063	1128
3064	1132
3065	1133
3066	1133
3067	1133
3068	1133
3069	1133
3070	1134
3071	1134
3072	1134
3073	1135
3074	1135
3075	1135
3076	1135
3077	1135
3078	1135
3079	1136
3080	1136
3081	1136
3082	1136
3083	1137
3084	1137
3085	1137
3086	1138
3087	1138
3088	1138
3089	1138
3090	1138
3091	1138
3092	1138
3093	1138
3094	1138
3095	1138
3096	1138
3097	1138
3098	1138
3099	1138
3100	1138
3101	1138
3102	1138
3103	1138
3104	1138
3105	1139
3106	1139
3107	1139
3108	1139
3109	1140
3110	1140
3111	1140
3112	1140
3113	1140
3114	1141
3115	1141
3116	1141
3117	1141
3118	1141
3119	1141
3120	1142
3121	1142
3122	1142
3123	1142
3124	1142
3125	1142
3126	1142
3127	1142
3128	1142
3129	1142
3130	1142
3131	1142
3132	1142
3133	1142
3134	1142
3135	1143
3136	1143
3137	1143
3138	1143
3139	1143
3140	1143
3141	1143
3142	1143
3143	1144
3144	1145
3145	1145
3146	1145
3147	1145
3148	1145
3149	1145
3150	1145
3151	1145
3152	1145
3153	1145
3154	1145
3155	1145
3156	1146
3157	1146
3158	1146
3159	1147
3160	1147
3161	1147
3162	1147
3163	1147
3164	1147
3165	1147
3166	1147
3167	1147
3168	1148
3169	1148
3170	1148
3171	1148
3172	1148
3173	1148
3174	1148
3175	1148
3176	1148
3177	1148
3178	1148
3179	1148
3180	1148
3181	1148
3182	1148
3183	1148
3184	1148
3185	1148
3186	1148
3187	1148
3188	1148
3189	1149
3190	1149
3191	1149
3192	1149
3193	1149
3194	1149
3195	1149
3196	1149
3197	1149
3198	1149
3199	1149
3200	1149
3201	1149
3202	1149
3203	1150
3204	1150
3205	1150
3206	1150
3207	1151
3208	1151
3209	1151
3210	1151
3211	1151
3212	1151
3213	1151
3214	1151
3215	1151
3216	1151
3217	1152
3218	1152
3219	1152
3220	1152
3221	1152
3222	1152
3223	1153
3224	1153
3225	1153
3226	1153
3227	1153
3228	1153
3229	1153
3230	1153
3231	1154
3232	1154
3233	1154
3234	1154
3235	1154
3236	1154
3237	1154
3238	1154
3239	1154
3240	1154
3241	1154
3242	1154
3243	1154
3244	1154
3245	1154
3246	1154
3247	1154
3248	1154
3249	1154
3250	1154
3251	1154
3252	1154
3253	1155
3254	1155
3255	1155
3256	1155
3257	1155
3258	1155
3259	1155
3260	1155
3261	1155
3262	1155
3263	1156
3264	1156
3265	1156
3266	1156
3267	1156
3268	1156
3269	1156
3270	1156
3271	1156
3272	1156
3273	1156
3274	1156
3275	1156
3276	1156
3277	1156
3278	1156
3279	1156
3280	1156
3281	1156
3282	1156
3283	1156
3284	1156
3285	1156
3286	1156
3287	1156
3288	1157
3289	1157
3290	1157
3291	1157
3292	1157
3293	1157
3294	1157
3295	1157
3296	1157
3297	1157
3298	1157
3299	1157
3300	1157
3301	1157
3302	1157
3303	1157
3304	1158
3305	1158
3306	1158
3307	1158
3308	1158
3309	1158
3310	1158
3311	1158
3312	1158
3313	1158
3314	1158
3315	1158
3316	1158
3317	1159
3318	1159
3319	1159
3320	1159
3321	1159
3322	1159
3323	1159
3324	1159
3325	1159
3326	1159
3327	1159
3328	1159
3329	1159
3330	1159
3331	1159
3332	1159
3333	1159
3334	1159
3335	1159
3336	1159
3337	1159
3338	1159
3339	1159
3340	1159
3341	1159
3342	1159
3343	1159
3344	1159
3345	1159
3346	1159
3347	1160
3348	1160
3349	1160
3350	1160
3351	1160
3352	1160
3353	1160
3354	1160
3355	1160
3356	1160
3357	1160
3358	1160
3359	1160
3360	1160
3361	1160
3362	1161
3363	1161
3364	1161
3365	1161
3366	1161
3367	1161
3368	1161
3369	1161
3370	1161
3371	1161
3372	1161
3373	1161
3374	1161
3375	1162
3376	1162
3377	1162
3378	1162
3379	1162
3380	1162
3381	1162
3382	1162
3383	1162
3384	1162
3385	1162
3386	1162
3387	1162
3388	1162
3389	1162
3390	1162
3391	1162
3392	1162
3393	1162
3394	1162
3395	1162
3396	1162
3397	1162
3398	1162
3399	1162
3400	1162
3401	1163
3402	1163
3403	1163
3404	1163
3405	1163
3406	1163
3407	1163
3408	1163
3409	1163
3410	1163
3411	1163
3412	1163
3413	1163
3414	1163
3415	1163
3416	1163
3417	1163
3418	1163
3419	1163
3420	1163
3421	1163
3422	1163
3423	1163
3424	1163
3425	1163
3426	1163
3427	1163
3428	1163
3429	1163
3430	1163
3431	1163
3432	1163
3433	1163
3434	1163
3435	1163
3436	1163
3437	1163
3438	1163
3439	1163
3440	1163
3441	1163
3442	1163
3443	1163
3444	1163
3445	1163
3446	1163
3447	1163
3448	1163
3449	1163
3450	1163
3451	1163
3452	1163
3453	1163
3454	1163
3455	1163
3456	1163
3457	1163
3458	1163
3459	1163
3460	1163
3461	1163
3462	1163
3463	1163
3464	1163
3465	1163
3466	1163
3467	1163
3468	1163
3469	1163
3470	1163
3471	1163
3472	1163
3473	1163
3474	1163
3475	1163
3476	1165
3477	1165
3478	1165
3479	1165
3480	1165
3481	1165
3482	1165
3483	1165
3484	1165
3485	1165
3486	1165
3487	1165
3488	1165
3489	1165
3490	1165
3491	1165
3492	1165
3493	1165
3494	1165
3495	1165
3496	1165
3497	1165
3498	1165
3499	1165
3500	1165
3501	1165
3502	1165
3503	1165
3504	1165
3505	1165
3506	1165
3507	1165
3508	1165
3509	1165
3510	1165
3511	1165
3512	1165
3513	1166
3514	1166
3515	1166
3516	1166
3517	1166
3518	1167
3519	1167
3520	1167
3521	1167
3522	1167
3523	1167
3524	1167
3525	1167
3526	1167
3527	1167
3528	1167
3529	1167
3530	1167
3531	1167
3532	1167
3533	1167
3534	1167
3535	1167
3536	1167
3537	1167
3538	1167
3539	1167
3540	1167
3541	1167
3542	1167
3543	1167
3544	1167
3545	1167
3546	1167
3547	1167
3548	1167
3549	1168
3550	1168
3551	1168
3552	1168
3553	1168
3554	1169
3555	1169
3556	1169
3557	1169
3558	1169
3559	1169
3560	1169
3561	1169
3562	1169
3563	1169
3564	1169
3565	1169
3566	1169
3567	1169
3568	1169
3569	1169
3570	1169
3571	1169
3572	1169
3573	1169
3574	1169
3575	1169
3576	1169
3577	1169
3578	1169
3579	1169
3580	1169
3581	1169
3582	1169
3583	1169
3584	1169
3585	1169
3586	1169
3587	1169
3588	1169
3589	1169
3590	1169
3591	1169
3592	1169
3593	1169
3594	1169
3595	1169
3596	1169
3597	1169
3598	1169
3599	1169
3600	1169
3601	1169
3602	1169
3603	1169
3604	1169
3605	1169
3606	1169
3607	1169
3608	1169
3609	1169
3610	1169
3611	1169
3612	1169
3613	1169
3614	1169
3615	1169
3616	1169
3617	1169
3618	1169
3619	1169
3620	1169
3621	1169
3622	1169
3623	1169
3624	1169
3625	1169
3626	1169
3627	1169
3628	1169
3629	1169
3630	1169
3631	1169
3632	1169
3633	1169
3634	1169
3635	1169
3636	1169
3637	1169
3638	1169
3639	1169
3640	1169
3641	1169
3642	1169
3643	1169
3644	1169
3645	1169
3646	1169
3647	1169
3648	1169
3649	1169
3650	1169
3651	1169
3652	1169
3653	1169
3654	1169
3655	1169
3656	1169
3657	1169
3658	1169
3659	1169
3660	1169
3661	1169
3662	1169
3663	1169
3664	1169
3665	1169
3666	1169
3667	1169
3668	1169
3669	1169
3670	1169
3671	1169
3672	1169
3673	1169
3674	1170
3675	1170
3676	1170
3677	1170
3678	1170
3679	1170
3680	1170
3681	1170
3682	1170
3683	1170
3684	1170
3685	1170
3686	1170
3687	1170
3688	1170
3689	1170
3690	1170
3691	1170
3692	1170
3693	1170
3694	1170
3695	1170
3696	1170
3697	1170
3698	1170
3699	1170
3700	1171
3701	1171
3702	1171
3703	1171
3704	1171
3705	1171
3706	1171
3707	1171
3708	1171
3709	1171
3710	1171
3711	1172
3712	1172
3713	1172
3714	1172
3715	1172
3716	1172
3717	1172
3718	1172
3719	1172
3720	1172
3721	1172
3722	1172
3723	1172
3724	1172
3725	1172
3726	1172
3727	1172
3728	1172
3729	1172
3730	1172
3731	1172
3732	1172
3733	1172
3734	1172
3735	1172
3736	1172
3737	1172
3738	1172
3739	1172
3740	1172
3741	1172
3742	1172
3743	1172
3744	1172
3745	1172
3746	1172
3747	1172
3748	1172
3749	1172
3750	1172
3751	1172
3752	1172
3753	1172
3754	1172
3755	1172
3756	1172
3757	1172
3758	1172
3759	1172
3760	1172
3761	1172
3762	1172
3763	1172
3764	1172
3765	1172
3766	1172
3767	1172
3768	1172
3769	1172
3770	1172
3771	1172
3772	1172
3773	1172
3774	1172
3775	1172
3776	1172
3777	1172
3778	1172
3779	1172
3780	1172
3781	1172
3782	1172
3783	1172
3784	1172
3785	1172
3786	1172
3787	1172
3788	1172
3789	1172
3790	1172
3791	1172
3792	1172
3793	1172
3794	1172
3795	1172
3796	1172
3797	1172
3798	1172
3799	1172
3800	1172
3801	1172
3802	1172
3803	1172
3804	1172
3805	1172
3806	1172
3807	1172
3808	1172
3809	1172
3810	1172
3811	1172
3812	1172
3813	1172
3814	1172
3815	1172
3816	1172
3817	1172
3818	1172
3819	1172
3820	1172
3821	1172
3822	1172
3823	1172
3824	1172
3825	1172
3826	1172
3827	1172
3828	1172
3829	1172
3830	1172
3831	1172
3832	1172
3833	1172
3834	1172
3835	1172
3836	1172
3837	1172
3838	1172
3839	1172
3840	1172
3841	1172
3842	1172
3843	1172
3844	1172
3845	1172
3846	1172
3847	1172
3848	1172
3849	1172
3850	1172
3851	1172
3852	1172
3853	1172
3854	1172
3855	1172
3856	1172
3857	1172
3858	1172
3859	1172
3860	1172
3861	1172
3862	1172
3863	1172
3864	1172
3865	1172
3866	1172
3867	1172
3868	1172
3869	1172
3870	1172
3871	1172
3872	1172
3873	1172
3874	1172
3875	1172
3876	1172
3877	1172
3878	1172
3879	1172
3880	1172
3881	1172
3882	1172
3883	1172
3884	1172
3885	1172
3886	1172
3887	1172
3888	1172
3889	1172
3890	1172
3891	1172
3892	1172
3893	1172
3894	1172
3895	1172
3896	1172
3897	1172
3898	1172
3899	1172
3900	1172
3901	1172
3902	1172
3903	1172
3904	1172
3905	1172
3906	1172
3907	1172
3908	1172
3909	1172
3910	1172
3911	1172
3912	1172
3913	1172
3914	1172
3915	1172
3916	1172
3917	1172
3918	1172
3919	1172
3920	1172
3921	1172
3922	1172
3923	1172
3924	1172
3925	1172
3926	1172
3927	1172
3928	1172
3929	1172
3930	1172
3931	1172
3932	1172
3933	1172
3934	1172
3935	1172
3936	1172
3937	1172
3938	1172
3939	1172
3940	1172
3941	1172
3942	1172
3943	1172
3944	1172
3945	1172
3946	1172
3947	1172
3948	1172
3949	1172
3950	1172
3951	1172
3952	1172
3953	1172
3954	1172
3955	1172
3956	1172
3957	1172
3958	1172
3959	1172
3960	1172
3961	1172
3962	1172
3963	1172
3964	1172
3965	1172
3966	1172
3967	1172
3968	1172
3969	1172
3970	1172
3971	1172
3972	1172
3973	1172
3974	1172
3975	1172
3976	1172
3977	1172
3978	1172
3979	1172
3980	1172
3981	1172
3982	1172
3983	1172
3984	1172
3985	1172
3986	1172
3987	1172
3988	1172
3989	1172
3990	1172
3991	1172
3992	1172
3993	1172
3994	1172
3995	1172
3996	1172
3997	1172
3998	1172
3999	1172
4000	1172
4001	1172
4002	1172
4003	1172
4004	1172
4005	1172
4006	1172
4007	1172
4008	1172
4009	1172
4010	1172
4011	1172
4012	1172
4013	1172
4014	1172
4015	1172
4016	1172
4017	1172
4018	1172
4019	1172
4020	1172
4021	1172
4022	1172
4023	1172
4024	1172
4025	1172
4026	1172
4027	1172
4028	1172
4029	1172
4030	1172
4031	1172
4032	1172
4033	1172
4034	1172
4035	1172
4036	1172
4037	1172
4038	1172
4039	1172
4040	1172
4041	1172
4042	1172
4043	1172
4044	1172
4045	1172
4046	1172
4047	1172
4048	1172
4049	1172
4050	1172
4051	1172
4052	1172
4053	1172
4054	1172
4055	1172
4056	1172
4057	1172
4058	1172
4059	1172
4060	1172
4061	1172
4062	1172
4063	1172
4064	1172
4065	1172
4066	1172
4067	1172
4068	1172
4069	1172
4070	1172
4071	1172
4072	1172
4073	1172
4074	1172
4075	1172
4076	1172
4077	1172
4078	1172
4079	1172
4080	1172
4081	1172
4082	1172
4083	1172
4084	1172
4085	1172
4086	1172
4087	1172
4088	1172
4089	1172
4090	1172
4091	1172
4092	1172
4093	1172
4094	1172
4095	1172
4096	1172
4097	1172
4098	1172
4099	1172
4100	1172
4101	1172
4102	1172
4103	1172
4104	1172
4105	1172
4106	1172
4107	1172
4108	1172
4109	1172
4110	1172
4111	1172
4112	1172
4113	1172
4114	1172
4115	1172
4116	1172
4117	1172
4118	1172
4119	1172
4120	1172
4121	1172
4122	1172
4123	1172
4124	1172
4125	1172
4126	1172
4127	1172
4128	1172
4129	1172
4130	1172
4131	1172
4132	1172
4133	1172
4134	1172
4135	1172
4136	1172
4137	1172
4138	1172
4139	1172
4140	1172
4141	1172
4142	1172
4143	1172
4144	1172
4145	1172
4146	1172
4147	1172
4148	1172
4149	1172
4150	1172
4151	1172
4152	1172
4153	1172
4154	1172
4155	1172
4156	1172
4157	1172
4158	1172
4159	1172
4160	1172
4161	1172
4162	1172
4163	1172
4164	1172
4165	1172
4166	1172
4167	1172
4168	1172
4169	1172
4170	1172
4171	1172
4172	1172
4173	1172
4174	1172
4175	1172
4176	1172
4177	1172
4178	1172
4179	1172
4180	1172
4181	1172
4182	1172
4183	1172
4184	1172
4185	1172
4186	1172
4187	1172
4188	1172
4189	1172
4190	1172
4191	1172
4192	1172
4193	1172
4194	1172
4195	1172
4196	1172
4197	1172
4198	1172
4199	1172
4200	1172
4201	1172
4202	1172
4203	1172
4204	1172
4205	1172
4206	1172
4207	1172
4208	1172
4209	1172
4210	1172
4211	1172
4212	1172
4213	1172
4214	1172
4215	1172
4216	1172
4217	1172
4218	1172
4219	1172
4220	1172
4221	1172
4222	1172
4223	1172
4224	1172
4225	1172
4226	1172
4227	1172
4228	1172
4229	1172
4230	1172
4231	1172
4232	1172
4233	1172
4234	1172
4235	1172
4236	1172
4237	1172
4238	1172
4239	1172
4240	1172
4241	1172
4242	1172
4243	1172
4244	1172
4245	1172
4246	1172
4247	1172
4248	1172
4249	1172
4250	1172
4251	1172
4252	1172
4253	1172
4254	1172
4255	1172
4256	1172
4257	1172
4258	1172
4259	1172
4260	1172
4261	1172
4262	1172
4263	1172
4264	1172
4265	1172
4266	1172
4267	1172
4268	1172
4269	1172
4270	1172
4271	1172
4272	1172
4273	1172
4274	1172
4275	1172
4276	1172
4277	1172
4278	1172
4279	1172
4280	1172
4281	1172
4282	1172
4283	1172
4284	1172
4285	1172
4286	1172
4287	1172
4288	1172
4289	1172
4290	1172
4291	1172
4292	1172
4293	1172
4294	1172
4295	1172
4296	1172
4297	1172
4298	1172
4299	1172
4300	1172
4301	1172
4302	1172
4303	1172
4304	1172
4305	1172
4306	1172
4307	1172
4308	1172
4309	1172
4310	1172
4311	1172
4312	1172
4313	1172
4314	1172
4315	1172
4316	1172
4317	1172
4318	1172
4319	1172
4320	1172
4321	1172
4322	1172
4323	1172
4324	1172
4325	1172
4326	1172
4327	1172
4328	1172
4329	1172
4330	1172
4331	1172
4332	1172
4333	1172
4334	1172
4335	1172
4336	1172
4337	1172
4338	1172
4339	1172
4340	1172
4341	1172
4342	1172
4343	1172
4344	1172
4345	1172
4346	1172
4347	1172
4348	1172
4349	1172
4350	1172
4351	1172
4352	1172
4353	1172
4354	1172
4355	1172
4356	1172
4357	1172
4358	1172
4359	1172
4360	1172
4361	1172
4362	1172
4363	1172
4364	1172
4365	1172
4366	1172
4367	1172
4368	1172
4369	1172
4370	1172
4371	1172
4372	1172
4373	1172
4374	1172
4375	1172
4376	1172
4377	1172
4378	1172
4379	1172
4380	1172
4381	1172
4382	1172
4383	1172
4384	1172
4385	1172
4386	1172
4387	1172
4388	1172
4389	1172
4390	1172
4391	1172
4392	1172
4393	1172
4394	1172
4395	1172
4396	1172
4397	1172
4398	1172
4399	1172
4400	1172
4401	1172
4402	1172
4403	1172
4404	1172
4405	1172
4406	1172
4407	1172
4408	1172
4409	1172
4410	1172
4411	1172
4412	1172
4413	1172
4414	1172
4415	1172
4416	1172
4417	1172
4418	1172
4419	1172
4420	1172
4421	1172
4422	1172
4423	1172
4424	1172
4425	1172
4426	1172
4427	1172
4428	1172
4429	1172
4430	1172
4431	1172
4432	1172
4433	1172
4434	1172
4435	1172
4436	1172
4437	1172
4438	1172
4439	1172
4440	1172
4441	1172
4442	1172
4443	1172
4444	1172
4445	1172
4446	1172
4447	1172
4448	1172
4449	1172
4450	1172
4451	1172
4452	1172
4453	1172
4454	1172
4455	1172
4456	1172
4457	1172
4458	1172
4459	1172
4460	1172
4461	1172
4462	1172
4463	1172
4464	1172
4465	1172
4466	1172
4467	1172
4468	1172
4469	1172
4470	1172
4471	1172
4472	1172
4473	1172
4474	1172
4475	1172
4476	1172
4477	1172
4478	1172
4479	1172
4480	1172
4481	1172
4482	1172
4483	1172
4484	1172
4485	1172
4486	1172
4487	1172
4488	1172
4489	1172
4490	1172
4491	1172
4492	1173
4493	1173
4494	1173
4495	1173
4496	1173
4497	1173
4498	1173
4499	1173
4500	1173
4501	1173
4502	1173
4503	1173
4504	1173
4505	1173
4506	1173
4507	1173
4508	1173
4509	1173
4510	1173
4511	1173
4512	1173
4513	1173
4514	1173
4515	1173
4516	1173
4517	1173
4518	1173
4519	1173
4520	1173
4521	1173
4522	1173
4523	1173
4524	1173
4525	1173
4526	1173
4527	1173
4528	1173
4529	1173
4530	1173
4531	1173
4532	1173
4533	1173
4534	1173
4535	1173
4536	1173
4537	1173
4538	1173
4539	1173
4540	1173
4541	1173
4542	1173
4543	1173
4544	1173
4545	1173
4546	1173
4547	1174
4548	1174
4549	1174
4550	1174
4551	1174
4552	1174
4553	1174
4554	1174
4555	1174
4556	1174
4557	1174
4558	1174
4559	1174
4560	1174
4561	1174
4562	1174
4563	1174
4564	1174
4565	1174
4566	1174
4567	1174
4568	1174
4569	1174
4570	1174
4571	1174
4572	1174
4573	1174
4574	1175
4575	1175
4576	1175
4577	1175
4578	1175
4579	1175
4580	1175
4581	1175
4582	1175
4583	1175
4584	1175
4585	1175
4586	1175
4587	1175
4588	1175
4589	1175
4590	1175
4591	1175
4592	1175
4593	1175
4594	1175
4595	1175
4596	1175
4597	1175
4598	1175
4599	1175
4600	1175
4601	1175
4602	1175
4603	1175
4604	1175
4605	1175
4606	1175
4607	1175
4608	1175
4609	1175
4610	1175
4611	1175
4612	1175
4613	1175
4614	1175
4615	1175
4616	1175
4617	1175
4618	1175
4619	1175
4620	1175
4621	1175
4622	1175
4623	1175
4624	1176
4625	1177
4626	1177
4627	1177
4628	1177
4629	1177
4630	1177
4631	1177
4632	1177
4633	1177
4634	1177
4635	1177
4636	1177
4637	1177
4638	1177
4639	1177
4640	1177
4641	1177
4642	1177
4643	1177
4644	1177
4645	1177
4646	1177
4647	1177
4648	1177
4649	1177
4650	1177
4651	1177
4652	1177
4653	1177
4654	1177
4655	1177
4656	1177
4657	1177
4658	1177
4659	1177
4660	1177
4661	1177
4662	1177
4663	1177
4664	1177
4665	1177
4666	1177
4667	1177
4668	1177
4669	1177
4670	1177
4671	1177
4672	1177
4673	1177
4674	1177
4675	1177
4676	1177
4677	1177
4678	1177
4679	1177
4680	1177
4681	1177
4682	1177
4683	1177
4684	1177
4685	1177
4686	1177
4687	1177
4688	1177
4689	1177
4690	1177
4691	1177
4692	1177
4693	1177
4694	1177
4695	1177
4696	1177
4697	1177
4698	1177
4699	1177
4700	1177
4701	1177
4702	1177
4703	1177
4704	1177
4705	1177
4706	1177
4707	1177
4708	1177
4709	1177
4710	1177
4711	1177
4712	1177
4713	1177
4714	1177
4715	1177
4716	1177
4717	1177
4718	1177
4719	1177
4720	1177
4721	1177
4722	1177
4723	1177
4724	1177
4725	1177
4726	1177
4727	1177
4728	1177
4729	1177
4730	1177
4731	1177
4732	1177
4733	1177
4734	1177
4735	1177
4736	1177
4737	1177
4738	1177
4739	1177
4740	1177
4741	1177
4742	1177
4743	1177
4744	1177
4745	1177
4746	1177
4747	1177
4748	1177
4749	1177
4750	1177
4751	1177
4752	1177
4753	1177
4754	1177
4755	1177
4756	1177
4757	1177
4758	1177
4759	1177
4760	1177
4761	1177
4762	1177
4763	1177
4764	1177
4765	1177
4766	1177
4767	1177
4768	1177
4769	1177
4770	1177
4771	1177
4772	1177
4773	1177
4774	1177
4775	1177
4776	1177
4777	1177
4778	1177
4779	1177
4780	1177
4781	1177
4782	1177
4783	1177
4784	1177
4785	1177
4786	1177
4787	1177
4788	1177
4789	1177
4790	1177
4791	1177
4792	1177
4793	1177
4794	1177
4795	1177
4796	1177
4797	1177
4798	1177
4799	1177
4800	1177
4801	1177
4802	1177
4803	1177
4804	1177
4805	1177
4806	1177
4807	1177
4808	1177
4809	1177
4810	1177
4811	1177
4812	1177
4813	1177
4814	1177
4815	1177
4816	1177
4817	1177
4818	1177
4819	1177
4820	1177
4821	1177
4822	1177
4823	1177
4824	1177
4825	1177
4826	1177
4827	1177
4828	1177
4829	1177
4830	1177
4831	1177
4832	1177
4833	1177
4834	1177
4835	1177
4836	1177
4837	1177
4838	1177
4839	1177
4840	1177
4841	1177
4842	1177
4843	1177
4844	1177
4845	1177
4846	1177
4847	1177
4848	1177
4849	1177
4850	1177
4851	1177
4852	1178
4853	1178
4854	1178
4855	1178
4856	1178
4857	1178
4858	1178
4859	1178
4860	1178
4861	1178
4862	1178
4863	1178
4864	1178
4865	1178
4866	1178
4867	1178
4868	1178
4869	1178
4870	1178
4871	1178
4872	1178
4873	1178
4874	1178
4875	1178
4876	1178
4877	1178
4878	1178
4879	1178
4880	1178
4881	1178
4882	1178
4883	1178
4884	1178
4885	1178
4886	1178
4887	1178
4888	1178
4889	1178
4890	1178
4891	1178
4892	1178
4893	1178
4894	1178
4895	1178
4896	1178
4897	1178
4898	1178
4899	1178
4900	1178
4901	1178
4902	1178
4903	1178
4904	1179
4905	1179
4906	1179
4907	1179
4908	1179
4909	1179
4910	1179
4911	1179
4912	1179
4913	1179
4914	1179
4915	1179
4916	1179
4917	1179
4918	1179
4919	1179
4920	1179
4921	1179
4922	1179
4923	1179
4924	1179
4925	1179
4926	1179
4927	1179
4928	1179
4929	1179
4930	1179
4931	1179
4932	1179
4933	1179
4934	1179
4935	1179
4936	1179
4937	1179
4938	1179
4939	1179
4940	1179
4941	1179
4942	1179
4943	1179
4944	1179
4945	1179
4946	1179
4947	1179
4948	1179
4949	1179
4950	1179
4951	1179
4952	1179
4953	1179
4954	1179
4955	1179
4956	1179
4957	1179
4958	1179
4959	1179
4960	1179
4961	1179
4962	1179
4963	1179
4964	1179
4965	1179
4966	1179
4967	1179
4968	1179
4969	1179
4970	1179
4971	1179
4972	1179
4973	1179
4974	1179
4975	1179
4976	1179
4977	1179
4978	1179
4979	1179
4980	1179
4981	1179
4982	1179
4983	1179
4984	1179
4985	1179
4986	1179
4987	1179
4988	1179
4989	1179
4990	1179
4991	1179
4992	1179
4993	1179
4994	1179
4995	1179
4996	1179
4997	1179
4998	1179
4999	1179

