0	0
1	0
2	0
3	0
4	0
5	0
6	0
7	0
8	0
9	0
10	0
11	0
12	0
13	0
14	0
15	0
16	0
17	0
18	0
19	0
20	0
21	0
22	0
23	0
24	0
25	0
26	0
27	0
28	0
29	0
30	0
31	0
32	0
33	0
34	0
35	0
36	0
37	0
38	0
39	0
40	0
41	0
42	0
43	0
44	0
45	0
46	0
47	0
48	0
49	0
50	0
51	0
52	0
53	0
54	0
55	0
56	0
57	0
58	0
59	0
60	0
61	0
62	0
63	0
64	0
65	0
66	0
67	0
68	0
69	0
70	0
71	0
72	0
73	0
74	0
75	0
76	0
77	0
78	0
79	0
80	0
81	0
82	0
83	0
84	0
85	0
86	0
87	0
88	0
89	0
90	0
91	0
92	0
93	0
94	0
95	0
96	0
97	0
98	0
99	0
100	0
101	0
102	0
103	0
104	0
105	0
106	0
107	0
108	0
109	0
110	0
111	0
112	0
113	0
114	0
115	0
116	0
117	0
118	0
119	0
120	0
121	0
122	0
123	0
124	0
125	0
126	0
127	0
128	0
129	0
130	0
131	0
132	0
133	0
134	0
135	0
136	0
137	0
138	0
139	0
140	0
141	0
142	0
143	0
144	0
145	0
146	0
147	0
148	0
149	0
150	0
151	0
152	0
153	0
154	0
155	0
156	0
157	0
158	0
159	0
160	0
161	0
162	0
163	0
164	0
165	0
166	0
167	0
168	0
169	0
170	0
171	0
172	0
173	0
174	0
175	0
176	0
177	0
178	0
179	0
180	0
181	0
182	0
183	0
184	0
185	0
186	0
187	0
188	0
189	0
190	0
191	0
192	0
193	0
194	0
195	0
196	0
197	0
198	0
199	0
200	0
201	0
202	0
203	0
204	0
205	0
206	0
207	0
208	0
209	0
210	0
211	0
212	0
213	0
214	0
215	0
216	0
217	0
218	0
219	0
220	0
221	0
222	0
223	0
224	0
225	0
226	0
227	0
228	0
229	0
230	0
231	0
232	0
233	0
234	0
235	0
236	0
237	0
238	0
239	0
240	0
241	0
242	0
243	0
244	0
245	0
246	0
247	0
248	0
249	0
250	0
251	0
252	0
253	0
254	0
255	0
256	0
257	0
258	0
259	0
260	0
261	0
262	0
263	0
264	0
265	0
266	0
267	0
268	0
269	0
270	0
271	0
272	0
273	0
274	0
275	0
276	0
277	0
278	0
279	0
280	0
281	0
282	0
283	0
284	0
285	0
286	0
287	0
288	0
289	0
290	0
291	0
292	0
293	0
294	0
295	0
296	0
297	0
298	0
299	0
300	0
301	0
302	0
303	0
304	0
305	0
306	0
307	0
308	0
309	0
310	0
311	0
312	0
313	0
314	0
315	0
316	0
317	0
318	0
319	0
320	0
321	0
322	0
323	0
324	0
325	0
326	0
327	0
328	0
329	0
330	0
331	0
332	0
333	0
334	0
335	0
336	0
337	0
338	0
339	0
340	0
341	0
342	0
343	0
344	0
345	0
346	0
347	0
348	0
349	0
350	0
351	0
352	0
353	0
354	0
355	0
356	0
357	0
358	0
359	0
360	0
361	0
362	0
363	0
364	0
365	0
366	0
367	0
368	0
369	0
370	0
371	0
372	0
373	0
374	0
375	0
376	0
377	0
378	0
379	0
380	0
381	0
382	0
383	0
384	0
385	0
386	0
387	0
388	0
389	0
390	0
391	0
392	0
393	0
394	0
395	0
396	0
397	0
398	0
399	0
400	0
401	0
402	0
403	0
404	0
405	0
406	0
407	0
408	0
409	0
410	0
411	0
412	0
413	0
414	0
415	0
416	0
417	0
418	0
419	0
420	0
421	0
422	0
423	0
424	0
425	0
426	0
427	0
428	0
429	0
430	0
431	0
432	0
433	0
434	0
435	0
436	0
437	0
438	0
439	0
440	0
441	0
442	0
443	0
444	0
445	0
446	0
447	0
448	0
449	0
450	0
451	0
452	0
453	0
454	0
455	0
456	0
457	0
458	0
459	0
460	0
461	0
462	0
463	0
464	0
465	0
466	0
467	0
468	0
469	0
470	0
471	0
472	0
473	0
474	0
475	0
476	0
477	0
478	0
479	0
480	0
481	0
482	0
483	0
484	0
485	0
486	0
487	0
488	0
489	0
490	0
491	0
492	0
493	0
494	0
495	0
496	0
497	0
498	0
499	0
500	0
501	0
502	0
503	0
504	0
505	0
506	0
507	0
508	0
509	0
510	0
511	0
512	0
513	0
514	0
515	0
516	0
517	0
518	0
519	0
520	0
521	0
522	0
523	0
524	0
525	0
526	0
527	0
528	0
529	0
530	0
531	0
532	0
533	0
534	0
535	0
536	0
537	0
538	0
539	0
540	0
541	0
542	0
543	0
544	0
545	0
546	0
547	0
548	0
549	0
550	0
551	0
552	0
553	0
554	0
555	0
556	0
557	0
558	0
559	0
560	0
561	0
562	0
563	0
564	0
565	0
566	0
567	0
568	0
569	0
570	0
571	0
572	0
573	0
574	0
575	0
576	0
577	0
578	0
579	0
580	0
581	0
582	0
583	0
584	0
585	0
586	0
587	0
588	0
589	0
590	0
591	0
592	0
593	0
594	0
595	0
596	0
597	0
598	0
599	0
600	0
601	0
602	0
603	0
604	0
605	0
606	0
607	0
608	0
609	0
610	0
611	0
612	0
613	0
614	0
615	0
616	0
617	0
618	0
619	0
620	0
621	0
622	0
623	0
624	0
625	0
626	0
627	0
628	0
629	0
630	0
631	0
632	0
633	0
634	0
635	0
636	0
637	0
638	0
639	0
640	0
641	0
642	0
643	0
644	0
645	0
646	0
647	0
648	0
649	0
650	0
651	0
652	0
653	0
654	0
655	0
656	0
657	0
658	0
659	0
660	0
661	0
662	0
663	0
664	0
665	0
666	0
667	0
668	0
669	0
670	0
671	0
672	0
673	0
674	0
675	0
676	0
677	0
678	0
679	0
680	0
681	0
682	0
683	0
684	0
685	0
686	0
687	0
688	0
689	0
690	0
691	0
692	0
693	0
694	0
695	0
696	0
697	0
698	0
699	0
700	0
701	0
702	0
703	0
704	0
705	0
706	0
707	0
708	0
709	0
710	0
711	0
712	0
713	0
714	0
715	0
716	0
717	0
718	0
719	0
720	0
721	0
722	0
723	0
724	0
725	0
726	0
727	0
728	0
729	0
730	0
731	0
732	0
733	0
734	0
735	0
736	0
737	0
738	0
739	0
740	0
741	0
742	0
743	0
744	0
745	0
746	0
747	0
748	0
749	0
750	0
751	0
752	0
753	0
754	0
755	0
756	0
757	0
758	0
759	0
760	0
761	0
762	0
763	0
764	0
765	0
766	0
767	0
768	0
769	0
770	0
771	0
772	0
773	0
774	0
775	0
776	0
777	0
778	0
779	0
780	0
781	0
782	0
783	0
784	0
785	0
786	0
787	0
788	0
789	0
790	0
791	0
792	0
793	0
794	0
795	0
796	0
797	0
798	0
799	0
800	0
801	0
802	0
803	0
804	0
805	0
806	0
807	0
808	0
809	0
810	0
811	0
812	0
813	0
814	0
815	0
816	0
817	0
818	0
819	0
820	0
821	0
822	0
823	0
824	0
825	0
826	0
827	0
828	0
829	0
830	0
831	0
832	0
833	0
834	0
835	0
836	0
837	0
838	0
839	0
840	0
841	0
842	0
843	0
844	0
845	0
846	0
847	0
848	0
849	0
850	0
851	0
852	0
853	0
854	0
855	0
856	0
857	0
858	0
859	0
860	0
861	0
862	0
863	0
864	0
865	0
866	0
867	0
868	0
869	0
870	0
871	0
872	0
873	0
874	0
875	0
876	0
877	0
878	0
879	0
880	0
881	0
882	0
883	0
884	0
885	0
886	0
887	0
888	0
889	0
890	0
891	0
892	0
893	0
894	0
895	0
896	0
897	0
898	0
899	0
900	0
901	0
902	0
903	0
904	0
905	0
906	0
907	0
908	0
909	0
910	0
911	0
912	0
913	0
914	0
915	0
916	0
917	0
918	0
919	0
920	0
921	0
922	0
923	0
924	0
925	0
926	0
927	0
928	0
929	0
930	0
931	0
932	0
933	0
934	0
935	0
936	0
937	0
938	0
939	0
940	0
941	0
942	0
943	0
944	0
945	0
946	0
947	0
948	0
949	0
950	0
951	0
952	0
953	0
954	0
955	0
956	0
957	0
958	0
959	0
960	0
961	0
962	0
963	0
964	0
965	0
966	0
967	0
968	0
969	0
970	0
971	0
972	0
973	0
974	0
975	0
976	0
977	0
978	0
979	0
980	0
981	0
982	0
983	0
984	0
985	0
986	0
987	0
988	0
989	0
990	0
991	0
992	0
993	0
994	0
995	0
996	0
997	0
998	0
999	0
1000	0
1001	0
1002	0
1003	0
1004	0
1005	0
1006	0
1007	0
1008	0
1009	0
1010	0
1011	0
1012	0
1013	0
1014	0
1015	0
1016	0
1017	0
1018	0
1019	0
1020	0
1021	0
1022	0
1023	0
1024	0
1025	0
1026	0
1027	0
1028	0
1029	0
1030	0
1031	0
1032	0
1033	0
1034	0
1035	0
1036	0
1037	0
1038	0
1039	0
1040	0
1041	0
1042	0
1043	0
1044	0
1045	0
1046	0
1047	0
1048	0
1049	0
1050	0
1051	0
1052	0
1053	0
1054	0
1055	0
1056	0
1057	0
1058	0
1059	0
1060	0
1061	0
1062	0
1063	0
1064	0
1065	0
1066	0
1067	0
1068	0
1069	0
1070	0
1071	0
1072	0
1073	0
1074	0
1075	0
1076	0
1077	0
1078	0
1079	0
1080	0
1081	0
1082	0
1083	0
1084	0
1085	0
1086	0
1087	0
1088	0
1089	0
1090	0
1091	0
1092	0
1093	0
1094	0
1095	0
1096	0
1097	0
1098	0
1099	0
1100	0
1101	0
1102	0
1103	0
1104	0
1105	0
1106	0
1107	0
1108	0
1109	0
1110	0
1111	0
1112	0
1113	0
1114	0
1115	0
1116	0
1117	0
1118	0
1119	0
1120	0
1121	0
1122	0
1123	0
1124	0
1125	0
1126	0
1127	0
1128	0
1129	0
1130	0
1131	0
1132	0
1133	0
1134	0
1135	0
1136	0
1137	0
1138	0
1139	0
1140	0
1141	0
1142	0
1143	0
1144	0
1145	0
1146	0
1147	0
1148	0
1149	0
1150	0
1151	0
1152	0
1153	0
1154	0
1155	0
1156	0
1157	0.2
1158	0.2
1159	0.2
1160	0.2
1161	0.2
1162	0.2
1163	0.2
1164	0.2
1165	0.2
1166	0.2
1167	0.2
1168	0.2
1169	0.2
1170	0.2
1171	0.2
1172	0.4
1173	0.4
1174	0.4
1175	0.4
1176	0.4
1177	0.4
1178	0.4
1179	0.6
1180	0.6
1181	0.6
1182	0.6
1183	0.6
1184	0.6
1185	0.6
1186	0.6
1187	0.6
1188	0.6
1189	0.6
1190	0.6
1191	0.6
1192	0.8
1193	0.8
1194	1
1195	1
1196	1
1197	1
1198	1
1199	1
1200	1
1201	1
1202	1
1203	1
1204	1
1205	1
1206	1
1207	1
1208	1
1209	1
1210	1
1211	1
1212	1
1213	1
1214	1
1215	1
1216	1
1217	1
1218	1
1219	1
1220	1
1221	1
1222	1
1223	1
1224	1
1225	1
1226	1
1227	1
1228	1
1229	1
1230	1
1231	1
1232	1
1233	1
1234	1
1235	1
1236	1
1237	1
1238	1
1239	1
1240	1
1241	1
1242	1
1243	1
1244	1
1245	1
1246	1
1247	1.4
1248	1.6
1249	1.6
1250	1.6
1251	1.8
1252	2.2
1253	2.2
1254	2.2
1255	2.2
1256	2.2
1257	2.4
1258	2.4
1259	2.4
1260	3
1261	3.2
1262	3.6
1263	3.6
1264	3.8
1265	3.8
1266	4
1267	4
1268	4
1269	4
1270	4
1271	4
1272	4
1273	4
1274	4.2
1275	4.2
1276	4.2
1277	4.2
1278	4.2
1279	4.2
1280	4.2
1281	4.2
1282	4.2
1283	4.4
1284	4.4
1285	4.6
1286	4.8
1287	4.8
1288	4.8
1289	4.8
1290	4.8
1291	4.8
1292	4.8
1293	4.8
1294	5
1295	5
1296	5.2
1297	5.2
1298	5.2
1299	5.2
1300	5.2
1301	5.2
1302	5.2
1303	5.2
1304	5.2
1305	5.2
1306	5.2
1307	5.2
1308	5.2
1309	5.2
1310	5.2
1311	5.4
1312	5.4
1313	5.4
1314	5.4
1315	5.4
1316	5.6
1317	5.6
1318	5.6
1319	5.6
1320	6
1321	6
1322	6.2
1323	6.2
1324	6.2
1325	6.2
1326	6.4
1327	6.4
1328	6.4
1329	6.6
1330	6.8
1331	6.8
1332	7
1333	7
1334	7
1335	7
1336	7.2
1337	7.2
1338	7.2
1339	7.2
1340	7.4
1341	7.4
1342	7.6
1343	7.6
1344	7.6
1345	7.6
1346	7.6
1347	7.6
1348	7.6
1349	7.6
1350	7.6
1351	7.6
1352	7.8
1353	7.8
1354	7.8
1355	7.8
1356	7.8
1357	7.8
1358	7.8
1359	8
1360	8
1361	8
1362	8
1363	8
1364	8.2
1365	8.4
1366	8.4
1367	8.4
1368	8.4
1369	8.4
1370	8.4
1371	8.4
1372	8.4
1373	8.4
1374	8.6
1375	8.6
1376	8.6
1377	8.6
1378	8.6
1379	8.6
1380	8.6
1381	8.6
1382	8.8
1383	8.8
1384	8.8
1385	8.8
1386	8.8
1387	8.8
1388	8.8
1389	8.8
1390	8.8
1391	8.8
1392	8.8
1393	8.8
1394	8.8
1395	8.8
1396	8.8
1397	9
1398	9
1399	9
1400	9
1401	9
1402	9
1403	9
1404	9
1405	9
1406	9
1407	9
1408	9
1409	9
1410	9.2
1411	9.6
1412	9.6
1413	9.6
1414	9.6
1415	9.8
1416	9.8
1417	9.8
1418	9.8
1419	10
1420	10
1421	10
1422	10
1423	10
1424	10
1425	10.2
1426	10.4
1427	10.4
1428	10.6
1429	10.8
1430	11
1431	11
1432	11
1433	11
1434	11
1435	11
1436	11.2
1437	11.2
1438	11.4
1439	11.6
1440	11.6
1441	11.6
1442	11.8
1443	11.8
1444	12
1445	12
1446	12.2
1447	12.6
1448	12.6
1449	12.6
1450	12.8
1451	12.8
1452	12.8
1453	12.8
1454	13
1455	13.2
1456	13.2
1457	13.2
1458	13.4
1459	13.6
1460	13.8
1461	13.8
1462	13.8
1463	13.8
1464	14
1465	14.2
1466	14.2
1467	14.6
1468	14.6
1469	14.6
1470	14.6
1471	15
1472	15
1473	15
1474	15
1475	15
1476	15
1477	15
1478	15.2
1479	15.2
1480	15.6
1481	15.8
1482	15.8
1483	16
1484	16.2
1485	16.4
1486	16.4
1487	16.4
1488	16.6
1489	16.8
1490	16.8
1491	16.8
1492	16.8
1493	16.8
1494	17
1495	17
1496	17.2
1497	17.2
1498	17.4
1499	17.8
1500	18
1501	18
1502	18.2
1503	18.2
1504	18.4
1505	18.4
1506	18.8
1507	18.8
1508	19.2
1509	19.6
1510	19.8
1511	20
1512	20
1513	20
1514	20.4
1515	20.6
1516	20.6
1517	20.6
1518	20.8
1519	21.4
1520	21.6
1521	21.6
1522	21.6
1523	21.8
1524	22
1525	22
1526	22.4
1527	22.6
1528	22.8
1529	23.2
1530	23.6
1531	23.6
1532	23.6
1533	23.8
1534	24
1535	24
1536	24.2
1537	24.6
1538	24.8
1539	24.8
1540	25
1541	25.2
1542	25.2
1543	25.2
1544	25.2
1545	25.2
1546	25.2
1547	25.4
1548	25.6
1549	26.2
1550	26.2
1551	26.2
1552	26.6
1553	26.6
1554	26.8
1555	26.8
1556	27.2
1557	27.2
1558	27.4
1559	27.4
1560	27.4
1561	27.6
1562	27.8
1563	28
1564	28
1565	28
1566	28.2
1567	28.2
1568	28.2
1569	28.4
1570	28.4
1571	28.4
1572	28.8
1573	29
1574	29.2
1575	29.2
1576	29.4
1577	29.4
1578	29.4
1579	29.6
1580	29.6
1581	30.2
1582	30.2
1583	30.2
1584	30.4
1585	30.6
1586	30.6
1587	31.4
1588	31.4
1589	31.8
1590	32
1591	32
1592	32
1593	32
1594	32.4
1595	32.6
1596	33
1597	33.4
1598	33.6
1599	33.8
1600	34.2
1601	34.2
1602	34.2
1603	35.2
1604	35.4
1605	35.4
1606	35.6
1607	35.8
1608	36.8
1609	37
1610	37.6
1611	37.8
1612	38
1613	38.4
1614	38.6
1615	38.6
1616	38.6
1617	39
1618	39.2
1619	39.6
1620	39.8
1621	40.2
1622	40.4
1623	40.8
1624	41
1625	41.2
1626	41.4
1627	41.4
1628	41.6
1629	41.8
1630	42
1631	42.4
1632	42.6
1633	42.6
1634	42.8
1635	42.8
1636	43
1637	43.6
1638	43.6
1639	44.2
1640	44.2
1641	44.2
1642	44.2
1643	44.4
1644	44.6
1645	45.2
1646	45.2
1647	45.4
1648	45.4
1649	46
1650	46.8
1651	47.2
1652	47.4
1653	48
1654	48.2
1655	49
1656	49
1657	49.2
1658	49.6
1659	49.6
1660	50
1661	50
1662	50.6
1663	51.4
1664	51.8
1665	52
1666	52
1667	52
1668	52.6
1669	53.2
1670	53.8
1671	54
1672	54.2
1673	54.2
1674	54.6
1675	55
1676	55.6
1677	55.8
1678	56.2
1679	57
1680	57.8
1681	58
1682	58
1683	58.4
1684	58.6
1685	58.8
1686	59
1687	59.2
1688	59.4
1689	59.4
1690	59.6
1691	59.8
1692	60
1693	60.4
1694	61.2
1695	62.2
1696	62.4
1697	62.6
1698	62.6
1699	63.6
1700	64.4
1701	64.8
1702	65.4
1703	65.4
1704	65.6
1705	66
1706	66.2
1707	66.6
1708	67.6
1709	68.2
1710	68.6
1711	69.6
1712	69.8
1713	69.8
1714	70.4
1715	70.6
1716	71
1717	72
1718	72.2
1719	72.8
1720	73.4
1721	74
1722	74.6
1723	75
1724	75.2
1725	75.6
1726	75.8
1727	75.8
1728	76
1729	76.4
1730	76.4
1731	77
1732	77.4
1733	78
1734	78.4
1735	78.8
1736	79.2
1737	79.4
1738	79.8
1739	80
1740	80.4
1741	80.8
1742	81.2
1743	82
1744	82.4
1745	82.6
1746	82.8
1747	83.2
1748	83.4
1749	84
1750	84.4
1751	84.4
1752	85.2
1753	85.8
1754	85.8
1755	86.2
1756	86.8
1757	86.8
1758	87.2
1759	87.6
1760	88
1761	88.2
1762	88.4
1763	88.8
1764	89
1765	89.6
1766	90.4
1767	91
1768	91.8
1769	92.8
1770	93.4
1771	93.6
1772	93.8
1773	94.4
1774	95
1775	95.2
1776	95.4
1777	95.4
1778	95.4
1779	95.6
1780	96
1781	96.2
1782	96.4
1783	96.8
1784	97.2
1785	97.8
1786	98
1787	98.6
1788	98.6
1789	99.4
1790	100.4
1791	101.4
1792	101.6
1793	102
1794	102.2
1795	102.4
1796	103.2
1797	103.6
1798	104
1799	104.4
1800	104.6
1801	105.6
1802	105.8
1803	106.6
1804	107.4
1805	107.6
1806	108.4
1807	109.2
1808	109.6
1809	110.2
1810	110.8
1811	111
1812	111.2
1813	111.8
1814	112.2
1815	112.6
1816	112.8
1817	113
1818	113.8
1819	114.4
1820	115.2
1821	115.4
1822	116.2
1823	117.2
1824	117.4
1825	118
1826	118.2
1827	118.8
1828	119.2
1829	119.6
1830	119.8
1831	120.2
1832	120.8
1833	121.4
1834	121.8
1835	122.6
1836	123.2
1837	123.8
1838	124.6
1839	125.4
1840	126.4
1841	126.8
1842	127.8
1843	128.2
1844	129.8
1845	130.2
1846	131
1847	131
1848	132
1849	133
1850	133.8
1851	134.4
1852	135
1853	135.8
1854	136.8
1855	138
1856	139.4
1857	140.4
1858	141
1859	141.8
1860	142.4
1861	143.2
1862	144.4
1863	145.2
1864	145.2
1865	145.8
1866	146.6
1867	147.2
1868	148
1869	148.4
1870	149
1871	150
1872	150.6
1873	151
1874	151.4
1875	151.8
1876	152.2
1877	153
1878	153.6
1879	154.8
1880	155.2
1881	156.2
1882	157
1883	157.4
1884	157.8
1885	159
1886	159.6
1887	160.4
1888	160.6
1889	161.6
1890	161.8
1891	162.6
1892	162.8
1893	163.8
1894	164.6
1895	166.2
1896	167.8
1897	168.4
1898	169
1899	170.4
1900	171
1901	172.2
1902	172.8
1903	173.2
1904	174
1905	174
1906	175.2
1907	176
1908	177.6
1909	178.4
1910	179.8
1911	182.2
1912	183
1913	184
1914	184.4
1915	185
1916	186.2
1917	186.8
1918	186.8
1919	188.4
1920	189
1921	189.6
1922	190.4
1923	191
1924	193.6
1925	195.4
1926	195.8
1927	196.6
1928	196.8
1929	198.6
1930	199
1931	201
1932	201.8
1933	202.6
1934	203.8
1935	204.2
1936	205
1937	205.8
1938	206.6
1939	208
1940	209.2
1941	209.8
1942	210.2
1943	211.6
1944	212.2
1945	214
1946	215.6
1947	217.2
1948	218.8
1949	220.8
1950	222
1951	223.2
1952	224.6
1953	226.4
1954	227.2
1955	228.6
1956	230.2
1957	232.4
1958	233.8
1959	234.4
1960	235.6
1961	236.4
1962	238
1963	239.4
1964	241
1965	241.8
1966	242
1967	243.2
1968	245
1969	245.8
1970	246.8
1971	247.6
1972	248.6
1973	249.8
1974	251
1975	251.6
1976	252.8
1977	254.4
1978	255.6
1979	257
1980	259.2
1981	259.8
1982	261.2
1983	262
1984	263.4
1985	265.2
1986	266.2
1987	267.2
1988	269.2
1989	271
1990	271.8
1991	273.8
1992	275.6
1993	276.2
1994	277.4
1995	277.8
1996	278.4
1997	279.4
1998	280.2
1999	281.8
2000	283.4
2001	284.8
2002	286.6
2003	287.8
2004	290
2005	290.4
2006	291.8
2007	292.8
2008	295.2
2009	297.4
2010	299
2011	300.6
2012	302.2
2013	303.4
2014	304
2015	305
2016	306
2017	307.8
2018	309.6
2019	310.6
2020	312.8
2021	314.2
2022	315.6
2023	317.4
2024	319
2025	321.4
2026	323.4
2027	325.6
2028	327
2029	329
2030	330.8
2031	332
2032	334.4
2033	335.2
2034	336.6
2035	337.2
2036	338.6
2037	340.6
2038	341.8
2039	344.6
2040	346.2
2041	347.6
2042	348.8
2043	350.8
2044	353
2045	354
2046	356
2047	357.4
2048	358.6
2049	360
2050	362
2051	363.4
2052	364.6
2053	366
2054	366.8
2055	368.8
2056	371.8
2057	373.6
2058	375.6
2059	376.8
2060	378.2
2061	379.8
2062	381.4
2063	382.6
2064	384
2065	385.6
2066	386.6
2067	388.2
2068	390.4
2069	390.8
2070	393.4
2071	395.2
2072	396.6
2073	397.8
2074	399.2
2075	400.2
2076	401.2
2077	403.4
2078	404.6
2079	405.2
2080	406.2
2081	407.4
2082	409.2
2083	410.2
2084	412.4
2085	413.8
2086	416
2087	416.8
2088	418.8
2089	420.4
2090	422
2091	424.8
2092	427.4
2093	429.2
2094	431
2095	433.2
2096	435.2
2097	436.8
2098	439.4
2099	441
2100	443.2
2101	444.6
2102	446.8
2103	448.4
2104	450.8
2105	453
2106	455.6
2107	457.2
2108	458.6
2109	460.8
2110	463.2
2111	464.8
2112	465.8
2113	467.8
2114	469.6
2115	471.4
2116	473.4
2117	474.6
2118	478.2
2119	480.8
2120	482.6
2121	484.6
2122	486.2
2123	488.2
2124	490.6
2125	492.2
2126	494.6
2127	496.6
2128	499.8
2129	502.6
2130	505.2
2131	508.6
2132	510.4
2133	514
2134	515.4
2135	517.2
2136	518.6
2137	520.4
2138	522.8
2139	525
2140	527
2141	529.4
2142	532
2143	535.4
2144	536.8
2145	539.4
2146	541.8
2147	544.8
2148	546.6
2149	548.8
2150	552
2151	554.6
2152	556.8
2153	559.6
2154	562
2155	565.2
2156	567.8
2157	570.6
2158	574
2159	576
2160	579.6
2161	583.2
2162	586.4
2163	587.8
2164	590
2165	591.8
2166	594.2
2167	597.6
2168	601.2
2169	603.2
2170	607.4
2171	611.2
2172	613.4
2173	616.6
2174	618.4
2175	619.6
2176	624.2
2177	627.2
2178	631.8
2179	635
2180	637.2
2181	640.8
2182	643.6
2183	645.6
2184	649
2185	650.6
2186	653.2
2187	654.8
2188	658
2189	660.6
2190	662.8
2191	663.8
2192	666
2193	669.2
2194	673
2195	676.2
2196	679.6
2197	682
2198	684.6
2199	687
2200	689.4
2201	692.4
2202	696.8
2203	700
2204	703
2205	705.2
2206	707.6
2207	709.8
2208	713.4
2209	716.6
2210	720.4
2211	722
2212	725.2
2213	727.4
2214	730.8
2215	733
2216	736.4
2217	740.6
2218	743.8
2219	746.4
2220	750.8
2221	754.2
2222	756.4
2223	759.6
2224	761.4
2225	764.2
2226	768.8
2227	771.8
2228	776.8
2229	779.6
2230	784.4
2231	788.2
2232	792.4
2233	797.2
2234	801
2235	803.8
2236	807.8
2237	810.8
2238	813.4
2239	815.6
2240	817.8
2241	821
2242	823.6
2243	827
2244	831
2245	834
2246	838.2
2247	842.2
2248	845.6
2249	849.2
2250	851.6
2251	853.8
2252	856.8
2253	859.8
2254	862.6
2255	865.8
2256	867.6
2257	873
2258	877.2
2259	880.8
2260	884.4
2261	887.4
2262	890.8
2263	893.8
2264	897.2
2265	902.4
2266	905.8
2267	909.4
2268	912.2
2269	914.8
2270	917.2
2271	919.6
2272	922.2
2273	925.4
2274	926.6
2275	930.6
2276	934.2
2277	937
2278	938
2279	940.8
2280	945.4
2281	947.6
2282	951.6
2283	954
2284	956.8
2285	959.4
2286	961.4
2287	964
2288	965.6
2289	969.6
2290	972.4
2291	977.2
2292	979.6
2293	981.6
2294	984.4
2295	985.8
2296	989.8
2297	991.8
2298	994.8
2299	997.8
2300	998.8
2301	1000.8
2302	1003
2303	1004.8
2304	1007.2
2305	1010.4
2306	1012
2307	1013.6
2308	1015.8
2309	1017.6
2310	1020.2
2311	1022.8
2312	1024.4
2313	1025.2
2314	1029.6
2315	1031.2
2316	1032.8
2317	1036.2
2318	1038.6
2319	1041.6
2320	1043.8
2321	1046.2
2322	1047.8
2323	1049.4
2324	1051.4
2325	1054.2
2326	1056.2
2327	1057.4
2328	1059.6
2329	1061.6
2330	1063.2
2331	1064.4
2332	1066.4
2333	1067.4
2334	1068.4
2335	1071
2336	1072.6
2337	1075
2338	1076.4
2339	1076.8
2340	1077.6
2341	1079.6
2342	1081.4
2343	1081.8
2344	1083
2345	1085.8
2346	1086.8
2347	1087.4
2348	1090
2349	1091.8
2350	1092.4
2351	1093
2352	1094.2
2353	1095.4
2354	1096.6
2355	1098.2
2356	1099.8
2357	1100.6
2358	1101.6
2359	1102.8
2360	1104.2
2361	1105.6
2362	1107.4
2363	1108.4
2364	1109.2
2365	1110.6
2366	1111.2
2367	1112
2368	1112.8
2369	1113.4
2370	1114.8
2371	1115.2
2372	1115.8
2373	1117.4
2374	1118.2
2375	1119.2
2376	1119.8
2377	1120.4
2378	1121.4
2379	1122.4
2380	1123.2
2381	1123.4
2382	1124.2
2383	1125
2384	1125.4
2385	1125.8
2386	1126.4
2387	1127.2
2388	1128.6
2389	1129.2
2390	1130.2
2391	1130.6
2392	1131.4
2393	1133
2394	1133.8
2395	1134.8
2396	1135
2397	1135.2
2398	1135.4
2399	1136
2400	1136.6
2401	1137.6
2402	1137.8
2403	1138.8
2404	1139.6
2405	1139.6
2406	1139.8
2407	1140.2
2408	1140.4
2409	1140.6
2410	1140.8
2411	1140.8
2412	1141.2
2413	1141.8
2414	1142.2
2415	1142.2
2416	1142.6
2417	1143.2
2418	1143.4
2419	1144
2420	1144.4
2421	1144.8
2422	1145
2423	1145
2424	1145.8
2425	1146.2
2426	1146.2
2427	1146.4
2428	1146.4
2429	1146.4
2430	1146.4
2431	1146.6
2432	1147.4
2433	1147.6
2434	1148.6
2435	1148.8
2436	1149
2437	1149.2
2438	1149.8
2439	1150
2440	1150.4
2441	1150.8
2442	1150.8
2443	1150.8
2444	1150.8
2445	1151
2446	1151.2
2447	1151.4
2448	1151.4
2449	1151.6
2450	1152
2451	1152
2452	1152.2
2453	1152.6
2454	1152.8
2455	1153
2456	1153.4
2457	1153.8
2458	1154.2
2459	1154.4
2460	1154.8
2461	1155
2462	1155.4
2463	1155.4
2464	1155.4
2465	1155.4
2466	1155.4
2467	1156.4
2468	1156.8
2469	1157.4
2470	1158
2471	1158.6
2472	1159
2473	1159.2
2474	1159.6
2475	1160.2
2476	1160.6
2477	1160.8
2478	1161
2479	1161.8
2480	1162.2
2481	1162.2
2482	1162.4
2483	1162.6
2484	1163
2485	1163.2
2486	1163.2
2487	1163.8
2488	1164.2
2489	1164.8
2490	1164.8
2491	1164.8
2492	1165.8
2493	1166.2
2494	1167
2495	1167.4
2496	1168.6
2497	1169
2498	1169.8
2499	1170
2500	1170.2
2501	1170.6
2502	1171.2
2503	1171.4
2504	1171.8
2505	1171.8
2506	1172.2
2507	1172.2
2508	1173
2509	1173.8
2510	1175.8
2511	1176.4
2512	1176.8
2513	1177
2514	1177.6
2515	1178
2516	1178.8
2517	1179.8
2518	1179.8
2519	1181
2520	1181.6
2521	1181.8
2522	1182.2
2523	1182.6
2524	1183
2525	1183.6
2526	1184.4
2527	1185
2528	1185.4
2529	1186.2
2530	1187.6
2531	1189.4
2532	1190.6
2533	1190.8
2534	1191.6
2535	1191.8
2536	1192.8
2537	1193.6
2538	1193.8
2539	1193.8
2540	1194.4
2541	1195
2542	1195.4
2543	1195.8
2544	1196.2
2545	1196.6
2546	1197
2547	1197.4
2548	1197.8
2549	1198
2550	1198.4
2551	1199.2
2552	1199.2
2553	1199.2
2554	1199.4
2555	1199.6
2556	1199.6
2557	1199.8
2558	1199.8
2559	1199.8
2560	1200
2561	1200.2
2562	1200.2
2563	1200.2
2564	1200.2
2565	1200.2
2566	1200.2
2567	1200.2
2568	1200.2
2569	1200.2
2570	1200.2
2571	1200.2
2572	1200.2
2573	1200.2
2574	1200.2
2575	1200.2
2576	1200.2
2577	1200.2
2578	1200.2
2579	1200.2
2580	1200.2
2581	1200.2
2582	1200.2
2583	1200.2
2584	1200.2
2585	1200.2
2586	1200.2
2587	1200.2
2588	1200.2
2589	1200.2
2590	1200.2
2591	1200.2
2592	1200.2
2593	1200.2
2594	1200.2
2595	1200.2
2596	1200.2
2597	1200.2
2598	1200.2
2599	1200.2
2600	1200.2
2601	1200.2
2602	1200.2
2603	1200.2
2604	1200.2
2605	1200.2
2606	1200.2
2607	1200.2
2608	1200.2
2609	1200.2
2610	1200.2
2611	1200.2
2612	1200.2
2613	1200.2
2614	1200.2
2615	1200.2
2616	1200.2
2617	1200.2
2618	1200.2
2619	1200.2
2620	1200.2
2621	1200.2
2622	1200.2
2623	1200.2
2624	1200.2
2625	1200.2
2626	1200.2
2627	1200.2
2628	1200.2
2629	1200.2
2630	1200.2
2631	1200.2
2632	1200.2
2633	1200.2
2634	1200.2
2635	1200.2
2636	1200.2
2637	1200.2
2638	1200.2
2639	1200.2
2640	1200.2
2641	1200.2
2642	1200.2
2643	1200.2
2644	1200.2
2645	1200.2
2646	1200.2
2647	1200.2
2648	1200.2
2649	1200.2
2650	1200.2
2651	1200.2
2652	1200.2
2653	1200.2
2654	1200.2
2655	1200.2
2656	1200.2
2657	1200.2
2658	1200.2
2659	1200.2
2660	1200.2
2661	1200.2
2662	1200.2
2663	1200.2
2664	1200.2
2665	1200.2
2666	1200.2
2667	1200.2
2668	1200.2
2669	1200.2
2670	1200.2
2671	1200.2
2672	1200.2
2673	1200.2
2674	1200.2
2675	1200.2
2676	1200.2
2677	1200.2
2678	1200.2
2679	1200.2
2680	1200.2
2681	1200.2
2682	1200.2
2683	1200.2
2684	1200.2
2685	1200.2
2686	1200.2
2687	1200.2
2688	1200.2
2689	1200.2
2690	1200.2
2691	1200.2
2692	1200.2
2693	1200.2
2694	1200.2
2695	1200.2
2696	1200.2
2697	1200.2
2698	1200.2
2699	1200.2
2700	1200.2
2701	1200.2
2702	1200.2
2703	1200.2
2704	1200.2
2705	1200.2
2706	1200.2
2707	1200.2
2708	1200.2
2709	1200.2
2710	1200.2
2711	1200.2
2712	1200.2
2713	1200.2
2714	1200.2
2715	1200.2
2716	1200.2
2717	1200.2
2718	1200.2
2719	1200.2
2720	1200.2
2721	1200.2
2722	1200.2
2723	1200.2
2724	1200.2
2725	1200.2
2726	1200.2
2727	1200.2
2728	1200.2
2729	1200.2
2730	1200.2
2731	1200.2
2732	1200.2
2733	1200.2
2734	1200.2
2735	1200.2
2736	1200.2
2737	1200.2
2738	1200.2
2739	1200.2
2740	1200.2
2741	1200.2
2742	1200.2
2743	1200.2
2744	1200.2
2745	1200.2
2746	1200.2
2747	1200.2
2748	1200.2
2749	1200.2
2750	1200.2
2751	1200.2
2752	1200.2
2753	1200.2
2754	1200.2
2755	1200.2
2756	1200.2
2757	1200.2
2758	1200.2
2759	1200.2
2760	1200.2
2761	1200.2
2762	1200.2
2763	1200.2
2764	1200.2
2765	1200.2
2766	1200.2
2767	1200.2
2768	1200.2
2769	1200.2
2770	1200.2
2771	1200.2
2772	1200.2
2773	1200.2
2774	1200.2
2775	1200.2
2776	1200.2
2777	1200.2
2778	1200.2
2779	1200.2
2780	1200.2
2781	1200.2
2782	1200.2
2783	1200.2
2784	1200.2
2785	1200.2
2786	1200.2
2787	1200.2
2788	1200.2
2789	1200.2
2790	1200.2
2791	1200.2
2792	1200.2
2793	1200.2
2794	1200.2
2795	1200.2
2796	1200.2
2797	1200.2
2798	1200.2
2799	1200.2
2800	1200.2
2801	1200.2
2802	1200.2
2803	1200.2
2804	1200.2
2805	1200.2
2806	1200.2
2807	1200.2
2808	1200.2
2809	1200.2
2810	1200.2
2811	1200.2
2812	1200.2
2813	1200.2
2814	1200.2
2815	1200.2
2816	1200.2
2817	1200.2
2818	1200.2
2819	1200.2
2820	1200.2
2821	1200.2
2822	1200.2
2823	1200.2
2824	1200.2
2825	1200.2
2826	1200.2
2827	1200.2
2828	1200.2
2829	1200.2
2830	1200.2
2831	1200.2
2832	1200.2
2833	1200.2
2834	1200.2
2835	1200.2
2836	1200.2
2837	1200.2
2838	1200.2
2839	1200.2
2840	1200.2
2841	1200.2
2842	1200.2
2843	1200.2
2844	1200.2
2845	1200.2
2846	1200.2
2847	1200.2
2848	1200.2
2849	1200.2
2850	1200.2
2851	1200.2
2852	1200.2
2853	1200.2
2854	1200.2
2855	1200.2
2856	1200.2
2857	1200.2
2858	1200.2
2859	1200.2
2860	1200.2
2861	1200.2
2862	1200.2
2863	1200.2
2864	1200.2
2865	1200.2
2866	1200.2
2867	1200.2
2868	1200.2
2869	1200.2
2870	1200.2
2871	1200.2
2872	1200.2
2873	1200.2
2874	1200.2
2875	1200.2
2876	1200.2
2877	1200.2
2878	1200.2
2879	1200.2
2880	1200.2
2881	1200.2
2882	1200.2
2883	1200.2
2884	1200.2
2885	1200.2
2886	1200.2
2887	1200.2
2888	1200.2
2889	1200.2
2890	1200.2
2891	1200.2
2892	1200.2
2893	1200.2
2894	1200.2
2895	1200.2
2896	1200.2
2897	1200.2
2898	1200.2
2899	1200.2
2900	1200.2
2901	1200.2
2902	1200.2
2903	1200.2
2904	1200.2
2905	1200.2
2906	1200.2
2907	1200.2
2908	1200.2
2909	1200.2
2910	1200.2
2911	1200.2
2912	1200.2
2913	1200.2
2914	1200.2
2915	1200.2
2916	1200.2
2917	1200.2
2918	1200.2
2919	1200.2
2920	1200.2
2921	1200.2
2922	1200.2
2923	1200.2
2924	1200.2
2925	1200.2
2926	1200.2
2927	1200.2
2928	1200.2
2929	1200.2
2930	1200.2
2931	1200.2
2932	1200.2
2933	1200.2
2934	1200.2
2935	1200.2
2936	1200.2
2937	1200.2
2938	1200.2
2939	1200.2
2940	1200.2
2941	1200.2
2942	1200.2
2943	1200.2
2944	1200.2
2945	1200.2
2946	1200.2
2947	1200.2
2948	1200.2
2949	1200.2
2950	1200.2
2951	1200.2
2952	1200.2
2953	1200.2
2954	1200.2
2955	1200.2
2956	1200.2
2957	1200.2
2958	1200.4
2959	1200.4
2960	1200.4
2961	1200.4
2962	1200.4
2963	1200.4
2964	1200.4
2965	1200.4
2966	1200.4
2967	1200.4
2968	1200.4
2969	1200.4
2970	1200.4
2971	1200.4
2972	1200.4
2973	1200.4
2974	1200.4
2975	1200.4
2976	1200.4
2977	1200.4
2978	1200.4
2979	1200.4
2980	1200.4
2981	1200.4
2982	1200.4
2983	1200.4
2984	1200.4
2985	1200.4
2986	1200.4
2987	1200.4
2988	1200.4
2989	1200.4
2990	1200.4
2991	1200.4
2992	1200.4
2993	1200.4
2994	1200.4
2995	1200.4
2996	1200.4
2997	1200.4
2998	1200.4
2999	1200.4
3000	1200.4
3001	1200.4
3002	1200.4
3003	1200.4
3004	1200.4
3005	1200.4
3006	1200.4
3007	1200.4
3008	1200.4
3009	1200.4
3010	1200.4
3011	1200.4
3012	1200.4
3013	1200.4
3014	1200.4
3015	1200.4
3016	1200.4
3017	1200.4
3018	1200.4
3019	1200.4
3020	1200.4
3021	1200.4
3022	1200.4
3023	1200.4
3024	1200.4
3025	1200.4
3026	1200.4
3027	1200.4
3028	1200.4
3029	1200.4
3030	1200.4
3031	1200.4
3032	1200.4
3033	1200.4
3034	1200.4
3035	1200.4
3036	1200.4
3037	1200.4
3038	1200.4
3039	1200.4
3040	1200.4
3041	1200.4
3042	1200.4
3043	1200.4
3044	1200.4
3045	1200.4
3046	1200.4
3047	1200.4
3048	1200.4
3049	1200.4
3050	1200.4
3051	1200.4
3052	1200.4
3053	1200.4
3054	1200.4
3055	1200.4
3056	1200.4
3057	1200.4
3058	1200.4
3059	1200.4
3060	1200.4
3061	1200.4
3062	1200.4
3063	1200.4
3064	1200.4
3065	1200.4
3066	1200.4
3067	1200.4
3068	1200.4
3069	1200.4
3070	1200.4
3071	1200.4
3072	1200.4
3073	1200.4
3074	1200.4
3075	1200.4
3076	1200.4
3077	1200.4
3078	1200.4
3079	1200.4
3080	1200.4
3081	1200.4
3082	1200.4
3083	1200.4
3084	1200.4
3085	1200.4
3086	1200.4
3087	1200.4
3088	1200.4
3089	1200.6
3090	1200.6
3091	1200.6
3092	1200.6
3093	1200.6
3094	1200.6
3095	1200.6
3096	1200.6
3097	1200.6
3098	1200.6
3099	1200.6
3100	1200.6
3101	1200.6
3102	1200.6
3103	1200.6
3104	1200.6
3105	1200.6
3106	1200.6
3107	1200.6
3108	1200.6
3109	1200.6
3110	1200.6
3111	1200.6
3112	1200.6
3113	1200.6
3114	1200.6
3115	1200.6
3116	1200.6
3117	1200.6
3118	1200.6
3119	1200.6
3120	1200.6
3121	1200.6
3122	1200.6
3123	1200.6
3124	1200.6
3125	1200.6
3126	1200.6
3127	1200.6
3128	1200.6
3129	1200.6
3130	1200.6
3131	1200.6
3132	1200.6
3133	1200.6
3134	1200.6
3135	1200.6
3136	1200.6
3137	1200.6
3138	1200.6
3139	1200.6
3140	1200.8
3141	1200.8
3142	1200.8
3143	1200.8
3144	1200.8
3145	1200.8
3146	1200.8
3147	1200.8
3148	1200.8
3149	1200.8
3150	1200.8
3151	1200.8
3152	1200.8
3153	1200.8
3154	1200.8
3155	1200.8
3156	1200.8
3157	1200.8
3158	1200.8
3159	1200.8
3160	1200.8
3161	1200.8
3162	1200.8
3163	1200.8
3164	1200.8
3165	1200.8
3166	1200.8
3167	1200.8
3168	1200.8
3169	1200.8
3170	1200.8
3171	1200.8
3172	1200.8
3173	1200.8
3174	1200.8
3175	1200.8
3176	1201
3177	1201
3178	1201
3179	1201
3180	1201
3181	1201
3182	1201
3183	1201
3184	1201
3185	1201
3186	1201
3187	1201
3188	1201
3189	1201
3190	1201
3191	1201
3192	1201
3193	1201
3194	1201
3195	1201
3196	1201
3197	1201
3198	1201
3199	1201
3200	1201
3201	1201
3202	1201
3203	1201
3204	1201
3205	1201
3206	1201
3207	1201
3208	1201
3209	1201
3210	1201
3211	1201
3212	1201
3213	1201
3214	1201
3215	1201
3216	1201
3217	1201
3218	1201
3219	1201
3220	1201
3221	1201
3222	1201
3223	1201
3224	1201
3225	1201
3226	1201
3227	1201
3228	1201
3229	1201
3230	1201
3231	1201
3232	1201
3233	1201
3234	1201
3235	1201
3236	1201
3237	1201
3238	1201
3239	1201
3240	1201
3241	1201
3242	1201
3243	1201
3244	1201
3245	1201
3246	1201
3247	1201
3248	1201
3249	1201
3250	1201
3251	1201
3252	1201
3253	1201
3254	1201
3255	1201
3256	1201
3257	1201
3258	1201
3259	1201
3260	1201
3261	1201
3262	1201
3263	1201
3264	1201
3265	1201
3266	1201
3267	1201
3268	1201
3269	1201
3270	1201
3271	1201
3272	1201
3273	1201
3274	1201
3275	1201
3276	1201
3277	1201
3278	1201
3279	1201
3280	1201
3281	1201
3282	1201
3283	1201
3284	1201
3285	1201
3286	1201
3287	1201
3288	1201
3289	1201
3290	1201
3291	1201
3292	1201
3293	1201
3294	1201
3295	1201
3296	1201
3297	1201
3298	1201
3299	1201
3300	1201
3301	1201
3302	1201
3303	1201
3304	1201
3305	1201
3306	1201
3307	1201
3308	1201
3309	1201
3310	1201
3311	1201
3312	1201
3313	1201
3314	1201
3315	1201
3316	1201
3317	1201
3318	1201
3319	1201
3320	1201
3321	1201
3322	1201
3323	1201
3324	1201
3325	1201
3326	1201
3327	1201
3328	1201
3329	1201
3330	1201
3331	1201
3332	1201
3333	1201
3334	1201
3335	1201
3336	1201
3337	1201
3338	1201
3339	1201
3340	1201
3341	1201
3342	1201
3343	1201
3344	1201
3345	1201
3346	1201
3347	1201
3348	1201
3349	1201
3350	1201
3351	1201
3352	1201
3353	1201
3354	1201
3355	1201
3356	1201
3357	1201
3358	1201
3359	1201
3360	1201
3361	1201
3362	1201
3363	1201
3364	1201
3365	1201
3366	1201
3367	1201
3368	1201
3369	1201
3370	1201
3371	1201
3372	1201
3373	1201
3374	1201
3375	1201
3376	1201
3377	1201
3378	1201
3379	1201
3380	1201
3381	1201
3382	1201
3383	1201
3384	1201
3385	1201
3386	1201
3387	1201
3388	1201
3389	1201
3390	1201
3391	1201
3392	1201
3393	1201
3394	1201
3395	1201
3396	1201
3397	1201
3398	1201
3399	1201
3400	1201
3401	1201
3402	1201
3403	1201
3404	1201
3405	1201
3406	1201
3407	1201
3408	1201
3409	1201
3410	1201
3411	1201
3412	1201
3413	1201
3414	1201
3415	1201
3416	1201
3417	1201
3418	1201
3419	1201
3420	1201
3421	1201
3422	1201
3423	1201
3424	1201
3425	1201
3426	1201
3427	1201
3428	1201
3429	1201
3430	1201
3431	1201
3432	1201
3433	1201
3434	1201
3435	1201
3436	1201
3437	1201
3438	1201
3439	1201
3440	1201
3441	1201
3442	1201
3443	1201
3444	1201
3445	1201
3446	1201
3447	1201
3448	1201
3449	1201
3450	1201
3451	1201
3452	1201
3453	1201
3454	1201
3455	1201
3456	1201
3457	1201
3458	1201
3459	1201
3460	1201
3461	1201
3462	1201
3463	1201
3464	1201
3465	1201
3466	1201
3467	1201
3468	1201
3469	1201
3470	1201
3471	1201
3472	1201
3473	1201
3474	1201
3475	1201
3476	1201
3477	1201
3478	1201
3479	1201
3480	1201
3481	1201
3482	1201
3483	1201
3484	1201
3485	1201
3486	1201
3487	1201
3488	1201
3489	1201
3490	1201
3491	1201
3492	1201
3493	1201
3494	1201
3495	1201
3496	1201
3497	1201
3498	1201
3499	1201
3500	1201
3501	1201
3502	1201
3503	1201
3504	1201
3505	1201
3506	1201
3507	1201
3508	1201
3509	1201
3510	1201
3511	1201
3512	1201
3513	1201
3514	1201
3515	1201
3516	1201
3517	1201
3518	1201
3519	1201
3520	1201
3521	1201
3522	1201
3523	1201
3524	1201
3525	1201
3526	1201
3527	1201
3528	1201
3529	1201
3530	1201
3531	1201
3532	1201
3533	1201
3534	1201
3535	1201
3536	1201
3537	1201
3538	1201
3539	1201
3540	1201
3541	1201
3542	1201
3543	1201
3544	1201
3545	1201
3546	1201
3547	1201
3548	1201
3549	1201
3550	1201
3551	1201
3552	1201
3553	1201
3554	1201
3555	1201
3556	1201
3557	1201
3558	1201
3559	1201
3560	1201
3561	1201
3562	1201
3563	1201
3564	1201
3565	1201
3566	1201
3567	1201
3568	1201
3569	1201
3570	1201
3571	1201
3572	1201
3573	1201
3574	1201
3575	1201
3576	1201
3577	1201
3578	1201
3579	1201
3580	1201
3581	1201
3582	1201
3583	1201
3584	1201
3585	1201
3586	1201
3587	1201
3588	1201
3589	1201
3590	1201
3591	1201
3592	1201
3593	1201
3594	1201
3595	1201
3596	1201
3597	1201
3598	1201
3599	1201
3600	1201
3601	1201
3602	1201
3603	1201
3604	1201
3605	1201
3606	1201
3607	1201
3608	1201
3609	1201
3610	1201
3611	1201
3612	1201
3613	1201
3614	1201
3615	1201
3616	1201
3617	1201
3618	1201
3619	1201
3620	1201
3621	1201
3622	1201
3623	1201
3624	1201
3625	1201
3626	1201
3627	1201
3628	1201
3629	1201
3630	1201
3631	1201
3632	1201
3633	1201
3634	1201
3635	1201
3636	1201
3637	1201
3638	1201
3639	1201
3640	1201
3641	1201
3642	1201
3643	1201
3644	1201
3645	1201
3646	1201
3647	1201
3648	1201
3649	1201
3650	1201
3651	1201
3652	1201
3653	1201
3654	1201
3655	1201
3656	1201
3657	1201
3658	1201
3659	1201
3660	1201
3661	1201
3662	1201
3663	1201
3664	1201
3665	1201
3666	1201
3667	1201
3668	1201
3669	1201
3670	1201
3671	1201
3672	1201
3673	1201
3674	1201
3675	1201
3676	1201
3677	1201
3678	1201
3679	1201
3680	1201
3681	1201
3682	1201
3683	1201
3684	1201
3685	1201
3686	1201
3687	1201
3688	1201
3689	1201
3690	1201
3691	1201
3692	1201
3693	1201
3694	1201
3695	1201
3696	1201
3697	1201
3698	1201
3699	1201
3700	1201
3701	1201
3702	1201
3703	1201
3704	1201
3705	1201
3706	1201
3707	1201
3708	1201
3709	1201
3710	1201
3711	1201
3712	1201
3713	1201
3714	1201
3715	1201
3716	1201
3717	1201
3718	1201
3719	1201
3720	1201
3721	1201
3722	1201
3723	1201
3724	1201
3725	1201
3726	1201
3727	1201
3728	1201
3729	1201
3730	1201
3731	1201
3732	1201
3733	1201
3734	1201
3735	1201
3736	1201
3737	1201
3738	1201
3739	1201
3740	1201
3741	1201
3742	1201
3743	1201
3744	1201
3745	1201
3746	1201
3747	1201
3748	1201
3749	1201
3750	1201
3751	1201
3752	1201
3753	1201
3754	1201
3755	1201
3756	1201
3757	1201
3758	1201
3759	1201
3760	1201
3761	1201
3762	1201
3763	1201
3764	1201
3765	1201
3766	1201
3767	1201
3768	1201
3769	1201
3770	1201
3771	1201
3772	1201
3773	1201
3774	1201
3775	1201
3776	1201
3777	1201
3778	1201
3779	1201
3780	1201
3781	1201
3782	1201
3783	1201
3784	1201
3785	1201
3786	1201
3787	1201
3788	1201
3789	1201
3790	1201
3791	1201
3792	1201
3793	1201
3794	1201
3795	1201
3796	1201
3797	1201
3798	1201
3799	1201
3800	1201
3801	1201
3802	1201
3803	1201
3804	1201
3805	1201
3806	1201
3807	1201
3808	1201
3809	1201
3810	1201
3811	1201
3812	1201
3813	1201
3814	1201
3815	1201
3816	1201
3817	1201
3818	1201
3819	1201
3820	1201
3821	1201
3822	1201
3823	1201
3824	1201
3825	1201
3826	1201
3827	1201
3828	1201
3829	1201
3830	1201
3831	1201
3832	1201
3833	1201
3834	1201
3835	1201
3836	1201
3837	1201
3838	1201
3839	1201
3840	1201
3841	1201
3842	1201
3843	1201
3844	1201
3845	1201
3846	1201
3847	1201
3848	1201
3849	1201
3850	1201
3851	1201
3852	1201
3853	1201
3854	1201
3855	1201
3856	1201
3857	1201
3858	1201
3859	1201
3860	1201
3861	1201
3862	1201
3863	1201
3864	1201
3865	1201
3866	1201
3867	1201
3868	1201
3869	1201
3870	1201
3871	1201
3872	1201
3873	1201
3874	1201
3875	1201
3876	1201
3877	1201
3878	1201
3879	1201
3880	1201
3881	1201
3882	1201
3883	1201
3884	1201
3885	1201
3886	1201
3887	1201
3888	1201
3889	1201
3890	1201
3891	1201
3892	1201
3893	1201
3894	1201
3895	1201
3896	1201
3897	1201
3898	1201
3899	1201
3900	1201
3901	1201
3902	1201
3903	1201
3904	1201
3905	1201
3906	1201
3907	1201
3908	1201
3909	1201
3910	1201
3911	1201
3912	1201
3913	1201
3914	1201
3915	1201
3916	1201
3917	1201
3918	1201
3919	1201
3920	1201
3921	1201
3922	1201
3923	1201
3924	1201
3925	1201
3926	1201
3927	1201
3928	1201
3929	1201
3930	1201
3931	1201
3932	1201
3933	1201
3934	1201
3935	1201
3936	1201
3937	1201
3938	1201
3939	1201
3940	1201
3941	1201
3942	1201
3943	1201
3944	1201
3945	1201
3946	1201
3947	1201
3948	1201
3949	1201
3950	1201
3951	1201
3952	1201
3953	1201
3954	1201
3955	1201
3956	1201
3957	1201
3958	1201
3959	1201
3960	1201
3961	1201
3962	1201
3963	1201
3964	1201
3965	1201
3966	1201
3967	1201
3968	1201
3969	1201
3970	1201
3971	1201
3972	1201
3973	1201
3974	1201
3975	1201
3976	1201
3977	1201
3978	1201
3979	1201
3980	1201
3981	1201
3982	1201
3983	1201
3984	1201
3985	1201
3986	1201
3987	1201
3988	1201
3989	1201
3990	1201
3991	1201
3992	1201
3993	1201
3994	1201
3995	1201
3996	1201
3997	1201
3998	1201
3999	1201
4000	1201
4001	1201
4002	1201
4003	1201
4004	1201
4005	1201
4006	1201
4007	1201
4008	1201
4009	1201
4010	1201
4011	1201
4012	1201
4013	1201
4014	1201
4015	1201
4016	1201
4017	1201
4018	1201
4019	1201
4020	1201
4021	1201
4022	1201
4023	1201
4024	1201
4025	1201
4026	1201
4027	1201
4028	1201
4029	1201
4030	1201
4031	1201
4032	1201
4033	1201
4034	1201
4035	1201
4036	1201
4037	1201
4038	1201
4039	1201
4040	1201
4041	1201
4042	1201
4043	1201
4044	1201
4045	1201
4046	1201
4047	1201
4048	1201
4049	1201
4050	1201
4051	1201
4052	1201
4053	1201
4054	1201
4055	1201
4056	1201
4057	1201
4058	1201
4059	1201
4060	1201
4061	1201
4062	1201
4063	1201
4064	1201
4065	1201
4066	1201
4067	1201
4068	1201
4069	1201
4070	1201
4071	1201
4072	1201
4073	1201
4074	1201
4075	1201
4076	1201
4077	1201
4078	1201
4079	1201
4080	1201
4081	1201
4082	1201
4083	1201
4084	1201
4085	1201
4086	1201
4087	1201
4088	1201
4089	1201
4090	1201
4091	1201
4092	1201
4093	1201
4094	1201
4095	1201
4096	1201
4097	1201
4098	1201
4099	1201
4100	1201
4101	1201
4102	1201
4103	1201
4104	1201
4105	1201
4106	1201
4107	1201
4108	1201
4109	1201
4110	1201
4111	1201
4112	1201
4113	1201
4114	1201
4115	1201
4116	1201
4117	1201
4118	1201
4119	1201
4120	1201
4121	1201
4122	1201
4123	1201
4124	1201
4125	1201
4126	1201
4127	1201
4128	1201
4129	1201
4130	1201
4131	1201
4132	1201
4133	1201
4134	1201
4135	1201
4136	1201
4137	1201
4138	1201
4139	1201
4140	1201
4141	1201
4142	1201
4143	1201
4144	1201
4145	1201
4146	1201
4147	1201
4148	1201
4149	1201
4150	1201
4151	1201
4152	1201
4153	1201
4154	1201
4155	1201
4156	1201
4157	1201
4158	1201
4159	1201
4160	1201
4161	1201
4162	1201
4163	1201
4164	1201
4165	1201
4166	1201
4167	1201
4168	1201
4169	1201
4170	1201
4171	1201
4172	1201
4173	1201
4174	1201
4175	1201
4176	1201
4177	1201
4178	1201
4179	1201
4180	1201
4181	1201
4182	1201
4183	1201
4184	1201
4185	1201
4186	1201
4187	1201
4188	1201
4189	1201
4190	1201
4191	1201
4192	1201
4193	1201
4194	1201
4195	1201
4196	1201
4197	1201
4198	1201
4199	1201
4200	1201
4201	1201
4202	1201
4203	1201
4204	1201
4205	1201
4206	1201
4207	1201
4208	1201
4209	1201
4210	1201
4211	1201
4212	1201
4213	1201
4214	1201
4215	1201
4216	1201
4217	1201
4218	1201
4219	1201
4220	1201
4221	1201
4222	1201
4223	1201
4224	1201
4225	1201
4226	1201
4227	1201
4228	1201
4229	1201
4230	1201
4231	1201
4232	1201
4233	1201
4234	1201
4235	1201
4236	1201
4237	1201
4238	1201
4239	1201
4240	1201
4241	1201
4242	1201
4243	1201
4244	1201
4245	1201
4246	1201
4247	1201
4248	1201
4249	1201
4250	1201
4251	1201
4252	1201
4253	1201
4254	1201
4255	1201
4256	1201
4257	1201
4258	1201
4259	1201
4260	1201
4261	1201
4262	1201
4263	1201
4264	1201
4265	1201
4266	1201
4267	1201
4268	1201
4269	1201
4270	1201
4271	1201
4272	1201
4273	1201
4274	1201
4275	1201
4276	1201
4277	1201
4278	1201
4279	1201
4280	1201
4281	1201
4282	1201
4283	1201
4284	1201
4285	1201
4286	1201
4287	1201
4288	1201
4289	1201
4290	1201
4291	1201
4292	1201
4293	1201
4294	1201
4295	1201
4296	1201
4297	1201
4298	1201
4299	1201
4300	1201
4301	1201
4302	1201
4303	1201
4304	1201
4305	1201
4306	1201
4307	1201
4308	1201
4309	1201
4310	1201
4311	1201
4312	1201
4313	1201
4314	1201
4315	1201
4316	1201
4317	1201
4318	1201
4319	1201
4320	1201
4321	1201
4322	1201
4323	1201
4324	1201
4325	1201
4326	1201
4327	1201
4328	1201
4329	1201
4330	1201
4331	1201
4332	1201
4333	1201
4334	1201
4335	1201
4336	1201
4337	1201
4338	1201
4339	1201
4340	1201
4341	1201
4342	1201
4343	1201
4344	1201
4345	1201
4346	1201
4347	1201
4348	1201
4349	1201
4350	1201
4351	1201
4352	1201
4353	1201
4354	1201
4355	1201
4356	1201
4357	1201
4358	1201
4359	1201
4360	1201
4361	1201
4362	1201
4363	1201
4364	1201
4365	1201
4366	1201
4367	1201
4368	1201
4369	1201
4370	1201
4371	1201
4372	1201
4373	1201
4374	1201
4375	1201
4376	1201
4377	1201
4378	1201
4379	1201
4380	1201
4381	1201
4382	1201
4383	1201
4384	1201
4385	1201
4386	1201
4387	1201
4388	1201
4389	1201
4390	1201
4391	1201
4392	1201
4393	1201
4394	1201
4395	1201
4396	1201
4397	1201
4398	1201
4399	1201
4400	1201
4401	1201
4402	1201
4403	1201
4404	1201
4405	1201
4406	1201
4407	1201
4408	1201
4409	1201
4410	1201
4411	1201
4412	1201
4413	1201
4414	1201
4415	1201
4416	1201
4417	1201
4418	1201
4419	1201
4420	1201
4421	1201
4422	1201
4423	1201
4424	1201
4425	1201
4426	1201
4427	1201
4428	1201
4429	1201
4430	1201
4431	1201
4432	1201
4433	1201
4434	1201
4435	1201
4436	1201
4437	1201
4438	1201
4439	1201
4440	1201
4441	1201
4442	1201
4443	1201
4444	1201
4445	1201
4446	1201
4447	1201
4448	1201
4449	1201
4450	1201
4451	1201
4452	1201
4453	1201
4454	1201
4455	1201
4456	1201
4457	1201
4458	1201
4459	1201
4460	1201
4461	1201
4462	1201
4463	1201
4464	1201
4465	1201
4466	1201
4467	1201
4468	1201
4469	1201
4470	1201
4471	1201
4472	1201
4473	1201
4474	1201
4475	1201
4476	1201
4477	1201
4478	1201
4479	1201
4480	1201
4481	1201
4482	1201
4483	1201
4484	1201
4485	1201
4486	1201
4487	1201
4488	1201
4489	1201
4490	1201
4491	1201
4492	1201
4493	1201
4494	1201
4495	1201
4496	1201
4497	1201
4498	1201
4499	1201
4500	1201
4501	1201
4502	1201
4503	1201
4504	1201
4505	1201
4506	1201
4507	1201
4508	1201
4509	1201
4510	1201
4511	1201
4512	1201
4513	1201
4514	1201
4515	1201
4516	1201
4517	1201
4518	1201
4519	1201
4520	1201
4521	1201
4522	1201
4523	1201
4524	1201
4525	1201
4526	1201
4527	1201
4528	1201
4529	1201
4530	1201
4531	1201
4532	1201
4533	1201
4534	1201
4535	1201
4536	1201
4537	1201
4538	1201
4539	1201
4540	1201
4541	1201
4542	1201
4543	1201
4544	1201
4545	1201
4546	1201
4547	1201
4548	1201
4549	1201
4550	1201
4551	1201
4552	1201
4553	1201
4554	1201
4555	1201
4556	1201
4557	1201
4558	1201
4559	1201
4560	1201
4561	1201
4562	1201
4563	1201
4564	1201
4565	1201
4566	1201
4567	1201
4568	1201
4569	1201
4570	1201
4571	1201
4572	1201
4573	1201
4574	1201
4575	1201
4576	1201
4577	1201
4578	1201
4579	1201
4580	1201
4581	1201
4582	1201
4583	1201
4584	1201
4585	1201
4586	1201
4587	1201
4588	1201
4589	1201
4590	1201
4591	1201
4592	1201
4593	1201
4594	1201
4595	1201
4596	1201
4597	1201
4598	1201
4599	1201
4600	1201
4601	1201
4602	1201
4603	1201
4604	1201
4605	1201
4606	1201
4607	1201
4608	1201
4609	1201
4610	1201
4611	1201
4612	1201
4613	1201
4614	1201
4615	1201
4616	1201
4617	1201
4618	1201
4619	1201
4620	1201
4621	1201
4622	1201
4623	1201
4624	1201
4625	1201
4626	1201
4627	1201
4628	1201
4629	1201
4630	1201
4631	1201
4632	1201
4633	1201
4634	1201
4635	1201
4636	1201
4637	1201
4638	1201
4639	1201
4640	1201
4641	1201
4642	1201
4643	1201
4644	1201
4645	1201
4646	1201
4647	1201
4648	1201
4649	1201
4650	1201
4651	1201
4652	1201
4653	1201
4654	1201
4655	1201
4656	1201
4657	1201
4658	1201
4659	1201
4660	1201
4661	1201
4662	1201
4663	1201
4664	1201
4665	1201
4666	1201
4667	1201
4668	1201
4669	1201
4670	1201
4671	1201
4672	1201
4673	1201
4674	1201
4675	1201
4676	1201
4677	1201
4678	1201
4679	1201
4680	1201
4681	1201
4682	1201
4683	1201
4684	1201
4685	1201
4686	1201
4687	1201
4688	1201
4689	1201
4690	1201
4691	1201
4692	1201
4693	1201
4694	1201
4695	1201
4696	1201
4697	1201
4698	1201
4699	1201
4700	1201
4701	1201
4702	1201
4703	1201
4704	1201
4705	1201
4706	1201
4707	1201
4708	1201
4709	1201
4710	1201
4711	1201
4712	1201
4713	1201
4714	1201
4715	1201
4716	1201
4717	1201
4718	1201
4719	1201
4720	1201
4721	1201
4722	1201
4723	1201
4724	1201
4725	1201
4726	1201
4727	1201
4728	1201
4729	1201
4730	1201
4731	1201
4732	1201
4733	1201
4734	1201
4735	1201
4736	1201
4737	1201
4738	1201
4739	1201
4740	1201
4741	1201
4742	1201
4743	1201
4744	1201
4745	1201
4746	1201
4747	1201
4748	1201
4749	1201
4750	1201
4751	1201
4752	1201
4753	1201
4754	1201
4755	1201
4756	1201
4757	1201
4758	1201
4759	1201
4760	1201
4761	1201
4762	1201
4763	1201
4764	1201
4765	1201
4766	1201
4767	1201
4768	1201
4769	1201
4770	1201
4771	1201
4772	1201
4773	1201
4774	1201
4775	1201
4776	1201
4777	1201
4778	1201
4779	1201
4780	1201
4781	1201
4782	1201
4783	1201
4784	1201
4785	1201
4786	1201
4787	1201
4788	1201
4789	1201
4790	1201
4791	1201
4792	1201
4793	1201
4794	1201
4795	1201
4796	1201
4797	1201
4798	1201
4799	1201
4800	1201
4801	1201
4802	1201
4803	1201
4804	1201
4805	1201
4806	1201
4807	1201
4808	1201
4809	1201
4810	1201
4811	1201
4812	1201
4813	1201
4814	1201
4815	1201
4816	1201
4817	1201
4818	1201
4819	1201
4820	1201
4821	1201
4822	1201
4823	1201
4824	1201
4825	1201
4826	1201
4827	1201
4828	1201
4829	1201
4830	1201
4831	1201
4832	1201
4833	1201
4834	1201
4835	1201
4836	1201
4837	1201
4838	1201
4839	1201
4840	1201
4841	1201
4842	1201
4843	1201
4844	1201
4845	1201
4846	1201
4847	1201
4848	1201
4849	1201
4850	1201
4851	1201
4852	1201
4853	1201
4854	1201
4855	1201
4856	1201
4857	1201
4858	1201
4859	1201
4860	1201
4861	1201
4862	1201
4863	1201
4864	1201
4865	1201
4866	1201
4867	1201
4868	1201
4869	1201
4870	1201
4871	1201
4872	1201
4873	1201
4874	1201
4875	1201
4876	1201
4877	1201
4878	1201
4879	1201
4880	1201
4881	1201
4882	1201
4883	1201
4884	1201
4885	1201
4886	1201
4887	1201
4888	1201
4889	1201
4890	1201
4891	1201
4892	1201
4893	1201
4894	1201
4895	1201
4896	1201
4897	1201
4898	1201
4899	1201
4900	1201
4901	1201
4902	1201
4903	1201
4904	1201
4905	1201
4906	1201
4907	1201
4908	1201
4909	1201
4910	1201
4911	1201
4912	1201
4913	1201
4914	1201
4915	1201
4916	1201
4917	1201
4918	1201
4919	1201
4920	1201
4921	1201
4922	1201
4923	1201
4924	1201
4925	1201
4926	1201
4927	1201
4928	1201
4929	1201
4930	1201
4931	1201
4932	1201
4933	1201
4934	1201
4935	1201
4936	1201
4937	1201
4938	1201
4939	1201
4940	1201
4941	1201
4942	1201
4943	1201
4944	1201
4945	1201
4946	1201
4947	1201
4948	1201
4949	1201
4950	1201
4951	1201
4952	1201
4953	1201
4954	1201
4955	1201
4956	1201
4957	1201
4958	1201
4959	1201
4960	1201
4961	1201
4962	1201
4963	1201
4964	1201
4965	1201
4966	1201
4967	1201
4968	1201
4969	1201
4970	1201
4971	1201
4972	1201
4973	1201
4974	1201
4975	1201
4976	1201
4977	1201
4978	1201
4979	1201
4980	1201
4981	1201
4982	1201
4983	1201
4984	1201
4985	1201
4986	1201
4987	1201
4988	1201
4989	1201
4990	1201
4991	1201
4992	1201
4993	1201
4994	1201
4995	1201
4996	1201
4997	1201
4998	1201
4999	1201

