0	0
1	0
2	0
3	1
4	1
5	1
6	1
7	1
8	1
9	1
10	1
11	1
12	1
13	1
14	1
15	1
16	1
17	1
18	1
19	1
20	1
21	1
22	1
23	1
24	1
25	2
26	2
27	2
28	2
29	2
30	2
31	3
32	3
33	3
34	3
35	3
36	4
37	4
38	4
39	4
40	4
41	4
42	4
43	4
44	4
45	4
46	4
47	6
48	8
49	9
50	9
51	9
52	10
53	10
54	11
55	11
56	12
57	12
58	12
59	12
60	12
61	12
62	12
63	12
64	12
65	12
66	12
67	12
68	12
69	12
70	12
71	13
72	13
73	13
74	13
75	15
76	15
77	15
78	15
79	15
80	17
81	17
82	17
83	17
84	17
85	17
86	17
87	18
88	18
89	18
90	18
91	19
92	19
93	20
94	20
95	20
96	20
97	20
98	20
99	20
100	20
101	21
102	21
103	21
104	21
105	21
106	21
107	21
108	21
109	21
110	22
111	22
112	24
113	24
114	24
115	25
116	26
117	26
118	27
119	28
120	29
121	29
122	30
123	31
124	32
125	32
126	32
127	32
128	33
129	33
130	34
131	34
132	35
133	36
134	36
135	36
136	37
137	37
138	37
139	37
140	37
141	37
142	38
143	40
144	41
145	41
146	42
147	43
148	43
149	43
150	45
151	45
152	45
153	45
154	48
155	48
156	48
157	49
158	49
159	49
160	50
161	50
162	50
163	50
164	51
165	52
166	52
167	53
168	53
169	53
170	53
171	53
172	53
173	54
174	54
175	54
176	54
177	54
178	54
179	54
180	54
181	55
182	55
183	55
184	55
185	55
186	56
187	57
188	57
189	57
190	58
191	62
192	64
193	64
194	64
195	65
196	65
197	66
198	66
199	68
200	69
201	71
202	71
203	71
204	75
205	75
206	77
207	78
208	78
209	78
210	78
211	78
212	79
213	80
214	81
215	81
216	83
217	85
218	86
219	87
220	89
221	89
222	90
223	91
224	91
225	92
226	93
227	93
228	94
229	94
230	95
231	95
232	95
233	95
234	96
235	96
236	96
237	96
238	96
239	97
240	97
241	97
242	98
243	98
244	99
245	100
246	101
247	102
248	105
249	107
250	108
251	109
252	110
253	111
254	113
255	115
256	116
257	117
258	117
259	118
260	118
261	120
262	121
263	123
264	124
265	124
266	124
267	125
268	126
269	128
270	129
271	129
272	130
273	132
274	134
275	135
276	135
277	135
278	136
279	137
280	140
281	140
282	140
283	140
284	140
285	140
286	140
287	141
288	141
289	141
290	146
291	146
292	147
293	149
294	150
295	150
296	150
297	151
298	152
299	152
300	152
301	155
302	157
303	157
304	157
305	158
306	158
307	159
308	162
309	164
310	165
311	165
312	167
313	167
314	167
315	168
316	168
317	168
318	169
319	169
320	169
321	169
322	169
323	170
324	170
325	170
326	170
327	171
328	172
329	173
330	173
331	173
332	174
333	176
334	178
335	178
336	178
337	178
338	178
339	179
340	180
341	181
342	182
343	184
344	185
345	185
346	186
347	188
348	189
349	190
350	190
351	192
352	193
353	197
354	198
355	199
356	202
357	204
358	205
359	207
360	210
361	211
362	212
363	213
364	215
365	215
366	216
367	218
368	220
369	222
370	224
371	224
372	224
373	224
374	225
375	226
376	228
377	230
378	232
379	233
380	234
381	237
382	241
383	244
384	246
385	249
386	249
387	252
388	254
389	255
390	256
391	256
392	256
393	257
394	258
395	261
396	261
397	263
398	263
399	264
400	266
401	269
402	269
403	269
404	269
405	269
406	270
407	271
408	271
409	274
410	274
411	274
412	274
413	274
414	276
415	278
416	281
417	284
418	287
419	288
420	288
421	292
422	294
423	294
424	295
425	300
426	301
427	302
428	303
429	304
430	305
431	306
432	306
433	306
434	306
435	306
436	309
437	310
438	311
439	312
440	312
441	313
442	316
443	316
444	316
445	316
446	318
447	320
448	321
449	321
450	324
451	325
452	328
453	328
454	329
455	330
456	332
457	336
458	337
459	339
460	341
461	343
462	344
463	347
464	349
465	350
466	351
467	351
468	353
469	354
470	357
471	357
472	360
473	360
474	363
475	364
476	369
477	374
478	376
479	376
480	377
481	377
482	378
483	381
484	383
485	384
486	384
487	385
488	388
489	388
490	388
491	389
492	390
493	391
494	394
495	396
496	398
497	400
498	400
499	401
500	405
501	405
502	410
503	413
504	414
505	414
506	415
507	416
508	417
509	419
510	420
511	420
512	423
513	426
514	428
515	430
516	432
517	434
518	436
519	436
520	437
521	441
522	441
523	443
524	443
525	445
526	446
527	448
528	450
529	451
530	452
531	452
532	454
533	454
534	456
535	456
536	460
537	461
538	462
539	463
540	464
541	466
542	466
543	467
544	468
545	471
546	473
547	473
548	474
549	475
550	476
551	477
552	477
553	478
554	481
555	485
556	486
557	486
558	486
559	486
560	486
561	490
562	490
563	491
564	491
565	494
566	498
567	501
568	501
569	503
570	504
571	504
572	506
573	507
574	512
575	516
576	517
577	517
578	517
579	517
580	519
581	520
582	520
583	522
584	522
585	523
586	524
587	526
588	527
589	528
590	530
591	530
592	532
593	535
594	535
595	536
596	537
597	537
598	538
599	539
600	540
601	540
602	542
603	542
604	542
605	542
606	542
607	544
608	545
609	546
610	546
611	546
612	546
613	546
614	547
615	547
616	549
617	550
618	551
619	555
620	556
621	559
622	563
623	564
624	564
625	564
626	564
627	565
628	565
629	566
630	567
631	567
632	567
633	567
634	567
635	567
636	568
637	569
638	571
639	571
640	571
641	571
642	571
643	571
644	572
645	572
646	573
647	575
648	575
649	575
650	577
651	577
652	579
653	579
654	580
655	580
656	580
657	580
658	580
659	580
660	580
661	580
662	580
663	580
664	581
665	581
666	582
667	584
668	584
669	584
670	584
671	584
672	584
673	584
674	584
675	586
676	589
677	591
678	591
679	591
680	593
681	593
682	593
683	593
684	593
685	593
686	593
687	595
688	595
689	596
690	596
691	596
692	596
693	596
694	597
695	597
696	597
697	597
698	597
699	597
700	597
701	597
702	597
703	597
704	597
705	597
706	597
707	597
708	597
709	597
710	597
711	597
712	597
713	597
714	597
715	597
716	597
717	597
718	597
719	597
720	598
721	600
722	600
723	600
724	600
725	600
726	600
727	600
728	600
729	601
730	602
731	602
732	602
733	602
734	602
735	602
736	602
737	602
738	602
739	604
740	604
741	604
742	604
743	604
744	604
745	604
746	604
747	604
748	604
749	605
750	606
751	606
752	606
753	606
754	606
755	606
756	608
757	611
758	611
759	612
760	612
761	612
762	612
763	612
764	612
765	612
766	613
767	613
768	614
769	614
770	614
771	614
772	614
773	614
774	614
775	615
776	615
777	615
778	615
779	615
780	615
781	615
782	615
783	615
784	615
785	615
786	616
787	616
788	616
789	616
790	616
791	616
792	616
793	618
794	618
795	618
796	618
797	618
798	619
799	619
800	619
801	619
802	619
803	619
804	619
805	619
806	619
807	619
808	619
809	619
810	619
811	620
812	620
813	620
814	620
815	621
816	621
817	621
818	621
819	621
820	621
821	621
822	622
823	622
824	622
825	622
826	622
827	622
828	622
829	622
830	622
831	622
832	622
833	622
834	622
835	622
836	622
837	622
838	622
839	622
840	622
841	622
842	622
843	622
844	622
845	622
846	622
847	622
848	622
849	622
850	622
851	622
852	622
853	622
854	622
855	622
856	622
857	622
858	622
859	622
860	622
861	622
862	622
863	622
864	622
865	622
866	622
867	622
868	622
869	622
870	622
871	622
872	622
873	622
874	622
875	623
876	623
877	623
878	623
879	623
880	623
881	623
882	624
883	624
884	624
885	624
886	625
887	625
888	625
889	625
890	625
891	625
892	625
893	625
894	625
895	625
896	625
897	627
898	627
899	627
900	627
901	627
902	627
903	627
904	627
905	627
906	627
907	627
908	627
909	627
910	627
911	627
912	627
913	627
914	627
915	627
916	627
917	627
918	627
919	627
920	628
921	628
922	628
923	628
924	628
925	628
926	628
927	628
928	628
929	628
930	628
931	628
932	628
933	628
934	628
935	628
936	628
937	628
938	628
939	628
940	628
941	629
942	629
943	629
944	629
945	629
946	629
947	629
948	629
949	629
950	629
951	629
952	629
953	629
954	629
955	629
956	629
957	629
958	629
959	629
960	629
961	629
962	629
963	629
964	629
965	629
966	629
967	629
968	629
969	629
970	629
971	629
972	629
973	629
974	629
975	629
976	629
977	629
978	629
979	629
980	629
981	629
982	629
983	629
984	629
985	629
986	629
987	629
988	629
989	629
990	629
991	629
992	629
993	629
994	629
995	629
996	629
997	629
998	629
999	629
1000	629
1001	629
1002	629
1003	629
1004	629
1005	629
1006	629
1007	629
1008	629
1009	629
1010	629
1011	629
1012	629
1013	629
1014	629
1015	629
1016	629
1017	629
1018	629
1019	629
1020	629
1021	629
1022	629
1023	629
1024	629
1025	629
1026	629
1027	629
1028	629
1029	629
1030	629
1031	629
1032	629
1033	629
1034	629
1035	629
1036	629
1037	630
1038	630
1039	630
1040	630
1041	630
1042	630
1043	630
1044	630
1045	630
1046	630
1047	630
1048	630
1049	630
1050	630
1051	630
1052	630
1053	630
1054	630
1055	630
1056	630
1057	630
1058	630
1059	631
1060	631
1061	631
1062	631
1063	631
1064	631
1065	632
1066	632
1067	632
1068	632
1069	632
1070	632
1071	632
1072	632
1073	632
1074	632
1075	633
1076	633
1077	633
1078	633
1079	633
1080	633
1081	633
1082	633
1083	633
1084	633
1085	633
1086	633
1087	633
1088	633
1089	633
1090	633
1091	633
1092	633
1093	633
1094	633
1095	634
1096	634
1097	634
1098	634
1099	634
1100	634
1101	634
1102	634
1103	634
1104	634
1105	634
1106	634
1107	634
1108	634
1109	634
1110	634
1111	634
1112	635
1113	635
1114	635
1115	635
1116	635
1117	635
1118	635
1119	635
1120	635
1121	635
1122	635
1123	635
1124	635
1125	635
1126	635
1127	636
1128	636
1129	636
1130	636
1131	636
1132	636
1133	636
1134	636
1135	636
1136	636
1137	636
1138	637
1139	637
1140	638
1141	639
1142	640
1143	640
1144	640
1145	640
1146	640
1147	640
1148	640
1149	640
1150	640
1151	640
1152	640
1153	640
1154	640
1155	640
1156	641
1157	641
1158	642
1159	642
1160	643
1161	644
1162	644
1163	645
1164	645
1165	645
1166	646
1167	646
1168	647
1169	648
1170	648
1171	650
1172	650
1173	650
1174	650
1175	651
1176	651
1177	653
1178	654
1179	654
1180	655
1181	655
1182	655
1183	657
1184	657
1185	657
1186	658
1187	660
1188	660
1189	661
1190	661
1191	661
1192	661
1193	661
1194	662
1195	662
1196	665
1197	665
1198	669
1199	669
1200	670
1201	672
1202	672
1203	673
1204	674
1205	675
1206	676
1207	678
1208	678
1209	679
1210	680
1211	680
1212	683
1213	683
1214	683
1215	685
1216	685
1217	689
1218	689
1219	689
1220	689
1221	689
1222	690
1223	691
1224	691
1225	691
1226	691
1227	691
1228	693
1229	694
1230	694
1231	694
1232	697
1233	697
1234	698
1235	698
1236	698
1237	705
1238	706
1239	706
1240	707
1241	708
1242	710
1243	710
1244	712
1245	712
1246	712
1247	713
1248	715
1249	716
1250	716
1251	718
1252	720
1253	721
1254	722
1255	722
1256	724
1257	724
1258	724
1259	726
1260	726
1261	726
1262	726
1263	726
1264	726
1265	726
1266	727
1267	727
1268	729
1269	729
1270	730
1271	732
1272	733
1273	733
1274	733
1275	734
1276	742
1277	744
1278	747
1279	749
1280	755
1281	758
1282	758
1283	761
1284	762
1285	763
1286	766
1287	770
1288	771
1289	772
1290	776
1291	777
1292	779
1293	779
1294	780
1295	781
1296	781
1297	784
1298	784
1299	789
1300	794
1301	796
1302	797
1303	798
1304	800
1305	802
1306	803
1307	803
1308	805
1309	808
1310	809
1311	810
1312	812
1313	815
1314	818
1315	820
1316	821
1317	822
1318	822
1319	827
1320	830
1321	832
1322	833
1323	835
1324	836
1325	836
1326	838
1327	839
1328	839
1329	841
1330	844
1331	844
1332	845
1333	847
1334	848
1335	849
1336	849
1337	851
1338	852
1339	853
1340	854
1341	854
1342	854
1343	855
1344	855
1345	855
1346	855
1347	856
1348	856
1349	861
1350	861
1351	861
1352	861
1353	865
1354	865
1355	865
1356	869
1357	869
1358	870
1359	871
1360	873
1361	874
1362	874
1363	875
1364	878
1365	880
1366	880
1367	880
1368	881
1369	885
1370	887
1371	889
1372	890
1373	892
1374	892
1375	893
1376	894
1377	894
1378	894
1379	895
1380	895
1381	896
1382	897
1383	898
1384	901
1385	904
1386	904
1387	904
1388	904
1389	905
1390	906
1391	906
1392	906
1393	906
1394	906
1395	906
1396	907
1397	908
1398	910
1399	911
1400	912
1401	912
1402	914
1403	915
1404	915
1405	917
1406	918
1407	918
1408	918
1409	919
1410	919
1411	919
1412	920
1413	921
1414	921
1415	921
1416	922
1417	923
1418	923
1419	923
1420	923
1421	923
1422	924
1423	924
1424	925
1425	926
1426	926
1427	928
1428	929
1429	930
1430	931
1431	931
1432	931
1433	931
1434	931
1435	931
1436	931
1437	933
1438	935
1439	936
1440	936
1441	938
1442	940
1443	940
1444	940
1445	940
1446	940
1447	941
1448	941
1449	941
1450	941
1451	942
1452	942
1453	942
1454	944
1455	944
1456	946
1457	946
1458	946
1459	947
1460	947
1461	947
1462	947
1463	947
1464	947
1465	947
1466	947
1467	947
1468	947
1469	947
1470	947
1471	947
1472	947
1473	947
1474	947
1475	949
1476	949
1477	949
1478	949
1479	949
1480	950
1481	950
1482	951
1483	951
1484	951
1485	952
1486	954
1487	954
1488	955
1489	955
1490	955
1491	956
1492	958
1493	958
1494	958
1495	959
1496	959
1497	959
1498	959
1499	959
1500	961
1501	961
1502	963
1503	963
1504	965
1505	966
1506	966
1507	966
1508	966
1509	966
1510	967
1511	967
1512	968
1513	968
1514	968
1515	969
1516	969
1517	969
1518	969
1519	969
1520	969
1521	969
1522	970
1523	971
1524	972
1525	972
1526	972
1527	973
1528	975
1529	977
1530	977
1531	978
1532	978
1533	978
1534	979
1535	979
1536	979
1537	979
1538	979
1539	979
1540	979
1541	979
1542	979
1543	980
1544	980
1545	980
1546	981
1547	981
1548	981
1549	981
1550	981
1551	982
1552	983
1553	983
1554	983
1555	983
1556	984
1557	984
1558	984
1559	986
1560	986
1561	986
1562	986
1563	986
1564	986
1565	986
1566	986
1567	986
1568	987
1569	987
1570	988
1571	988
1572	989
1573	990
1574	990
1575	990
1576	990
1577	990
1578	990
1579	990
1580	990
1581	990
1582	990
1583	990
1584	990
1585	990
1586	990
1587	990
1588	990
1589	990
1590	990
1591	990
1592	990
1593	990
1594	990
1595	990
1596	990
1597	990
1598	990
1599	990
1600	990
1601	990
1602	990
1603	990
1604	990
1605	990
1606	990
1607	990
1608	990
1609	990
1610	990
1611	990
1612	990
1613	990
1614	990
1615	990
1616	990
1617	990
1618	990
1619	990
1620	990
1621	990
1622	990
1623	990
1624	990
1625	990
1626	990
1627	991
1628	992
1629	992
1630	992
1631	992
1632	992
1633	992
1634	992
1635	993
1636	993
1637	993
1638	994
1639	994
1640	994
1641	994
1642	994
1643	994
1644	995
1645	995
1646	996
1647	996
1648	996
1649	996
1650	996
1651	996
1652	996
1653	996
1654	996
1655	996
1656	996
1657	996
1658	996
1659	996
1660	996
1661	996
1662	998
1663	998
1664	998
1665	998
1666	999
1667	999
1668	999
1669	999
1670	999
1671	999
1672	999
1673	999
1674	999
1675	999
1676	999
1677	999
1678	999
1679	1000
1680	1000
1681	1000
1682	1000
1683	1000
1684	1000
1685	1000
1686	1000
1687	1000
1688	1000
1689	1000
1690	1000
1691	1000
1692	1000
1693	1000
1694	1000
1695	1000
1696	1000
1697	1000
1698	1000
1699	1000
1700	1000
1701	1000
1702	1000
1703	1000
1704	1000
1705	1000
1706	1000
1707	1000
1708	1000
1709	1000
1710	1000
1711	1000
1712	1000
1713	1000
1714	1000
1715	1000
1716	1000
1717	1000
1718	1000
1719	1000
1720	1000
1721	1000
1722	1000
1723	1000
1724	1000
1725	1000
1726	1000
1727	1000
1728	1000
1729	1000
1730	1000
1731	1000
1732	1000
1733	1000
1734	1000
1735	1000
1736	1000
1737	1000
1738	1000
1739	1000
1740	1000
1741	1000
1742	1000
1743	1000
1744	1000
1745	1000
1746	1000
1747	1000
1748	1000
1749	1000
1750	1000
1751	1000
1752	1000
1753	1000
1754	1000
1755	1000
1756	1000
1757	1000
1758	1000
1759	1000
1760	1000
1761	1000
1762	1000
1763	1000
1764	1000
1765	1000
1766	1000
1767	1000
1768	1001
1769	1001
1770	1001
1771	1001
1772	1001
1773	1001
1774	1001
1775	1001
1776	1001
1777	1001
1778	1001
1779	1001
1780	1001
1781	1001
1782	1001
1783	1001
1784	1002
1785	1002
1786	1002
1787	1002
1788	1002
1789	1002
1790	1002
1791	1003
1792	1003
1793	1003
1794	1003
1795	1003
1796	1003
1797	1003
1798	1003
1799	1003
1800	1003
1801	1003
1802	1003
1803	1003
1804	1003
1805	1003
1806	1003
1807	1003
1808	1003
1809	1003
1810	1003
1811	1003
1812	1003
1813	1003
1814	1003
1815	1003
1816	1003
1817	1003
1818	1003
1819	1003
1820	1003
1821	1003
1822	1003
1823	1003
1824	1003
1825	1003
1826	1003
1827	1003
1828	1003
1829	1003
1830	1003
1831	1003
1832	1003
1833	1003
1834	1003
1835	1003
1836	1003
1837	1003
1838	1003
1839	1003
1840	1003
1841	1004
1842	1004
1843	1004
1844	1004
1845	1004
1846	1004
1847	1004
1848	1004
1849	1004
1850	1004
1851	1004
1852	1004
1853	1004
1854	1004
1855	1004
1856	1004
1857	1004
1858	1005
1859	1005
1860	1005
1861	1005
1862	1006
1863	1006
1864	1006
1865	1006
1866	1006
1867	1006
1868	1006
1869	1006
1870	1006
1871	1006
1872	1006
1873	1006
1874	1006
1875	1006
1876	1006
1877	1006
1878	1007
1879	1007
1880	1007
1881	1008
1882	1008
1883	1008
1884	1008
1885	1009
1886	1010
1887	1010
1888	1010
1889	1010
1890	1010
1891	1010
1892	1011
1893	1011
1894	1011
1895	1011
1896	1011
1897	1011
1898	1011
1899	1011
1900	1011
1901	1011
1902	1011
1903	1012
1904	1012
1905	1012
1906	1012
1907	1012
1908	1012
1909	1012
1910	1012
1911	1012
1912	1012
1913	1012
1914	1012
1915	1012
1916	1012
1917	1012
1918	1012
1919	1012
1920	1013
1921	1013
1922	1014
1923	1014
1924	1014
1925	1014
1926	1014
1927	1014
1928	1014
1929	1014
1930	1014
1931	1014
1932	1015
1933	1015
1934	1015
1935	1015
1936	1015
1937	1015
1938	1015
1939	1015
1940	1016
1941	1016
1942	1017
1943	1017
1944	1017
1945	1017
1946	1017
1947	1017
1948	1017
1949	1017
1950	1018
1951	1018
1952	1018
1953	1018
1954	1018
1955	1019
1956	1020
1957	1020
1958	1022
1959	1023
1960	1024
1961	1025
1962	1025
1963	1027
1964	1027
1965	1027
1966	1028
1967	1028
1968	1028
1969	1029
1970	1030
1971	1031
1972	1031
1973	1031
1974	1032
1975	1032
1976	1032
1977	1032
1978	1033
1979	1033
1980	1033
1981	1033
1982	1033
1983	1033
1984	1033
1985	1033
1986	1033
1987	1033
1988	1033
1989	1033
1990	1033
1991	1033
1992	1033
1993	1033
1994	1033
1995	1033
1996	1033
1997	1033
1998	1033
1999	1033
2000	1034
2001	1034
2002	1034
2003	1034
2004	1034
2005	1034
2006	1034
2007	1034
2008	1034
2009	1034
2010	1034
2011	1034
2012	1034
2013	1034
2014	1034
2015	1034
2016	1034
2017	1034
2018	1034
2019	1034
2020	1034
2021	1034
2022	1034
2023	1034
2024	1034
2025	1034
2026	1035
2027	1035
2028	1035
2029	1035
2030	1035
2031	1035
2032	1035
2033	1035
2034	1035
2035	1035
2036	1035
2037	1035
2038	1035
2039	1035
2040	1035
2041	1037
2042	1038
2043	1038
2044	1038
2045	1038
2046	1038
2047	1039
2048	1039
2049	1039
2050	1039
2051	1039
2052	1039
2053	1039
2054	1039
2055	1040
2056	1040
2057	1040
2058	1040
2059	1042
2060	1043
2061	1043
2062	1043
2063	1043
2064	1043
2065	1043
2066	1043
2067	1043
2068	1043
2069	1043
2070	1043
2071	1043
2072	1043
2073	1043
2074	1043
2075	1043
2076	1043
2077	1043
2078	1043
2079	1044
2080	1044
2081	1044
2082	1044
2083	1044
2084	1045
2085	1045
2086	1045
2087	1045
2088	1045
2089	1045
2090	1046
2091	1046
2092	1046
2093	1046
2094	1046
2095	1046
2096	1046
2097	1046
2098	1046
2099	1046
2100	1046
2101	1046
2102	1046
2103	1046
2104	1046
2105	1046
2106	1046
2107	1047
2108	1047
2109	1047
2110	1047
2111	1047
2112	1047
2113	1047
2114	1047
2115	1047
2116	1047
2117	1047
2118	1047
2119	1047
2120	1047
2121	1047
2122	1047
2123	1047
2124	1047
2125	1047
2126	1047
2127	1047
2128	1047
2129	1047
2130	1047
2131	1047
2132	1047
2133	1048
2134	1048
2135	1048
2136	1048
2137	1048
2138	1048
2139	1048
2140	1048
2141	1048
2142	1048
2143	1048
2144	1048
2145	1048
2146	1048
2147	1048
2148	1048
2149	1048
2150	1048
2151	1048
2152	1048
2153	1048
2154	1048
2155	1048
2156	1048
2157	1050
2158	1050
2159	1050
2160	1051
2161	1051
2162	1052
2163	1052
2164	1052
2165	1052
2166	1052
2167	1052
2168	1052
2169	1052
2170	1052
2171	1052
2172	1054
2173	1055
2174	1055
2175	1055
2176	1055
2177	1055
2178	1055
2179	1055
2180	1055
2181	1055
2182	1055
2183	1055
2184	1055
2185	1055
2186	1055
2187	1056
2188	1057
2189	1057
2190	1057
2191	1057
2192	1057
2193	1057
2194	1057
2195	1057
2196	1057
2197	1057
2198	1057
2199	1057
2200	1057
2201	1057
2202	1057
2203	1057
2204	1057
2205	1057
2206	1057
2207	1057
2208	1057
2209	1057
2210	1057
2211	1057
2212	1057
2213	1058
2214	1058
2215	1058
2216	1059
2217	1060
2218	1060
2219	1060
2220	1060
2221	1061
2222	1061
2223	1061
2224	1061
2225	1061
2226	1061
2227	1061
2228	1061
2229	1061
2230	1061
2231	1061
2232	1061
2233	1061
2234	1061
2235	1062
2236	1062
2237	1062
2238	1063
2239	1063
2240	1063
2241	1063
2242	1063
2243	1063
2244	1063
2245	1063
2246	1063
2247	1063
2248	1063
2249	1063
2250	1064
2251	1064
2252	1064
2253	1064
2254	1064
2255	1064
2256	1064
2257	1064
2258	1067
2259	1067
2260	1067
2261	1068
2262	1070
2263	1070
2264	1071
2265	1071
2266	1071
2267	1071
2268	1071
2269	1071
2270	1071
2271	1071
2272	1071
2273	1071
2274	1072
2275	1072
2276	1072
2277	1072
2278	1072
2279	1072
2280	1072
2281	1072
2282	1072
2283	1072
2284	1072
2285	1073
2286	1073
2287	1073
2288	1073
2289	1073
2290	1073
2291	1073
2292	1073
2293	1074
2294	1074
2295	1074
2296	1074
2297	1074
2298	1074
2299	1075
2300	1075
2301	1075
2302	1075
2303	1076
2304	1076
2305	1076
2306	1077
2307	1077
2308	1077
2309	1077
2310	1077
2311	1077
2312	1077
2313	1077
2314	1077
2315	1077
2316	1077
2317	1077
2318	1077
2319	1077
2320	1077
2321	1077
2322	1077
2323	1078
2324	1079
2325	1079
2326	1081
2327	1081
2328	1081
2329	1082
2330	1082
2331	1082
2332	1082
2333	1082
2334	1082
2335	1082
2336	1082
2337	1084
2338	1085
2339	1085
2340	1085
2341	1085
2342	1086
2343	1086
2344	1087
2345	1087
2346	1087
2347	1087
2348	1087
2349	1087
2350	1087
2351	1087
2352	1087
2353	1087
2354	1087
2355	1087
2356	1087
2357	1087
2358	1087
2359	1087
2360	1087
2361	1087
2362	1087
2363	1088
2364	1088
2365	1088
2366	1088
2367	1089
2368	1089
2369	1089
2370	1089
2371	1090
2372	1090
2373	1090
2374	1090
2375	1090
2376	1090
2377	1090
2378	1090
2379	1090
2380	1090
2381	1091
2382	1091
2383	1091
2384	1091
2385	1092
2386	1094
2387	1094
2388	1094
2389	1094
2390	1094
2391	1094
2392	1094
2393	1094
2394	1094
2395	1094
2396	1094
2397	1094
2398	1094
2399	1094
2400	1094
2401	1094
2402	1095
2403	1095
2404	1095
2405	1095
2406	1095
2407	1095
2408	1095
2409	1095
2410	1095
2411	1096
2412	1096
2413	1097
2414	1097
2415	1097
2416	1097
2417	1097
2418	1097
2419	1097
2420	1097
2421	1097
2422	1097
2423	1097
2424	1097
2425	1097
2426	1098
2427	1098
2428	1098
2429	1098
2430	1098
2431	1099
2432	1099
2433	1099
2434	1099
2435	1099
2436	1099
2437	1099
2438	1099
2439	1099
2440	1099
2441	1099
2442	1100
2443	1100
2444	1100
2445	1101
2446	1102
2447	1102
2448	1102
2449	1102
2450	1102
2451	1102
2452	1103
2453	1104
2454	1104
2455	1104
2456	1104
2457	1105
2458	1105
2459	1105
2460	1106
2461	1107
2462	1107
2463	1107
2464	1107
2465	1107
2466	1107
2467	1107
2468	1107
2469	1108
2470	1108
2471	1108
2472	1109
2473	1109
2474	1109
2475	1109
2476	1109
2477	1109
2478	1109
2479	1109
2480	1110
2481	1111
2482	1111
2483	1111
2484	1111
2485	1111
2486	1111
2487	1111
2488	1111
2489	1111
2490	1111
2491	1111
2492	1111
2493	1111
2494	1111
2495	1111
2496	1111
2497	1113
2498	1113
2499	1113
2500	1114
2501	1114
2502	1114
2503	1114
2504	1114
2505	1114
2506	1114
2507	1114
2508	1115
2509	1116
2510	1117
2511	1117
2512	1117
2513	1117
2514	1117
2515	1117
2516	1117
2517	1117
2518	1118
2519	1118
2520	1118
2521	1119
2522	1119
2523	1119
2524	1119
2525	1119
2526	1120
2527	1122
2528	1122
2529	1122
2530	1122
2531	1122
2532	1123
2533	1123
2534	1123
2535	1123
2536	1123
2537	1123
2538	1123
2539	1124
2540	1124
2541	1126
2542	1126
2543	1126
2544	1126
2545	1128
2546	1129
2547	1129
2548	1129
2549	1129
2550	1129
2551	1130
2552	1132
2553	1132
2554	1132
2555	1133
2556	1134
2557	1134
2558	1135
2559	1135
2560	1135
2561	1135
2562	1136
2563	1137
2564	1138
2565	1138
2566	1138
2567	1138
2568	1138
2569	1138
2570	1138
2571	1138
2572	1138
2573	1138
2574	1138
2575	1138
2576	1138
2577	1138
2578	1139
2579	1139
2580	1139
2581	1139
2582	1139
2583	1141
2584	1141
2585	1141
2586	1141
2587	1141
2588	1141
2589	1142
2590	1142
2591	1142
2592	1142
2593	1142
2594	1142
2595	1143
2596	1145
2597	1145
2598	1145
2599	1146
2600	1146
2601	1146
2602	1146
2603	1146
2604	1146
2605	1146
2606	1146
2607	1146
2608	1146
2609	1146
2610	1146
2611	1147
2612	1147
2613	1148
2614	1148
2615	1148
2616	1148
2617	1148
2618	1148
2619	1149
2620	1149
2621	1149
2622	1149
2623	1150
2624	1150
2625	1151
2626	1151
2627	1151
2628	1151
2629	1151
2630	1151
2631	1152
2632	1152
2633	1152
2634	1152
2635	1152
2636	1153
2637	1153
2638	1153
2639	1153
2640	1153
2641	1153
2642	1153
2643	1153
2644	1153
2645	1153
2646	1153
2647	1153
2648	1153
2649	1153
2650	1154
2651	1154
2652	1154
2653	1154
2654	1154
2655	1155
2656	1155
2657	1155
2658	1155
2659	1155
2660	1155
2661	1155
2662	1155
2663	1155
2664	1155
2665	1155
2666	1155
2667	1155
2668	1155
2669	1155
2670	1155
2671	1155
2672	1155
2673	1155
2674	1155
2675	1155
2676	1155
2677	1155
2678	1155
2679	1155
2680	1155
2681	1155
2682	1155
2683	1155
2684	1155
2685	1155
2686	1155
2687	1155
2688	1155
2689	1155
2690	1155
2691	1155
2692	1155
2693	1155
2694	1155
2695	1155
2696	1155
2697	1155
2698	1155
2699	1155
2700	1155
2701	1155
2702	1155
2703	1155
2704	1155
2705	1155
2706	1155
2707	1155
2708	1155
2709	1156
2710	1156
2711	1156
2712	1156
2713	1157
2714	1159
2715	1159
2716	1159
2717	1159
2718	1160
2719	1160
2720	1160
2721	1160
2722	1160
2723	1160
2724	1160
2725	1160
2726	1160
2727	1160
2728	1160
2729	1160
2730	1160
2731	1160
2732	1160
2733	1160
2734	1160
2735	1160
2736	1160
2737	1160
2738	1160
2739	1160
2740	1160
2741	1160
2742	1160
2743	1160
2744	1160
2745	1160
2746	1160
2747	1160
2748	1160
2749	1161
2750	1161
2751	1161
2752	1161
2753	1161
2754	1161
2755	1161
2756	1161
2757	1162
2758	1162
2759	1162
2760	1162
2761	1163
2762	1163
2763	1163
2764	1164
2765	1165
2766	1165
2767	1165
2768	1165
2769	1165
2770	1165
2771	1165
2772	1165
2773	1165
2774	1165
2775	1165
2776	1165
2777	1165
2778	1165
2779	1165
2780	1165
2781	1165
2782	1165
2783	1165
2784	1165
2785	1165
2786	1165
2787	1165
2788	1165
2789	1165
2790	1165
2791	1165
2792	1165
2793	1165
2794	1165
2795	1165
2796	1165
2797	1165
2798	1165
2799	1165
2800	1165
2801	1165
2802	1165
2803	1165
2804	1165
2805	1166
2806	1166
2807	1166
2808	1166
2809	1166
2810	1166
2811	1166
2812	1166
2813	1166
2814	1166
2815	1166
2816	1166
2817	1166
2818	1166
2819	1166
2820	1166
2821	1166
2822	1166
2823	1166
2824	1166
2825	1166
2826	1166
2827	1166
2828	1166
2829	1166
2830	1166
2831	1166
2832	1166
2833	1166
2834	1166
2835	1167
2836	1167
2837	1167
2838	1167
2839	1167
2840	1167
2841	1167
2842	1167
2843	1167
2844	1167
2845	1167
2846	1167
2847	1167
2848	1167
2849	1167
2850	1167
2851	1167
2852	1167
2853	1167
2854	1167
2855	1167
2856	1167
2857	1167
2858	1167
2859	1167
2860	1168
2861	1168
2862	1168
2863	1168
2864	1168
2865	1168
2866	1168
2867	1168
2868	1168
2869	1168
2870	1168
2871	1168
2872	1168
2873	1168
2874	1168
2875	1168
2876	1168
2877	1168
2878	1168
2879	1168
2880	1168
2881	1168
2882	1168
2883	1168
2884	1168
2885	1168
2886	1168
2887	1168
2888	1168
2889	1168
2890	1168
2891	1168
2892	1168
2893	1168
2894	1168
2895	1168
2896	1168
2897	1168
2898	1168
2899	1168
2900	1168
2901	1168
2902	1168
2903	1168
2904	1168
2905	1168
2906	1169
2907	1169
2908	1169
2909	1169
2910	1169
2911	1169
2912	1169
2913	1169
2914	1169
2915	1169
2916	1169
2917	1169
2918	1170
2919	1170
2920	1170
2921	1170
2922	1170
2923	1170
2924	1170
2925	1170
2926	1170
2927	1170
2928	1170
2929	1170
2930	1170
2931	1170
2932	1170
2933	1170
2934	1170
2935	1170
2936	1170
2937	1170
2938	1170
2939	1170
2940	1170
2941	1170
2942	1170
2943	1170
2944	1170
2945	1170
2946	1170
2947	1170
2948	1170
2949	1170
2950	1170
2951	1170
2952	1170
2953	1170
2954	1170
2955	1170
2956	1170
2957	1171
2958	1171
2959	1171
2960	1171
2961	1171
2962	1171
2963	1171
2964	1171
2965	1171
2966	1171
2967	1171
2968	1171
2969	1171
2970	1171
2971	1171
2972	1171
2973	1171
2974	1171
2975	1171
2976	1171
2977	1171
2978	1171
2979	1171
2980	1171
2981	1171
2982	1171
2983	1171
2984	1171
2985	1171
2986	1171
2987	1171
2988	1171
2989	1171
2990	1171
2991	1171
2992	1171
2993	1171
2994	1171
2995	1171
2996	1171
2997	1171
2998	1171
2999	1171
3000	1171
3001	1171
3002	1171
3003	1171
3004	1171
3005	1171
3006	1171
3007	1171
3008	1171
3009	1171
3010	1171
3011	1171
3012	1171
3013	1171
3014	1171
3015	1171
3016	1171
3017	1171
3018	1171
3019	1171
3020	1171
3021	1171
3022	1171
3023	1171
3024	1171
3025	1171
3026	1171
3027	1171
3028	1171
3029	1171
3030	1171
3031	1172
3032	1172
3033	1172
3034	1172
3035	1172
3036	1172
3037	1172
3038	1172
3039	1172
3040	1172
3041	1172
3042	1172
3043	1172
3044	1172
3045	1172
3046	1172
3047	1172
3048	1172
3049	1172
3050	1172
3051	1172
3052	1172
3053	1172
3054	1172
3055	1172
3056	1172
3057	1172
3058	1172
3059	1172
3060	1172
3061	1172
3062	1172
3063	1172
3064	1172
3065	1172
3066	1172
3067	1172
3068	1172
3069	1172
3070	1172
3071	1172
3072	1172
3073	1172
3074	1172
3075	1172
3076	1172
3077	1172
3078	1172
3079	1172
3080	1172
3081	1172
3082	1172
3083	1172
3084	1172
3085	1172
3086	1172
3087	1172
3088	1172
3089	1172
3090	1172
3091	1172
3092	1172
3093	1172
3094	1172
3095	1172
3096	1172
3097	1172
3098	1172
3099	1172
3100	1172
3101	1173
3102	1173
3103	1173
3104	1173
3105	1174
3106	1174
3107	1174
3108	1174
3109	1174
3110	1174
3111	1174
3112	1174
3113	1174
3114	1174
3115	1174
3116	1174
3117	1174
3118	1174
3119	1174
3120	1174
3121	1174
3122	1174
3123	1174
3124	1174
3125	1174
3126	1174
3127	1174
3128	1174
3129	1174
3130	1174
3131	1174
3132	1174
3133	1174
3134	1174
3135	1174
3136	1174
3137	1174
3138	1174
3139	1174
3140	1174
3141	1174
3142	1174
3143	1174
3144	1174
3145	1174
3146	1174
3147	1174
3148	1174
3149	1174
3150	1174
3151	1174
3152	1174
3153	1174
3154	1174
3155	1174
3156	1174
3157	1174
3158	1174
3159	1174
3160	1174
3161	1174
3162	1174
3163	1174
3164	1174
3165	1174
3166	1174
3167	1174
3168	1174
3169	1174
3170	1174
3171	1174
3172	1174
3173	1174
3174	1174
3175	1174
3176	1174
3177	1174
3178	1174
3179	1174
3180	1174
3181	1174
3182	1174
3183	1174
3184	1174
3185	1174
3186	1174
3187	1174
3188	1174
3189	1174
3190	1174
3191	1174
3192	1174
3193	1174
3194	1174
3195	1174
3196	1174
3197	1174
3198	1174
3199	1174
3200	1174
3201	1174
3202	1174
3203	1174
3204	1174
3205	1174
3206	1174
3207	1174
3208	1174
3209	1174
3210	1174
3211	1174
3212	1174
3213	1174
3214	1174
3215	1174
3216	1174
3217	1174
3218	1174
3219	1174
3220	1174
3221	1174
3222	1174
3223	1174
3224	1174
3225	1174
3226	1174
3227	1174
3228	1174
3229	1174
3230	1174
3231	1174
3232	1174
3233	1174
3234	1174
3235	1174
3236	1174
3237	1174
3238	1174
3239	1174
3240	1174
3241	1174
3242	1174
3243	1174
3244	1174
3245	1174
3246	1174
3247	1174
3248	1174
3249	1174
3250	1174
3251	1174
3252	1174
3253	1174
3254	1174
3255	1174
3256	1174
3257	1174
3258	1174
3259	1174
3260	1174
3261	1174
3262	1174
3263	1174
3264	1174
3265	1174
3266	1174
3267	1174
3268	1174
3269	1174
3270	1174
3271	1174
3272	1174
3273	1174
3274	1174
3275	1174
3276	1174
3277	1174
3278	1174
3279	1174
3280	1174
3281	1174
3282	1174
3283	1174
3284	1174
3285	1175
3286	1175
3287	1175
3288	1175
3289	1175
3290	1175
3291	1175
3292	1175
3293	1175
3294	1175
3295	1175
3296	1175
3297	1175
3298	1175
3299	1175
3300	1175
3301	1175
3302	1175
3303	1175
3304	1175
3305	1175
3306	1175
3307	1175
3308	1175
3309	1175
3310	1175
3311	1175
3312	1175
3313	1175
3314	1175
3315	1175
3316	1175
3317	1175
3318	1175
3319	1175
3320	1175
3321	1175
3322	1175
3323	1175
3324	1175
3325	1175
3326	1175
3327	1175
3328	1175
3329	1175
3330	1175
3331	1175
3332	1175
3333	1176
3334	1176
3335	1176
3336	1176
3337	1176
3338	1176
3339	1176
3340	1176
3341	1176
3342	1176
3343	1176
3344	1176
3345	1176
3346	1176
3347	1176
3348	1176
3349	1176
3350	1176
3351	1176
3352	1176
3353	1176
3354	1176
3355	1176
3356	1176
3357	1176
3358	1176
3359	1176
3360	1176
3361	1176
3362	1176
3363	1176
3364	1176
3365	1176
3366	1176
3367	1176
3368	1176
3369	1176
3370	1176
3371	1176
3372	1176
3373	1176
3374	1176
3375	1176
3376	1176
3377	1176
3378	1176
3379	1176
3380	1176
3381	1176
3382	1176
3383	1176
3384	1176
3385	1176
3386	1176
3387	1176
3388	1176
3389	1176
3390	1176
3391	1176
3392	1176
3393	1176
3394	1176
3395	1176
3396	1176
3397	1176
3398	1176
3399	1176
3400	1176
3401	1176
3402	1176
3403	1176
3404	1176
3405	1176
3406	1176
3407	1176
3408	1176
3409	1176
3410	1176
3411	1176
3412	1176
3413	1176
3414	1176
3415	1176
3416	1176
3417	1176
3418	1176
3419	1176
3420	1176
3421	1176
3422	1176
3423	1176
3424	1176
3425	1176
3426	1176
3427	1176
3428	1176
3429	1176
3430	1176
3431	1176
3432	1176
3433	1176
3434	1176
3435	1176
3436	1176
3437	1176
3438	1176
3439	1176
3440	1176
3441	1176
3442	1176
3443	1176
3444	1176
3445	1176
3446	1176
3447	1176
3448	1176
3449	1176
3450	1176
3451	1176
3452	1176
3453	1176
3454	1176
3455	1176
3456	1176
3457	1176
3458	1176
3459	1176
3460	1176
3461	1176
3462	1176
3463	1176
3464	1176
3465	1176
3466	1176
3467	1176
3468	1176
3469	1176
3470	1176
3471	1176
3472	1176
3473	1176
3474	1176
3475	1176
3476	1176
3477	1176
3478	1176
3479	1176
3480	1176
3481	1176
3482	1176
3483	1176
3484	1176
3485	1176
3486	1176
3487	1176
3488	1176
3489	1176
3490	1176
3491	1176
3492	1176
3493	1176
3494	1176
3495	1176
3496	1176
3497	1176
3498	1176
3499	1176
3500	1176
3501	1176
3502	1176
3503	1176
3504	1176
3505	1176
3506	1176
3507	1176
3508	1176
3509	1176
3510	1176
3511	1176
3512	1176
3513	1176
3514	1176
3515	1176
3516	1176
3517	1176
3518	1176
3519	1176
3520	1176
3521	1176
3522	1176
3523	1176
3524	1176
3525	1176
3526	1176
3527	1176
3528	1176
3529	1176
3530	1176
3531	1176
3532	1176
3533	1176
3534	1176
3535	1176
3536	1176
3537	1176
3538	1176
3539	1176
3540	1176
3541	1176
3542	1176
3543	1176
3544	1176
3545	1176
3546	1176
3547	1176
3548	1176
3549	1176
3550	1176
3551	1176
3552	1176
3553	1176
3554	1176
3555	1176
3556	1176
3557	1176
3558	1176
3559	1176
3560	1176
3561	1176
3562	1176
3563	1176
3564	1176
3565	1176
3566	1176
3567	1177
3568	1177
3569	1177
3570	1177
3571	1177
3572	1177
3573	1177
3574	1177
3575	1177
3576	1177
3577	1177
3578	1177
3579	1177
3580	1177
3581	1177
3582	1177
3583	1177
3584	1177
3585	1177
3586	1177
3587	1177
3588	1177
3589	1177
3590	1177
3591	1177
3592	1177
3593	1177
3594	1177
3595	1177
3596	1177
3597	1177
3598	1177
3599	1177
3600	1177
3601	1177
3602	1177
3603	1177
3604	1177
3605	1177
3606	1177
3607	1177
3608	1177
3609	1177
3610	1177
3611	1177
3612	1177
3613	1177
3614	1177
3615	1177
3616	1177
3617	1177
3618	1177
3619	1177
3620	1177
3621	1177
3622	1177
3623	1177
3624	1177
3625	1177
3626	1177
3627	1177
3628	1177
3629	1177
3630	1177
3631	1177
3632	1177
3633	1177
3634	1177
3635	1177
3636	1177
3637	1177
3638	1177
3639	1177
3640	1177
3641	1177
3642	1177
3643	1177
3644	1177
3645	1177
3646	1177
3647	1177
3648	1177
3649	1177
3650	1177
3651	1177
3652	1177
3653	1177
3654	1177
3655	1177
3656	1177
3657	1177
3658	1177
3659	1177
3660	1177
3661	1177
3662	1177
3663	1177
3664	1177
3665	1177
3666	1177
3667	1177
3668	1177
3669	1177
3670	1177
3671	1177
3672	1177
3673	1177
3674	1177
3675	1177
3676	1177
3677	1177
3678	1177
3679	1177
3680	1177
3681	1177
3682	1177
3683	1177
3684	1177
3685	1177
3686	1177
3687	1177
3688	1177
3689	1177
3690	1177
3691	1177
3692	1177
3693	1177
3694	1177
3695	1177
3696	1177
3697	1177
3698	1177
3699	1177
3700	1177
3701	1177
3702	1177
3703	1177
3704	1177
3705	1177
3706	1177
3707	1177
3708	1177
3709	1177
3710	1177
3711	1177
3712	1177
3713	1177
3714	1177
3715	1177
3716	1177
3717	1177
3718	1177
3719	1177
3720	1177
3721	1177
3722	1177
3723	1177
3724	1177
3725	1177
3726	1177
3727	1177
3728	1177
3729	1177
3730	1177
3731	1177
3732	1177
3733	1177
3734	1177
3735	1177
3736	1177
3737	1177
3738	1177
3739	1177
3740	1177
3741	1177
3742	1177
3743	1177
3744	1177
3745	1177
3746	1177
3747	1177
3748	1177
3749	1177
3750	1177
3751	1177
3752	1177
3753	1177
3754	1177
3755	1177
3756	1177
3757	1177
3758	1177
3759	1177
3760	1177
3761	1177
3762	1177
3763	1177
3764	1177
3765	1177
3766	1177
3767	1177
3768	1177
3769	1177
3770	1177
3771	1177
3772	1177
3773	1177
3774	1177
3775	1177
3776	1177
3777	1177
3778	1177
3779	1177
3780	1177
3781	1177
3782	1177
3783	1177
3784	1177
3785	1177
3786	1177
3787	1178
3788	1178
3789	1178
3790	1178
3791	1178
3792	1178
3793	1178
3794	1178
3795	1178
3796	1178
3797	1178
3798	1178
3799	1178
3800	1178
3801	1178
3802	1178
3803	1178
3804	1178
3805	1178
3806	1178
3807	1178
3808	1178
3809	1178
3810	1178
3811	1178
3812	1178
3813	1178
3814	1178
3815	1178
3816	1178
3817	1178
3818	1178
3819	1178
3820	1178
3821	1178
3822	1178
3823	1178
3824	1178
3825	1178
3826	1178
3827	1178
3828	1178
3829	1178
3830	1178
3831	1178
3832	1178
3833	1178
3834	1178
3835	1178
3836	1178
3837	1178
3838	1178
3839	1178
3840	1178
3841	1178
3842	1178
3843	1178
3844	1178
3845	1178
3846	1178
3847	1178
3848	1178
3849	1178
3850	1178
3851	1178
3852	1178
3853	1178
3854	1178
3855	1178
3856	1178
3857	1178
3858	1178
3859	1178
3860	1178
3861	1178
3862	1178
3863	1178
3864	1178
3865	1178
3866	1178
3867	1178
3868	1178
3869	1178
3870	1178
3871	1178
3872	1178
3873	1178
3874	1178
3875	1178
3876	1178
3877	1178
3878	1178
3879	1178
3880	1178
3881	1178
3882	1178
3883	1178
3884	1178
3885	1178
3886	1178
3887	1178
3888	1178
3889	1178
3890	1178
3891	1178
3892	1178
3893	1178
3894	1178
3895	1178
3896	1178
3897	1178
3898	1178
3899	1178
3900	1178
3901	1178
3902	1178
3903	1178
3904	1178
3905	1178
3906	1179
3907	1179
3908	1179
3909	1179
3910	1179
3911	1179
3912	1179
3913	1179
3914	1179
3915	1179
3916	1179
3917	1179
3918	1179
3919	1179
3920	1179
3921	1179
3922	1179
3923	1179
3924	1179
3925	1179
3926	1179
3927	1179
3928	1179
3929	1179
3930	1179
3931	1179
3932	1179
3933	1179
3934	1179
3935	1179
3936	1179
3937	1179
3938	1179
3939	1179
3940	1179
3941	1179
3942	1179
3943	1179
3944	1179
3945	1179
3946	1179
3947	1179
3948	1179
3949	1179
3950	1179
3951	1179
3952	1179
3953	1179
3954	1179
3955	1179
3956	1179
3957	1179
3958	1179
3959	1179
3960	1179
3961	1179
3962	1179
3963	1179
3964	1179
3965	1179
3966	1179
3967	1179
3968	1179
3969	1179
3970	1179
3971	1179
3972	1179
3973	1179
3974	1179
3975	1179
3976	1179
3977	1179
3978	1179
3979	1179
3980	1179
3981	1179
3982	1179
3983	1179
3984	1179
3985	1179
3986	1179
3987	1179
3988	1179
3989	1179
3990	1179
3991	1179
3992	1179
3993	1179
3994	1179
3995	1179
3996	1179
3997	1179
3998	1179
3999	1179
4000	1179
4001	1179
4002	1179
4003	1179
4004	1179
4005	1179
4006	1179
4007	1179
4008	1179
4009	1179
4010	1179
4011	1179
4012	1179
4013	1179
4014	1179
4015	1179
4016	1179
4017	1179
4018	1179
4019	1179
4020	1179
4021	1179
4022	1179
4023	1179
4024	1179
4025	1179
4026	1179
4027	1179
4028	1179
4029	1179
4030	1179
4031	1179
4032	1179
4033	1179
4034	1179
4035	1179
4036	1179
4037	1179
4038	1179
4039	1179
4040	1179
4041	1179
4042	1179
4043	1179
4044	1179
4045	1179
4046	1179
4047	1179
4048	1179
4049	1179
4050	1179
4051	1179
4052	1179
4053	1179
4054	1179
4055	1179
4056	1179
4057	1179
4058	1179
4059	1179
4060	1179
4061	1179
4062	1179
4063	1179
4064	1179
4065	1179
4066	1179
4067	1179
4068	1179
4069	1179
4070	1179
4071	1179
4072	1179
4073	1179
4074	1179
4075	1179
4076	1179
4077	1179
4078	1179
4079	1179
4080	1179
4081	1179
4082	1179
4083	1179
4084	1179
4085	1179
4086	1179
4087	1179
4088	1179
4089	1179
4090	1179
4091	1179
4092	1179
4093	1179
4094	1179
4095	1179
4096	1179
4097	1179
4098	1179
4099	1179
4100	1179
4101	1179
4102	1179
4103	1179
4104	1179
4105	1179
4106	1179
4107	1179
4108	1179
4109	1179
4110	1179
4111	1179
4112	1179
4113	1179
4114	1179
4115	1179
4116	1179
4117	1179
4118	1179
4119	1179
4120	1179
4121	1179
4122	1179
4123	1179
4124	1179
4125	1179
4126	1179
4127	1179
4128	1179
4129	1179
4130	1179
4131	1179
4132	1179
4133	1179
4134	1179
4135	1179
4136	1179
4137	1179
4138	1179
4139	1179
4140	1179
4141	1179
4142	1179
4143	1179
4144	1179
4145	1179
4146	1179
4147	1179
4148	1179
4149	1179
4150	1179
4151	1179
4152	1179
4153	1179
4154	1179
4155	1179
4156	1179
4157	1179
4158	1179
4159	1179
4160	1179
4161	1179
4162	1179
4163	1179
4164	1179
4165	1179
4166	1179
4167	1179
4168	1179
4169	1179
4170	1179
4171	1179
4172	1179
4173	1179
4174	1179
4175	1179
4176	1179
4177	1179
4178	1179
4179	1179
4180	1179
4181	1179
4182	1179
4183	1179
4184	1179
4185	1179
4186	1179
4187	1179
4188	1179
4189	1179
4190	1179
4191	1179
4192	1179
4193	1179
4194	1179
4195	1179
4196	1179
4197	1179
4198	1179
4199	1179
4200	1179
4201	1179
4202	1179
4203	1179
4204	1179
4205	1179
4206	1179
4207	1179
4208	1179
4209	1179
4210	1179
4211	1179
4212	1179
4213	1179
4214	1179
4215	1179
4216	1179
4217	1179
4218	1179
4219	1179
4220	1179
4221	1179
4222	1179
4223	1179
4224	1179
4225	1179
4226	1179
4227	1179
4228	1179
4229	1179
4230	1179
4231	1179
4232	1179
4233	1179
4234	1179
4235	1179
4236	1179
4237	1179
4238	1179
4239	1179
4240	1179
4241	1179
4242	1179
4243	1179
4244	1179
4245	1179
4246	1179
4247	1179
4248	1179
4249	1179
4250	1179
4251	1179
4252	1179
4253	1179
4254	1179
4255	1179
4256	1179
4257	1179
4258	1179
4259	1179
4260	1179
4261	1179
4262	1179
4263	1179
4264	1179
4265	1179
4266	1179
4267	1179
4268	1179
4269	1179
4270	1179
4271	1179
4272	1179
4273	1179
4274	1179
4275	1179
4276	1179
4277	1179
4278	1179
4279	1179
4280	1179
4281	1179
4282	1179
4283	1179
4284	1179
4285	1179
4286	1179
4287	1179
4288	1179
4289	1179
4290	1179
4291	1179
4292	1179
4293	1179
4294	1179
4295	1179
4296	1179
4297	1179
4298	1179
4299	1179
4300	1179
4301	1179
4302	1179
4303	1179
4304	1179
4305	1179
4306	1179
4307	1179
4308	1179
4309	1179
4310	1179
4311	1179
4312	1179
4313	1179
4314	1179
4315	1179
4316	1179
4317	1179
4318	1179
4319	1179
4320	1179
4321	1179
4322	1179
4323	1179
4324	1179
4325	1179
4326	1179
4327	1179
4328	1179
4329	1179
4330	1179
4331	1179
4332	1179
4333	1179
4334	1179
4335	1179
4336	1179
4337	1179
4338	1179
4339	1179
4340	1179
4341	1179
4342	1179
4343	1179
4344	1179
4345	1179
4346	1179
4347	1179
4348	1179
4349	1179
4350	1179
4351	1179
4352	1179
4353	1179
4354	1179
4355	1179
4356	1179
4357	1179
4358	1179
4359	1179
4360	1179
4361	1179
4362	1179
4363	1179
4364	1179
4365	1179
4366	1179
4367	1179
4368	1179
4369	1179
4370	1179
4371	1179
4372	1179
4373	1179
4374	1179
4375	1179
4376	1179
4377	1179
4378	1179
4379	1179
4380	1179
4381	1179
4382	1179
4383	1179
4384	1179
4385	1179
4386	1179
4387	1179
4388	1179
4389	1179
4390	1179
4391	1179
4392	1179
4393	1179
4394	1179
4395	1179
4396	1179
4397	1179
4398	1179
4399	1179
4400	1179
4401	1179
4402	1179
4403	1179
4404	1179
4405	1179
4406	1179
4407	1179
4408	1179
4409	1179
4410	1179
4411	1179
4412	1179
4413	1179
4414	1179
4415	1179
4416	1179
4417	1179
4418	1179
4419	1179
4420	1179
4421	1179
4422	1179
4423	1179
4424	1179
4425	1179
4426	1179
4427	1179
4428	1179
4429	1179
4430	1179
4431	1179
4432	1179
4433	1179
4434	1179
4435	1179
4436	1179
4437	1179
4438	1179
4439	1179
4440	1179
4441	1179
4442	1179
4443	1179
4444	1179
4445	1179
4446	1179
4447	1179
4448	1179
4449	1179
4450	1179
4451	1179
4452	1179
4453	1179
4454	1179
4455	1179
4456	1179
4457	1179
4458	1179
4459	1179
4460	1179
4461	1179
4462	1179
4463	1179
4464	1179
4465	1179
4466	1179
4467	1179
4468	1179
4469	1179
4470	1179
4471	1179
4472	1179
4473	1179
4474	1179
4475	1179
4476	1179
4477	1179
4478	1179
4479	1179
4480	1179
4481	1179
4482	1179
4483	1179
4484	1179
4485	1179
4486	1179
4487	1179
4488	1179
4489	1179
4490	1179
4491	1179
4492	1179
4493	1179
4494	1179
4495	1179
4496	1179
4497	1179
4498	1179
4499	1179
4500	1179
4501	1179
4502	1179
4503	1179
4504	1179
4505	1179
4506	1179
4507	1179
4508	1179
4509	1179
4510	1179
4511	1179
4512	1179
4513	1179
4514	1179
4515	1179
4516	1179
4517	1179
4518	1179
4519	1179
4520	1179
4521	1179
4522	1179
4523	1179
4524	1179
4525	1179
4526	1179
4527	1179
4528	1179
4529	1179
4530	1179
4531	1179
4532	1179
4533	1179
4534	1179
4535	1179
4536	1179
4537	1179
4538	1179
4539	1179
4540	1179
4541	1179
4542	1179
4543	1179
4544	1179
4545	1179
4546	1179
4547	1179
4548	1179
4549	1179
4550	1179
4551	1179
4552	1179
4553	1179
4554	1179
4555	1179
4556	1179
4557	1179
4558	1179
4559	1179
4560	1179
4561	1179
4562	1179
4563	1179
4564	1179
4565	1179
4566	1179
4567	1179
4568	1179
4569	1179
4570	1179
4571	1179
4572	1179
4573	1179
4574	1179
4575	1179
4576	1179
4577	1179
4578	1179
4579	1179
4580	1179
4581	1179
4582	1179
4583	1179
4584	1179
4585	1179
4586	1179
4587	1179
4588	1179
4589	1179
4590	1179
4591	1179
4592	1179
4593	1179
4594	1179
4595	1179
4596	1179
4597	1179
4598	1179
4599	1179
4600	1179
4601	1179
4602	1179
4603	1179
4604	1179
4605	1179
4606	1179
4607	1179
4608	1179
4609	1179
4610	1179
4611	1179
4612	1179
4613	1179
4614	1179
4615	1179
4616	1179
4617	1179
4618	1179
4619	1179
4620	1179
4621	1179
4622	1179
4623	1179
4624	1179
4625	1179
4626	1179
4627	1179
4628	1179
4629	1179
4630	1179
4631	1179
4632	1179
4633	1179
4634	1179
4635	1179
4636	1179
4637	1179
4638	1179
4639	1179
4640	1179
4641	1179
4642	1179
4643	1179
4644	1179
4645	1179
4646	1179
4647	1179
4648	1180
4649	1180
4650	1180
4651	1180
4652	1180
4653	1180
4654	1180
4655	1180
4656	1180
4657	1180
4658	1180
4659	1180
4660	1180
4661	1180
4662	1180
4663	1180
4664	1180
4665	1180
4666	1180
4667	1180
4668	1180
4669	1180
4670	1180
4671	1180
4672	1180
4673	1180
4674	1180
4675	1180
4676	1180
4677	1180
4678	1180
4679	1180
4680	1180
4681	1180
4682	1180
4683	1180
4684	1180
4685	1180
4686	1180
4687	1180
4688	1180
4689	1180
4690	1180
4691	1180
4692	1180
4693	1180
4694	1180
4695	1180
4696	1180
4697	1180
4698	1180
4699	1180
4700	1180
4701	1180
4702	1180
4703	1180
4704	1180
4705	1180
4706	1180
4707	1180
4708	1180
4709	1180
4710	1180
4711	1180
4712	1180
4713	1180
4714	1180
4715	1180
4716	1180
4717	1180
4718	1180
4719	1180
4720	1180
4721	1180
4722	1180
4723	1180
4724	1180
4725	1180
4726	1180
4727	1180
4728	1180
4729	1180
4730	1180
4731	1180
4732	1180
4733	1180
4734	1180
4735	1180
4736	1180
4737	1180
4738	1180
4739	1180
4740	1180
4741	1180
4742	1180
4743	1180
4744	1180
4745	1180
4746	1180
4747	1180
4748	1180
4749	1180
4750	1180
4751	1180
4752	1180
4753	1180
4754	1180
4755	1180
4756	1180
4757	1180
4758	1180
4759	1180
4760	1180
4761	1180
4762	1180
4763	1180
4764	1180
4765	1180
4766	1180
4767	1180
4768	1180
4769	1180
4770	1180
4771	1180
4772	1180
4773	1180
4774	1180
4775	1180
4776	1180
4777	1180
4778	1180
4779	1180
4780	1180
4781	1180
4782	1180
4783	1180
4784	1180
4785	1180
4786	1180
4787	1180
4788	1180
4789	1180
4790	1180
4791	1180
4792	1180
4793	1180
4794	1180
4795	1180
4796	1180
4797	1180
4798	1180
4799	1180
4800	1180
4801	1180
4802	1180
4803	1180
4804	1180
4805	1180
4806	1180
4807	1180
4808	1180
4809	1180
4810	1180
4811	1180
4812	1180
4813	1180
4814	1180
4815	1180
4816	1180
4817	1180
4818	1180
4819	1180
4820	1180
4821	1180
4822	1180
4823	1180
4824	1180
4825	1180
4826	1180
4827	1180
4828	1180
4829	1180
4830	1180
4831	1180
4832	1180
4833	1180
4834	1180
4835	1180
4836	1180
4837	1180
4838	1180
4839	1180
4840	1180
4841	1180
4842	1180
4843	1180
4844	1180
4845	1180
4846	1180
4847	1180
4848	1180
4849	1180
4850	1180
4851	1180
4852	1180
4853	1180
4854	1180
4855	1180
4856	1180
4857	1180
4858	1180
4859	1180
4860	1180
4861	1180
4862	1180
4863	1180
4864	1180
4865	1180
4866	1180
4867	1180
4868	1180
4869	1180
4870	1180
4871	1180
4872	1180
4873	1180
4874	1180
4875	1180
4876	1180
4877	1180
4878	1180
4879	1180
4880	1180
4881	1180
4882	1180
4883	1180
4884	1180
4885	1180
4886	1180
4887	1180
4888	1180
4889	1180
4890	1180
4891	1180
4892	1180
4893	1180
4894	1180
4895	1180
4896	1180
4897	1180
4898	1180
4899	1180
4900	1180
4901	1180
4902	1180
4903	1180
4904	1180
4905	1180
4906	1180
4907	1180
4908	1180
4909	1180
4910	1180
4911	1180
4912	1180
4913	1180
4914	1180
4915	1180
4916	1180
4917	1180
4918	1180
4919	1180
4920	1180
4921	1180
4922	1180
4923	1180
4924	1180
4925	1180
4926	1180
4927	1180
4928	1180
4929	1180
4930	1180
4931	1180
4932	1180
4933	1180
4934	1180
4935	1180
4936	1180
4937	1180
4938	1180
4939	1180
4940	1180
4941	1180
4942	1180
4943	1180
4944	1180
4945	1180
4946	1180
4947	1180
4948	1180
4949	1180
4950	1180
4951	1180
4952	1180
4953	1180
4954	1180
4955	1180
4956	1180
4957	1180
4958	1180
4959	1180
4960	1180
4961	1180
4962	1180
4963	1180
4964	1180
4965	1180
4966	1180
4967	1180
4968	1180
4969	1180
4970	1180
4971	1180
4972	1180
4973	1180
4974	1180
4975	1180
4976	1180
4977	1180
4978	1180
4979	1180
4980	1180
4981	1180
4982	1180
4983	1180
4984	1180
4985	1180
4986	1180
4987	1180
4988	1180
4989	1180
4990	1180
4991	1180
4992	1180
4993	1180
4994	1180
4995	1180
4996	1180
4997	1180
4998	1180
4999	1180

