-1.0	1.615308220657533
0.0	1.5717689288110848
0.33333333333333337	1.5498463916502598
0.5	1.483968986775668
0.6	1.4255200550350728
0.6666666666666667	1.383653927071158
0.7142857142857143	1.3430001911365563
0.75	1.3125069391903037
0.7777777777777778	1.2820854789549108
0.8	1.2676887409113455
-1.0	1.6153082206575329
0.0	1.571768928811085
0.33333333333333337	1.5498463916502598
0.5	1.483968986775668
0.6	1.4255200550350728
0.6666666666666667	1.383653927071158
0.7142857142857143	1.3430001911365559
0.75	1.3125069391903035
0.7777777777777778	1.28208547895491
0.8	1.2676887409113453
-1.0	1.6153082206575327
0.0	1.5717689288110852
0.33333333333333337	1.5498463916502598
0.5	1.483968986775668
0.6	1.4255200550350728
0.6666666666666667	1.3836539270711583
0.7142857142857143	1.3430001911365559
0.75	1.3125069391903035
0.7777777777777778	1.2820854789549094
0.8	1.267688740911345
