-1.0	1.6469550584673835
0.0	1.6181971377234827
0.33333333333333337	1.5460878289802418
0.5	1.4747003760132682
0.6	1.4152857368339578
0.6666666666666667	1.3601062325704023
0.7142857142857143	1.3285557309410354
0.75	1.2995443208920154
0.7777777777777778	1.2757522464757063
0.8	1.2618882251495571
-1.0	1.646955058467384
0.0	1.618197137723482
0.33333333333333337	1.5460878289802413
0.5	1.474700376013268
0.6	1.4152857368339578
0.6666666666666667	1.3601062325704023
0.7142857142857143	1.3285557309410356
0.75	1.2995443208920154
0.7777777777777778	1.2757522464757063
0.8	1.2618882251495571
-1.0	1.6469550584673842
0.0	1.6181971377234814
0.33333333333333337	1.546087828980241
0.5	1.474700376013268
0.6	1.415285736833958
0.6666666666666667	1.3601062325704019
0.7142857142857143	1.3285557309410356
0.75	1.2995443208920157
0.7777777777777778	1.2757522464757063
0.8	1.2618882251495571
