0	0
1	0
2	0
3	0
4	0
5	0
6	0
7	0
8	0
9	0
10	0
11	0
12	0
13	0
14	0
15	0
16	0
17	0
18	0
19	0
20	0
21	0
22	0
23	0
24	0
25	0
26	0
27	0
28	0
29	0
30	0
31	0
32	0
33	0
34	0
35	0
36	0
37	0
38	0
39	0
40	0
41	0
42	0
43	0
44	0
45	0
46	0
47	0
48	0
49	0
50	0
51	0
52	0
53	0
54	0
55	0
56	0
57	0
58	0
59	0
60	0
61	0
62	0
63	0
64	0
65	0
66	0
67	0
68	0
69	0
70	0
71	0
72	0
73	0
74	0
75	0
76	0
77	0
78	0
79	0
80	0
81	0
82	0
83	0
84	0
85	0
86	0
87	0
88	0
89	0
90	0
91	0
92	0
93	0
94	0
95	0
96	0
97	0
98	0
99	0
100	0
101	0
102	0
103	0
104	0
105	0
106	0
107	0
108	0
109	0
110	0
111	0
112	0
113	0
114	0
115	0
116	0
117	0
118	0
119	0
120	0
121	0
122	0
123	0
124	0
125	0
126	0
127	0
128	0
129	0
130	0
131	0
132	0
133	0
134	0
135	0
136	0
137	0
138	0
139	0
140	0
141	0
142	0
143	0
144	0
145	0
146	0
147	0
148	0
149	0
150	0
151	0
152	0
153	0
154	0
155	0
156	1
157	1
158	1
159	2
160	2
161	2
162	2
163	2
164	2
165	2
166	2
167	2
168	2
169	2
170	3
171	3
172	3
173	4
174	4
175	4
176	5
177	5
178	5
179	5
180	5
181	5
182	5
183	5
184	6
185	6
186	6
187	6
188	7
189	7
190	7
191	7
192	8
193	8
194	8
195	8
196	8
197	10
198	10
199	10
200	10
201	10
202	12
203	12
204	12
205	14
206	14
207	15
208	15
209	15
210	15
211	15
212	16
213	16
214	16
215	16
216	16
217	17
218	19
219	19
220	20
221	21
222	21
223	22
224	22
225	22
226	22
227	23
228	23
229	24
230	26
231	27
232	28
233	28
234	29
235	30
236	33
237	33
238	34
239	36
240	38
241	38
242	39
243	41
244	41
245	41
246	42
247	42
248	42
249	43
250	44
251	44
252	44
253	44
254	45
255	46
256	46
257	47
258	47
259	48
260	50
261	53
262	54
263	56
264	56
265	57
266	57
267	57
268	59
269	60
270	61
271	62
272	62
273	63
274	65
275	65
276	65
277	66
278	66
279	67
280	68
281	68
282	69
283	70
284	72
285	72
286	72
287	72
288	72
289	72
290	74
291	74
292	74
293	74
294	76
295	77
296	78
297	80
298	82
299	82
300	83
301	84
302	85
303	88
304	89
305	89
306	90
307	93
308	94
309	95
310	97
311	99
312	100
313	102
314	104
315	106
316	106
317	107
318	108
319	111
320	116
321	117
322	120
323	122
324	122
325	125
326	127
327	127
328	129
329	130
330	130
331	132
332	134
333	135
334	135
335	137
336	137
337	139
338	140
339	143
340	144
341	146
342	147
343	148
344	152
345	155
346	156
347	156
348	156
349	158
350	160
351	164
352	166
353	168
354	168
355	170
356	171
357	174
358	174
359	175
360	177
361	179
362	180
363	183
364	185
365	185
366	186
367	187
368	188
369	188
370	191
371	195
372	195
373	200
374	201
375	202
376	203
377	204
378	206
379	207
380	208
381	210
382	210
383	217
384	219
385	219
386	219
387	219
388	221
389	221
390	225
391	226
392	226
393	228
394	232
395	235
396	237
397	240
398	244
399	245
400	248
401	251
402	252
403	254
404	255
405	258
406	262
407	262
408	265
409	266
410	269
411	270
412	273
413	276
414	280
415	280
416	284
417	284
418	285
419	287
420	291
421	293
422	294
423	295
424	295
425	298
426	298
427	299
428	300
429	302
430	304
431	306
432	308
433	311
434	314
435	315
436	317
437	320
438	323
439	323
440	325
441	325
442	325
443	329
444	331
445	333
446	334
447	334
448	336
449	336
450	340
451	342
452	344
453	348
454	349
455	350
456	352
457	354
458	357
459	357
460	359
461	361
462	363
463	367
464	370
465	370
466	371
467	371
468	371
469	372
470	373
471	376
472	380
473	385
474	386
475	386
476	386
477	388
478	389
479	392
480	394
481	399
482	402
483	403
484	403
485	404
486	405
487	407
488	408
489	409
490	410
491	415
492	416
493	419
494	421
495	427
496	429
497	431
498	432
499	433
500	436
501	438
502	438
503	440
504	444
505	445
506	446
507	449
508	452
509	454
510	457
511	460
512	463
513	468
514	469
515	470
516	472
517	474
518	474
519	474
520	474
521	478
522	479
523	484
524	488
525	490
526	493
527	496
528	496
529	497
530	498
531	500
532	504
533	510
534	512
535	514
536	516
537	517
538	518
539	518
540	520
541	526
542	533
543	534
544	535
545	537
546	541
547	541
548	545
549	546
550	551
551	552
552	553
553	555
554	557
555	564
556	567
557	568
558	574
559	576
560	579
561	580
562	584
563	584
564	584
565	586
566	588
567	591
568	595
569	596
570	599
571	600
572	601
573	601
574	602
575	603
576	605
577	607
578	608
579	612
580	613
581	614
582	614
583	619
584	622
585	622
586	622
587	624
588	632
589	632
590	634
591	636
592	641
593	643
594	643
595	643
596	644
597	650
598	656
599	657
600	659
601	665
602	672
603	674
604	675
605	677
606	677
607	678
608	682
609	685
610	686
611	690
612	692
613	696
614	696
615	699
616	701
617	702
618	706
619	708
620	710
621	714
622	717
623	718
624	719
625	724
626	728
627	732
628	732
629	734
630	734
631	734
632	737
633	738
634	742
635	746
636	750
637	753
638	753
639	756
640	759
641	762
642	763
643	764
644	764
645	766
646	766
647	768
648	771
649	775
650	776
651	778
652	778
653	781
654	781
655	785
656	787
657	790
658	791
659	792
660	793
661	794
662	795
663	796
664	799
665	803
666	804
667	806
668	806
669	810
670	810
671	812
672	815
673	818
674	823
675	823
676	825
677	826
678	829
679	833
680	835
681	838
682	838
683	839
684	842
685	845
686	845
687	845
688	848
689	850
690	851
691	852
692	853
693	857
694	860
695	861
696	864
697	865
698	866
699	866
700	870
701	870
702	873
703	876
704	876
705	877
706	879
707	880
708	881
709	881
710	882
711	884
712	885
713	886
714	886
715	886
716	887
717	887
718	888
719	891
720	891
721	891
722	892
723	894
724	894
725	895
726	898
727	900
728	901
729	903
730	905
731	907
732	908
733	909
734	909
735	911
736	914
737	916
738	916
739	917
740	918
741	921
742	923
743	926
744	926
745	930
746	931
747	931
748	932
749	934
750	937
751	937
752	938
753	938
754	941
755	943
756	944
757	945
758	945
759	945
760	947
761	949
762	949
763	949
764	950
765	953
766	956
767	958
768	958
769	959
770	962
771	964
772	966
773	967
774	969
775	970
776	971
777	974
778	975
779	976
780	976
781	977
782	978
783	979
784	980
785	982
786	984
787	985
788	986
789	987
790	987
791	987
792	987
793	987
794	987
795	989
796	989
797	990
798	990
799	990
800	990
801	990
802	990
803	992
804	992
805	993
806	994
807	995
808	996
809	996
810	998
811	998
812	1000
813	1000
814	1002
815	1002
816	1002
817	1004
818	1006
819	1007
820	1007
821	1007
822	1009
823	1009
824	1010
825	1010
826	1012
827	1013
828	1015
829	1015
830	1016
831	1016
832	1016
833	1016
834	1017
835	1017
836	1018
837	1018
838	1019
839	1020
840	1021
841	1021
842	1021
843	1021
844	1021
845	1022
846	1024
847	1025
848	1026
849	1026
850	1027
851	1029
852	1029
853	1029
854	1030
855	1032
856	1032
857	1032
858	1032
859	1033
860	1034
861	1035
862	1035
863	1036
864	1036
865	1036
866	1036
867	1037
868	1037
869	1037
870	1038
871	1038
872	1039
873	1039
874	1039
875	1039
876	1039
877	1040
878	1043
879	1044
880	1045
881	1046
882	1046
883	1046
884	1047
885	1047
886	1047
887	1048
888	1048
889	1048
890	1048
891	1048
892	1048
893	1048
894	1048
895	1048
896	1048
897	1048
898	1049
899	1049
900	1050
901	1050
902	1052
903	1052
904	1053
905	1054
906	1054
907	1056
908	1057
909	1058
910	1058
911	1058
912	1058
913	1059
914	1059
915	1059
916	1059
917	1060
918	1060
919	1060
920	1060
921	1060
922	1061
923	1061
924	1061
925	1061
926	1061
927	1062
928	1062
929	1062
930	1063
931	1063
932	1063
933	1063
934	1063
935	1063
936	1065
937	1065
938	1065
939	1065
940	1065
941	1066
942	1068
943	1068
944	1068
945	1068
946	1068
947	1068
948	1068
949	1068
950	1068
951	1068
952	1068
953	1069
954	1069
955	1069
956	1069
957	1069
958	1069
959	1069
960	1069
961	1069
962	1071
963	1071
964	1071
965	1071
966	1072
967	1072
968	1072
969	1072
970	1072
971	1072
972	1072
973	1072
974	1072
975	1072
976	1072
977	1073
978	1073
979	1073
980	1073
981	1073
982	1073
983	1073
984	1073
985	1073
986	1073
987	1074
988	1074
989	1074
990	1074
991	1074
992	1074
993	1074
994	1074
995	1074
996	1075
997	1076
998	1076
999	1076
1000	1076
1001	1076
1002	1076
1003	1076
1004	1076
1005	1076
1006	1076
1007	1076
1008	1076
1009	1076
1010	1076
1011	1076
1012	1076
1013	1076
1014	1076
1015	1076
1016	1076
1017	1077
1018	1077
1019	1077
1020	1077
1021	1080
1022	1080
1023	1080
1024	1080
1025	1081
1026	1081
1027	1081
1028	1081
1029	1081
1030	1081
1031	1081
1032	1081
1033	1082
1034	1082
1035	1082
1036	1082
1037	1082
1038	1082
1039	1084
1040	1086
1041	1087
1042	1087
1043	1087
1044	1087
1045	1088
1046	1088
1047	1089
1048	1089
1049	1089
1050	1089
1051	1089
1052	1089
1053	1089
1054	1089
1055	1089
1056	1089
1057	1089
1058	1089
1059	1089
1060	1090
1061	1090
1062	1092
1063	1092
1064	1092
1065	1092
1066	1092
1067	1093
1068	1094
1069	1094
1070	1094
1071	1094
1072	1094
1073	1095
1074	1095
1075	1095
1076	1095
1077	1095
1078	1095
1079	1095
1080	1096
1081	1097
1082	1097
1083	1097
1084	1098
1085	1098
1086	1098
1087	1099
1088	1099
1089	1099
1090	1099
1091	1100
1092	1100
1093	1100
1094	1101
1095	1101
1096	1101
1097	1101
1098	1101
1099	1101
1100	1102
1101	1102
1102	1102
1103	1103
1104	1104
1105	1104
1106	1105
1107	1105
1108	1105
1109	1105
1110	1105
1111	1105
1112	1105
1113	1105
1114	1105
1115	1107
1116	1107
1117	1107
1118	1107
1119	1108
1120	1108
1121	1109
1122	1109
1123	1109
1124	1109
1125	1109
1126	1109
1127	1109
1128	1109
1129	1109
1130	1109
1131	1109
1132	1109
1133	1109
1134	1109
1135	1109
1136	1109
1137	1109
1138	1110
1139	1110
1140	1110
1141	1110
1142	1110
1143	1110
1144	1110
1145	1110
1146	1110
1147	1110
1148	1110
1149	1110
1150	1110
1151	1111
1152	1111
1153	1111
1154	1111
1155	1111
1156	1111
1157	1111
1158	1111
1159	1111
1160	1111
1161	1112
1162	1112
1163	1112
1164	1112
1165	1112
1166	1112
1167	1112
1168	1112
1169	1112
1170	1112
1171	1113
1172	1113
1173	1114
1174	1114
1175	1114
1176	1114
1177	1114
1178	1114
1179	1114
1180	1114
1181	1114
1182	1114
1183	1114
1184	1114
1185	1114
1186	1114
1187	1114
1188	1114
1189	1114
1190	1114
1191	1115
1192	1115
1193	1116
1194	1116
1195	1116
1196	1116
1197	1116
1198	1116
1199	1116
1200	1116
1201	1117
1202	1117
1203	1117
1204	1117
1205	1118
1206	1118
1207	1118
1208	1118
1209	1118
1210	1119
1211	1119
1212	1119
1213	1120
1214	1120
1215	1120
1216	1120
1217	1120
1218	1120
1219	1120
1220	1120
1221	1120
1222	1120
1223	1120
1224	1121
1225	1121
1226	1121
1227	1121
1228	1121
1229	1121
1230	1121
1231	1121
1232	1121
1233	1121
1234	1121
1235	1121
1236	1121
1237	1121
1238	1121
1239	1121
1240	1121
1241	1121
1242	1121
1243	1121
1244	1121
1245	1121
1246	1121
1247	1121
1248	1121
1249	1121
1250	1121
1251	1121
1252	1121
1253	1121
1254	1121
1255	1121
1256	1121
1257	1121
1258	1121
1259	1121
1260	1121
1261	1122
1262	1123
1263	1123
1264	1123
1265	1123
1266	1123
1267	1123
1268	1123
1269	1124
1270	1124
1271	1124
1272	1124
1273	1124
1274	1124
1275	1124
1276	1124
1277	1124
1278	1125
1279	1125
1280	1125
1281	1125
1282	1125
1283	1126
1284	1126
1285	1126
1286	1126
1287	1126
1288	1126
1289	1126
1290	1127
1291	1127
1292	1127
1293	1127
1294	1127
1295	1127
1296	1127
1297	1127
1298	1128
1299	1128
1300	1128
1301	1128
1302	1128
1303	1128
1304	1128
1305	1128
1306	1128
1307	1128
1308	1128
1309	1128
1310	1128
1311	1128
1312	1128
1313	1128
1314	1129
1315	1129
1316	1129
1317	1129
1318	1129
1319	1129
1320	1129
1321	1129
1322	1129
1323	1129
1324	1129
1325	1129
1326	1130
1327	1130
1328	1130
1329	1130
1330	1130
1331	1130
1332	1131
1333	1131
1334	1131
1335	1132
1336	1132
1337	1132
1338	1132
1339	1134
1340	1134
1341	1134
1342	1134
1343	1134
1344	1134
1345	1134
1346	1134
1347	1134
1348	1134
1349	1134
1350	1134
1351	1134
1352	1135
1353	1136
1354	1136
1355	1136
1356	1136
1357	1136
1358	1136
1359	1136
1360	1136
1361	1136
1362	1137
1363	1137
1364	1138
1365	1138
1366	1139
1367	1139
1368	1139
1369	1139
1370	1139
1371	1139
1372	1139
1373	1139
1374	1139
1375	1139
1376	1139
1377	1139
1378	1139
1379	1139
1380	1139
1381	1139
1382	1140
1383	1140
1384	1140
1385	1141
1386	1142
1387	1142
1388	1142
1389	1142
1390	1142
1391	1142
1392	1142
1393	1142
1394	1142
1395	1142
1396	1142
1397	1142
1398	1142
1399	1142
1400	1142
1401	1142
1402	1142
1403	1142
1404	1142
1405	1142
1406	1142
1407	1142
1408	1142
1409	1142
1410	1143
1411	1143
1412	1143
1413	1143
1414	1143
1415	1143
1416	1143
1417	1143
1418	1143
1419	1143
1420	1143
1421	1143
1422	1143
1423	1143
1424	1143
1425	1143
1426	1143
1427	1143
1428	1144
1429	1144
1430	1144
1431	1144
1432	1144
1433	1144
1434	1144
1435	1145
1436	1145
1437	1145
1438	1145
1439	1145
1440	1145
1441	1145
1442	1145
1443	1145
1444	1145
1445	1145
1446	1145
1447	1145
1448	1145
1449	1145
1450	1146
1451	1146
1452	1146
1453	1146
1454	1146
1455	1146
1456	1146
1457	1146
1458	1146
1459	1146
1460	1146
1461	1146
1462	1147
1463	1147
1464	1147
1465	1147
1466	1147
1467	1148
1468	1148
1469	1149
1470	1149
1471	1149
1472	1149
1473	1149
1474	1149
1475	1149
1476	1149
1477	1149
1478	1149
1479	1149
1480	1149
1481	1149
1482	1149
1483	1149
1484	1149
1485	1149
1486	1149
1487	1149
1488	1149
1489	1149
1490	1149
1491	1149
1492	1149
1493	1149
1494	1149
1495	1149
1496	1150
1497	1150
1498	1151
1499	1151
1500	1151
1501	1152
1502	1152
1503	1152
1504	1152
1505	1152
1506	1152
1507	1152
1508	1152
1509	1152
1510	1153
1511	1153
1512	1153
1513	1153
1514	1153
1515	1153
1516	1153
1517	1153
1518	1153
1519	1153
1520	1153
1521	1153
1522	1153
1523	1153
1524	1153
1525	1153
1526	1153
1527	1153
1528	1153
1529	1153
1530	1153
1531	1153
1532	1153
1533	1153
1534	1153
1535	1153
1536	1153
1537	1153
1538	1153
1539	1154
1540	1154
1541	1154
1542	1154
1543	1154
1544	1155
1545	1155
1546	1155
1547	1155
1548	1155
1549	1155
1550	1155
1551	1155
1552	1156
1553	1156
1554	1156
1555	1156
1556	1156
1557	1156
1558	1156
1559	1156
1560	1156
1561	1156
1562	1156
1563	1156
1564	1156
1565	1156
1566	1156
1567	1156
1568	1156
1569	1156
1570	1156
1571	1156
1572	1156
1573	1156
1574	1156
1575	1156
1576	1156
1577	1156
1578	1156
1579	1156
1580	1156
1581	1156
1582	1156
1583	1156
1584	1156
1585	1156
1586	1156
1587	1156
1588	1156
1589	1156
1590	1156
1591	1156
1592	1156
1593	1156
1594	1156
1595	1156
1596	1156
1597	1156
1598	1156
1599	1156
1600	1156
1601	1156
1602	1156
1603	1156
1604	1156
1605	1156
1606	1157
1607	1157
1608	1157
1609	1157
1610	1157
1611	1157
1612	1157
1613	1157
1614	1157
1615	1157
1616	1157
1617	1158
1618	1158
1619	1158
1620	1158
1621	1158
1622	1158
1623	1158
1624	1158
1625	1158
1626	1158
1627	1158
1628	1158
1629	1158
1630	1158
1631	1158
1632	1158
1633	1158
1634	1158
1635	1158
1636	1158
1637	1158
1638	1158
1639	1158
1640	1158
1641	1158
1642	1158
1643	1158
1644	1158
1645	1158
1646	1158
1647	1158
1648	1159
1649	1159
1650	1159
1651	1159
1652	1159
1653	1159
1654	1159
1655	1159
1656	1159
1657	1159
1658	1159
1659	1159
1660	1159
1661	1159
1662	1159
1663	1159
1664	1159
1665	1159
1666	1159
1667	1159
1668	1159
1669	1159
1670	1159
1671	1159
1672	1159
1673	1159
1674	1159
1675	1159
1676	1159
1677	1159
1678	1159
1679	1159
1680	1159
1681	1159
1682	1159
1683	1159
1684	1159
1685	1159
1686	1159
1687	1159
1688	1159
1689	1159
1690	1159
1691	1159
1692	1159
1693	1159
1694	1159
1695	1159
1696	1159
1697	1159
1698	1159
1699	1159
1700	1159
1701	1159
1702	1159
1703	1159
1704	1159
1705	1159
1706	1159
1707	1159
1708	1159
1709	1159
1710	1159
1711	1159
1712	1159
1713	1159
1714	1159
1715	1159
1716	1159
1717	1159
1718	1159
1719	1159
1720	1159
1721	1159
1722	1159
1723	1159
1724	1159
1725	1159
1726	1159
1727	1159
1728	1159
1729	1159
1730	1159
1731	1159
1732	1159
1733	1159
1734	1159
1735	1159
1736	1159
1737	1159
1738	1159
1739	1159
1740	1159
1741	1159
1742	1159
1743	1159
1744	1159
1745	1159
1746	1159
1747	1159
1748	1159
1749	1159
1750	1159
1751	1159
1752	1159
1753	1160
1754	1160
1755	1160
1756	1160
1757	1160
1758	1160
1759	1160
1760	1160
1761	1160
1762	1160
1763	1160
1764	1160
1765	1160
1766	1160
1767	1160
1768	1160
1769	1161
1770	1161
1771	1161
1772	1161
1773	1161
1774	1161
1775	1161
1776	1161
1777	1161
1778	1161
1779	1161
1780	1161
1781	1161
1782	1161
1783	1161
1784	1161
1785	1161
1786	1161
1787	1161
1788	1161
1789	1161
1790	1161
1791	1161
1792	1161
1793	1161
1794	1161
1795	1161
1796	1161
1797	1161
1798	1161
1799	1161
1800	1161
1801	1163
1802	1163
1803	1163
1804	1163
1805	1163
1806	1163
1807	1164
1808	1165
1809	1165
1810	1165
1811	1165
1812	1165
1813	1165
1814	1165
1815	1165
1816	1165
1817	1165
1818	1165
1819	1165
1820	1165
1821	1165
1822	1165
1823	1165
1824	1166
1825	1166
1826	1166
1827	1166
1828	1166
1829	1166
1830	1166
1831	1166
1832	1166
1833	1166
1834	1166
1835	1166
1836	1166
1837	1166
1838	1166
1839	1166
1840	1166
1841	1166
1842	1166
1843	1166
1844	1166
1845	1166
1846	1166
1847	1166
1848	1166
1849	1166
1850	1166
1851	1166
1852	1166
1853	1167
1854	1167
1855	1168
1856	1168
1857	1168
1858	1168
1859	1168
1860	1168
1861	1168
1862	1168
1863	1168
1864	1168
1865	1168
1866	1168
1867	1168
1868	1168
1869	1168
1870	1168
1871	1168
1872	1168
1873	1168
1874	1168
1875	1168
1876	1169
1877	1169
1878	1169
1879	1169
1880	1169
1881	1169
1882	1169
1883	1169
1884	1169
1885	1169
1886	1169
1887	1169
1888	1169
1889	1169
1890	1169
1891	1169
1892	1169
1893	1169
1894	1169
1895	1169
1896	1169
1897	1169
1898	1169
1899	1169
1900	1169
1901	1169
1902	1169
1903	1169
1904	1170
1905	1170
1906	1170
1907	1170
1908	1170
1909	1170
1910	1170
1911	1170
1912	1170
1913	1170
1914	1170
1915	1170
1916	1170
1917	1170
1918	1170
1919	1170
1920	1170
1921	1170
1922	1170
1923	1170
1924	1170
1925	1170
1926	1170
1927	1170
1928	1170
1929	1170
1930	1170
1931	1170
1932	1170
1933	1170
1934	1170
1935	1170
1936	1170
1937	1170
1938	1170
1939	1171
1940	1171
1941	1171
1942	1171
1943	1171
1944	1171
1945	1171
1946	1171
1947	1171
1948	1171
1949	1171
1950	1171
1951	1171
1952	1171
1953	1171
1954	1171
1955	1171
1956	1171
1957	1171
1958	1171
1959	1171
1960	1171
1961	1171
1962	1171
1963	1171
1964	1171
1965	1171
1966	1171
1967	1171
1968	1171
1969	1171
1970	1171
1971	1171
1972	1171
1973	1171
1974	1171
1975	1171
1976	1171
1977	1171
1978	1171
1979	1171
1980	1171
1981	1171
1982	1171
1983	1171
1984	1171
1985	1171
1986	1171
1987	1171
1988	1171
1989	1171
1990	1171
1991	1171
1992	1171
1993	1171
1994	1171
1995	1171
1996	1171
1997	1171
1998	1171
1999	1171
2000	1171
2001	1171
2002	1171
2003	1171
2004	1171
2005	1171
2006	1171
2007	1171
2008	1171
2009	1171
2010	1171
2011	1171
2012	1171
2013	1171
2014	1171
2015	1171
2016	1171
2017	1171
2018	1171
2019	1171
2020	1171
2021	1171
2022	1171
2023	1171
2024	1171
2025	1171
2026	1171
2027	1171
2028	1171
2029	1171
2030	1171
2031	1171
2032	1171
2033	1171
2034	1171
2035	1171
2036	1171
2037	1171
2038	1171
2039	1171
2040	1171
2041	1171
2042	1171
2043	1171
2044	1171
2045	1171
2046	1171
2047	1171
2048	1171
2049	1171
2050	1171
2051	1171
2052	1171
2053	1171
2054	1171
2055	1171
2056	1171
2057	1171
2058	1171
2059	1171
2060	1171
2061	1171
2062	1171
2063	1171
2064	1171
2065	1171
2066	1171
2067	1171
2068	1171
2069	1171
2070	1171
2071	1171
2072	1171
2073	1171
2074	1171
2075	1171
2076	1171
2077	1171
2078	1171
2079	1171
2080	1171
2081	1171
2082	1171
2083	1171
2084	1171
2085	1171
2086	1171
2087	1171
2088	1171
2089	1171
2090	1171
2091	1171
2092	1171
2093	1171
2094	1171
2095	1171
2096	1171
2097	1171
2098	1171
2099	1171
2100	1171
2101	1171
2102	1171
2103	1171
2104	1171
2105	1171
2106	1171
2107	1171
2108	1171
2109	1171
2110	1171
2111	1171
2112	1171
2113	1171
2114	1171
2115	1171
2116	1171
2117	1171
2118	1171
2119	1171
2120	1171
2121	1171
2122	1171
2123	1171
2124	1171
2125	1171
2126	1171
2127	1171
2128	1171
2129	1171
2130	1171
2131	1171
2132	1171
2133	1171
2134	1171
2135	1172
2136	1172
2137	1172
2138	1172
2139	1173
2140	1173
2141	1173
2142	1173
2143	1173
2144	1173
2145	1173
2146	1173
2147	1173
2148	1173
2149	1173
2150	1173
2151	1173
2152	1173
2153	1173
2154	1173
2155	1173
2156	1173
2157	1173
2158	1173
2159	1173
2160	1173
2161	1173
2162	1173
2163	1173
2164	1173
2165	1173
2166	1173
2167	1173
2168	1173
2169	1173
2170	1173
2171	1173
2172	1173
2173	1173
2174	1173
2175	1173
2176	1173
2177	1173
2178	1173
2179	1173
2180	1173
2181	1173
2182	1173
2183	1173
2184	1173
2185	1173
2186	1173
2187	1174
2188	1174
2189	1174
2190	1174
2191	1174
2192	1174
2193	1174
2194	1174
2195	1174
2196	1175
2197	1175
2198	1175
2199	1175
2200	1175
2201	1175
2202	1175
2203	1175
2204	1175
2205	1175
2206	1175
2207	1175
2208	1175
2209	1175
2210	1175
2211	1175
2212	1175
2213	1175
2214	1175
2215	1175
2216	1175
2217	1175
2218	1175
2219	1176
2220	1176
2221	1176
2222	1177
2223	1177
2224	1177
2225	1177
2226	1177
2227	1177
2228	1177
2229	1177
2230	1177
2231	1177
2232	1177
2233	1177
2234	1177
2235	1177
2236	1177
2237	1177
2238	1177
2239	1177
2240	1177
2241	1177
2242	1177
2243	1177
2244	1177
2245	1177
2246	1177
2247	1177
2248	1177
2249	1178
2250	1178
2251	1178
2252	1178
2253	1178
2254	1178
2255	1178
2256	1178
2257	1178
2258	1178
2259	1178
2260	1179
2261	1179
2262	1179
2263	1179
2264	1179
2265	1179
2266	1179
2267	1179
2268	1179
2269	1179
2270	1179
2271	1179
2272	1179
2273	1179
2274	1179
2275	1179
2276	1179
2277	1179
2278	1179
2279	1179
2280	1179
2281	1179
2282	1179
2283	1179
2284	1179
2285	1179
2286	1179
2287	1179
2288	1179
2289	1179
2290	1179
2291	1179
2292	1179
2293	1179
2294	1179
2295	1179
2296	1179
2297	1179
2298	1179
2299	1179
2300	1179
2301	1179
2302	1179
2303	1179
2304	1179
2305	1179
2306	1179
2307	1179
2308	1179
2309	1180
2310	1180
2311	1180
2312	1180
2313	1180
2314	1180
2315	1180
2316	1180
2317	1180
2318	1180
2319	1180
2320	1180
2321	1181
2322	1181
2323	1181
2324	1181
2325	1181
2326	1181
2327	1181
2328	1181
2329	1181
2330	1181
2331	1181
2332	1181
2333	1181
2334	1181
2335	1181
2336	1181
2337	1181
2338	1181
2339	1181
2340	1181
2341	1181
2342	1181
2343	1181
2344	1181
2345	1181
2346	1181
2347	1181
2348	1181
2349	1181
2350	1181
2351	1181
2352	1181
2353	1181
2354	1181
2355	1181
2356	1181
2357	1181
2358	1181
2359	1181
2360	1181
2361	1181
2362	1181
2363	1181
2364	1181
2365	1181
2366	1181
2367	1181
2368	1181
2369	1181
2370	1181
2371	1181
2372	1181
2373	1181
2374	1181
2375	1181
2376	1181
2377	1181
2378	1181
2379	1181
2380	1181
2381	1181
2382	1181
2383	1181
2384	1181
2385	1181
2386	1181
2387	1181
2388	1181
2389	1181
2390	1181
2391	1181
2392	1181
2393	1181
2394	1181
2395	1181
2396	1181
2397	1181
2398	1181
2399	1181
2400	1181
2401	1181
2402	1181
2403	1181
2404	1181
2405	1181
2406	1181
2407	1181
2408	1181
2409	1181
2410	1181
2411	1181
2412	1181
2413	1181
2414	1181
2415	1181
2416	1181
2417	1181
2418	1181
2419	1181
2420	1181
2421	1181
2422	1181
2423	1181
2424	1181
2425	1181
2426	1181
2427	1181
2428	1181
2429	1181
2430	1181
2431	1181
2432	1181
2433	1181
2434	1181
2435	1181
2436	1181
2437	1181
2438	1181
2439	1181
2440	1181
2441	1181
2442	1181
2443	1181
2444	1181
2445	1181
2446	1181
2447	1181
2448	1181
2449	1181
2450	1181
2451	1181
2452	1181
2453	1181
2454	1181
2455	1181
2456	1181
2457	1181
2458	1181
2459	1181
2460	1181
2461	1181
2462	1182
2463	1182
2464	1182
2465	1182
2466	1182
2467	1182
2468	1182
2469	1182
2470	1182
2471	1182
2472	1182
2473	1182
2474	1182
2475	1182
2476	1182
2477	1182
2478	1182
2479	1182
2480	1182
2481	1182
2482	1182
2483	1182
2484	1182
2485	1182
2486	1182
2487	1182
2488	1182
2489	1182
2490	1182
2491	1182
2492	1182
2493	1182
2494	1182
2495	1182
2496	1182
2497	1182
2498	1182
2499	1182
2500	1182
2501	1182
2502	1182
2503	1182
2504	1182
2505	1182
2506	1182
2507	1182
2508	1182
2509	1182
2510	1182
2511	1182
2512	1182
2513	1182
2514	1182
2515	1182
2516	1182
2517	1182
2518	1182
2519	1182
2520	1182
2521	1182
2522	1182
2523	1182
2524	1182
2525	1182
2526	1182
2527	1182
2528	1182
2529	1182
2530	1182
2531	1182
2532	1182
2533	1182
2534	1182
2535	1182
2536	1182
2537	1182
2538	1182
2539	1182
2540	1182
2541	1182
2542	1182
2543	1182
2544	1182
2545	1182
2546	1182
2547	1182
2548	1182
2549	1182
2550	1182
2551	1182
2552	1182
2553	1182
2554	1182
2555	1182
2556	1182
2557	1182
2558	1182
2559	1182
2560	1182
2561	1182
2562	1182
2563	1182
2564	1182
2565	1182
2566	1182
2567	1182
2568	1182
2569	1182
2570	1182
2571	1182
2572	1182
2573	1182
2574	1182
2575	1182
2576	1182
2577	1182
2578	1182
2579	1182
2580	1182
2581	1182
2582	1182
2583	1182
2584	1182
2585	1182
2586	1182
2587	1182
2588	1182
2589	1182
2590	1182
2591	1182
2592	1182
2593	1182
2594	1182
2595	1183
2596	1183
2597	1183
2598	1183
2599	1183
2600	1183
2601	1183
2602	1183
2603	1183
2604	1183
2605	1183
2606	1183
2607	1183
2608	1183
2609	1183
2610	1183
2611	1183
2612	1183
2613	1183
2614	1183
2615	1183
2616	1183
2617	1183
2618	1183
2619	1183
2620	1183
2621	1183
2622	1183
2623	1183
2624	1183
2625	1184
2626	1184
2627	1184
2628	1184
2629	1184
2630	1184
2631	1184
2632	1184
2633	1184
2634	1184
2635	1184
2636	1184
2637	1184
2638	1184
2639	1184
2640	1184
2641	1184
2642	1184
2643	1184
2644	1184
2645	1184
2646	1184
2647	1184
2648	1184
2649	1184
2650	1184
2651	1184
2652	1184
2653	1184
2654	1184
2655	1184
2656	1184
2657	1184
2658	1184
2659	1184
2660	1184
2661	1184
2662	1184
2663	1184
2664	1184
2665	1184
2666	1184
2667	1184
2668	1184
2669	1184
2670	1184
2671	1184
2672	1184
2673	1184
2674	1184
2675	1184
2676	1184
2677	1184
2678	1184
2679	1184
2680	1184
2681	1184
2682	1184
2683	1184
2684	1184
2685	1184
2686	1184
2687	1184
2688	1184
2689	1184
2690	1185
2691	1185
2692	1185
2693	1185
2694	1185
2695	1185
2696	1185
2697	1185
2698	1185
2699	1185
2700	1185
2701	1185
2702	1185
2703	1185
2704	1185
2705	1185
2706	1185
2707	1185
2708	1185
2709	1185
2710	1185
2711	1185
2712	1185
2713	1185
2714	1185
2715	1185
2716	1185
2717	1185
2718	1185
2719	1185
2720	1185
2721	1185
2722	1185
2723	1185
2724	1185
2725	1185
2726	1185
2727	1185
2728	1185
2729	1185
2730	1185
2731	1185
2732	1185
2733	1185
2734	1185
2735	1185
2736	1185
2737	1185
2738	1185
2739	1185
2740	1185
2741	1185
2742	1185
2743	1185
2744	1185
2745	1185
2746	1185
2747	1185
2748	1185
2749	1185
2750	1185
2751	1185
2752	1185
2753	1185
2754	1185
2755	1185
2756	1185
2757	1185
2758	1185
2759	1185
2760	1185
2761	1185
2762	1185
2763	1185
2764	1185
2765	1185
2766	1185
2767	1185
2768	1185
2769	1185
2770	1185
2771	1185
2772	1185
2773	1185
2774	1185
2775	1185
2776	1185
2777	1185
2778	1185
2779	1185
2780	1185
2781	1185
2782	1185
2783	1185
2784	1185
2785	1185
2786	1185
2787	1185
2788	1185
2789	1185
2790	1185
2791	1185
2792	1185
2793	1185
2794	1185
2795	1185
2796	1185
2797	1185
2798	1185
2799	1185
2800	1185
2801	1185
2802	1185
2803	1185
2804	1185
2805	1185
2806	1185
2807	1185
2808	1185
2809	1185
2810	1185
2811	1185
2812	1185
2813	1185
2814	1185
2815	1185
2816	1185
2817	1185
2818	1185
2819	1185
2820	1185
2821	1185
2822	1185
2823	1185
2824	1185
2825	1185
2826	1185
2827	1185
2828	1185
2829	1185
2830	1185
2831	1185
2832	1185
2833	1185
2834	1185
2835	1185
2836	1185
2837	1185
2838	1185
2839	1185
2840	1185
2841	1185
2842	1185
2843	1185
2844	1185
2845	1185
2846	1185
2847	1185
2848	1185
2849	1185
2850	1185
2851	1185
2852	1185
2853	1185
2854	1185
2855	1185
2856	1185
2857	1185
2858	1185
2859	1185
2860	1185
2861	1185
2862	1185
2863	1185
2864	1185
2865	1185
2866	1185
2867	1185
2868	1185
2869	1185
2870	1185
2871	1185
2872	1185
2873	1185
2874	1185
2875	1185
2876	1185
2877	1185
2878	1185
2879	1185
2880	1185
2881	1185
2882	1185
2883	1185
2884	1185
2885	1185
2886	1185
2887	1185
2888	1185
2889	1185
2890	1185
2891	1185
2892	1185
2893	1185
2894	1185
2895	1185
2896	1185
2897	1185
2898	1185
2899	1185
2900	1185
2901	1185
2902	1185
2903	1185
2904	1185
2905	1185
2906	1185
2907	1185
2908	1185
2909	1185
2910	1185
2911	1185
2912	1185
2913	1185
2914	1185
2915	1185
2916	1185
2917	1185
2918	1185
2919	1185
2920	1185
2921	1186
2922	1186
2923	1186
2924	1186
2925	1186
2926	1186
2927	1187
2928	1187
2929	1187
2930	1187
2931	1187
2932	1187
2933	1187
2934	1187
2935	1187
2936	1187
2937	1187
2938	1187
2939	1187
2940	1187
2941	1187
2942	1187
2943	1187
2944	1187
2945	1187
2946	1187
2947	1187
2948	1187
2949	1187
2950	1187
2951	1187
2952	1187
2953	1187
2954	1187
2955	1187
2956	1187
2957	1187
2958	1187
2959	1187
2960	1187
2961	1187
2962	1187
2963	1187
2964	1187
2965	1187
2966	1187
2967	1187
2968	1187
2969	1187
2970	1187
2971	1187
2972	1187
2973	1187
2974	1187
2975	1187
2976	1187
2977	1187
2978	1187
2979	1187
2980	1187
2981	1187
2982	1187
2983	1187
2984	1187
2985	1187
2986	1187
2987	1187
2988	1187
2989	1187
2990	1187
2991	1187
2992	1187
2993	1187
2994	1187
2995	1187
2996	1187
2997	1187
2998	1187
2999	1187
3000	1187
3001	1187
3002	1187
3003	1187
3004	1187
3005	1187
3006	1187
3007	1187
3008	1187
3009	1187
3010	1187
3011	1187
3012	1187
3013	1187
3014	1187
3015	1187
3016	1187
3017	1187
3018	1187
3019	1187
3020	1187
3021	1187
3022	1187
3023	1187
3024	1187
3025	1187
3026	1187
3027	1187
3028	1187
3029	1187
3030	1187
3031	1187
3032	1187
3033	1187
3034	1187
3035	1187
3036	1187
3037	1187
3038	1187
3039	1187
3040	1187
3041	1187
3042	1187
3043	1187
3044	1187
3045	1187
3046	1187
3047	1187
3048	1187
3049	1187
3050	1187
3051	1187
3052	1187
3053	1187
3054	1187
3055	1187
3056	1187
3057	1187
3058	1187
3059	1187
3060	1187
3061	1187
3062	1187
3063	1187
3064	1187
3065	1187
3066	1187
3067	1187
3068	1187
3069	1187
3070	1187
3071	1187
3072	1187
3073	1187
3074	1187
3075	1187
3076	1187
3077	1187
3078	1187
3079	1187
3080	1187
3081	1187
3082	1187
3083	1187
3084	1187
3085	1187
3086	1187
3087	1187
3088	1187
3089	1187
3090	1187
3091	1187
3092	1187
3093	1187
3094	1187
3095	1187
3096	1188
3097	1188
3098	1188
3099	1188
3100	1188
3101	1188
3102	1188
3103	1188
3104	1188
3105	1188
3106	1188
3107	1188
3108	1188
3109	1188
3110	1188
3111	1188
3112	1188
3113	1188
3114	1188
3115	1188
3116	1188
3117	1188
3118	1188
3119	1188
3120	1188
3121	1188
3122	1188
3123	1188
3124	1188
3125	1188
3126	1188
3127	1188
3128	1188
3129	1188
3130	1188
3131	1188
3132	1188
3133	1188
3134	1188
3135	1188
3136	1188
3137	1188
3138	1188
3139	1188
3140	1188
3141	1188
3142	1188
3143	1188
3144	1188
3145	1188
3146	1188
3147	1188
3148	1188
3149	1188
3150	1188
3151	1189
3152	1189
3153	1189
3154	1189
3155	1189
3156	1189
3157	1189
3158	1189
3159	1189
3160	1189
3161	1189
3162	1189
3163	1189
3164	1189
3165	1189
3166	1189
3167	1189
3168	1189
3169	1189
3170	1189
3171	1189
3172	1189
3173	1189
3174	1189
3175	1189
3176	1189
3177	1189
3178	1189
3179	1189
3180	1189
3181	1189
3182	1189
3183	1189
3184	1189
3185	1189
3186	1189
3187	1189
3188	1189
3189	1189
3190	1189
3191	1189
3192	1189
3193	1189
3194	1189
3195	1189
3196	1189
3197	1189
3198	1189
3199	1189
3200	1189
3201	1189
3202	1189
3203	1189
3204	1189
3205	1189
3206	1189
3207	1189
3208	1189
3209	1189
3210	1189
3211	1189
3212	1189
3213	1189
3214	1189
3215	1189
3216	1189
3217	1189
3218	1189
3219	1189
3220	1189
3221	1189
3222	1189
3223	1189
3224	1189
3225	1189
3226	1189
3227	1189
3228	1189
3229	1189
3230	1189
3231	1189
3232	1189
3233	1189
3234	1189
3235	1189
3236	1189
3237	1189
3238	1189
3239	1189
3240	1189
3241	1189
3242	1189
3243	1189
3244	1190
3245	1190
3246	1190
3247	1190
3248	1190
3249	1190
3250	1190
3251	1190
3252	1191
3253	1191
3254	1191
3255	1191
3256	1191
3257	1191
3258	1191
3259	1191
3260	1191
3261	1191
3262	1191
3263	1191
3264	1191
3265	1191
3266	1191
3267	1191
3268	1191
3269	1191
3270	1191
3271	1191
3272	1191
3273	1191
3274	1191
3275	1191
3276	1191
3277	1191
3278	1191
3279	1191
3280	1191
3281	1191
3282	1191
3283	1191
3284	1191
3285	1191
3286	1191
3287	1191
3288	1191
3289	1191
3290	1191
3291	1191
3292	1191
3293	1191
3294	1191
3295	1191
3296	1191
3297	1191
3298	1191
3299	1191
3300	1191
3301	1191
3302	1191
3303	1191
3304	1191
3305	1191
3306	1191
3307	1191
3308	1191
3309	1191
3310	1191
3311	1191
3312	1191
3313	1191
3314	1191
3315	1191
3316	1191
3317	1191
3318	1191
3319	1191
3320	1192
3321	1192
3322	1192
3323	1192
3324	1192
3325	1192
3326	1192
3327	1192
3328	1192
3329	1192
3330	1192
3331	1192
3332	1192
3333	1192
3334	1192
3335	1192
3336	1192
3337	1192
3338	1192
3339	1192
3340	1192
3341	1192
3342	1192
3343	1192
3344	1192
3345	1192
3346	1192
3347	1192
3348	1192
3349	1192
3350	1192
3351	1192
3352	1192
3353	1192
3354	1192
3355	1192
3356	1192
3357	1192
3358	1192
3359	1192
3360	1192
3361	1192
3362	1192
3363	1192
3364	1192
3365	1192
3366	1192
3367	1192
3368	1192
3369	1192
3370	1192
3371	1192
3372	1192
3373	1192
3374	1192
3375	1192
3376	1192
3377	1192
3378	1192
3379	1192
3380	1192
3381	1192
3382	1192
3383	1192
3384	1192
3385	1192
3386	1192
3387	1192
3388	1192
3389	1192
3390	1192
3391	1192
3392	1193
3393	1193
3394	1193
3395	1193
3396	1193
3397	1193
3398	1193
3399	1193
3400	1193
3401	1193
3402	1193
3403	1193
3404	1193
3405	1193
3406	1193
3407	1193
3408	1193
3409	1193
3410	1193
3411	1193
3412	1193
3413	1193
3414	1193
3415	1193
3416	1193
3417	1193
3418	1193
3419	1193
3420	1193
3421	1193
3422	1193
3423	1193
3424	1193
3425	1193
3426	1193
3427	1193
3428	1193
3429	1193
3430	1193
3431	1193
3432	1193
3433	1193
3434	1193
3435	1193
3436	1193
3437	1193
3438	1193
3439	1193
3440	1193
3441	1193
3442	1193
3443	1193
3444	1193
3445	1193
3446	1193
3447	1193
3448	1193
3449	1193
3450	1193
3451	1193
3452	1193
3453	1193
3454	1193
3455	1193
3456	1193
3457	1193
3458	1193
3459	1193
3460	1193
3461	1193
3462	1193
3463	1193
3464	1193
3465	1193
3466	1193
3467	1193
3468	1193
3469	1193
3470	1193
3471	1193
3472	1193
3473	1193
3474	1193
3475	1193
3476	1193
3477	1193
3478	1193
3479	1193
3480	1193
3481	1193
3482	1193
3483	1193
3484	1193
3485	1193
3486	1193
3487	1193
3488	1193
3489	1193
3490	1193
3491	1193
3492	1193
3493	1193
3494	1193
3495	1193
3496	1193
3497	1193
3498	1193
3499	1193
3500	1193
3501	1193
3502	1193
3503	1193
3504	1193
3505	1193
3506	1193
3507	1193
3508	1193
3509	1193
3510	1193
3511	1193
3512	1193
3513	1193
3514	1193
3515	1193
3516	1193
3517	1193
3518	1193
3519	1193
3520	1193
3521	1193
3522	1193
3523	1193
3524	1193
3525	1193
3526	1193
3527	1193
3528	1193
3529	1193
3530	1193
3531	1193
3532	1193
3533	1193
3534	1193
3535	1193
3536	1193
3537	1193
3538	1193
3539	1193
3540	1193
3541	1193
3542	1193
3543	1193
3544	1193
3545	1193
3546	1193
3547	1193
3548	1193
3549	1193
3550	1193
3551	1193
3552	1193
3553	1193
3554	1193
3555	1193
3556	1193
3557	1193
3558	1193
3559	1193
3560	1193
3561	1193
3562	1193
3563	1193
3564	1193
3565	1193
3566	1193
3567	1193
3568	1193
3569	1193
3570	1193
3571	1193
3572	1193
3573	1193
3574	1193
3575	1193
3576	1193
3577	1193
3578	1193
3579	1193
3580	1193
3581	1193
3582	1193
3583	1193
3584	1193
3585	1193
3586	1193
3587	1193
3588	1193
3589	1193
3590	1193
3591	1193
3592	1193
3593	1193
3594	1193
3595	1193
3596	1193
3597	1193
3598	1193
3599	1193
3600	1193
3601	1193
3602	1193
3603	1193
3604	1193
3605	1193
3606	1193
3607	1193
3608	1193
3609	1193
3610	1193
3611	1193
3612	1193
3613	1193
3614	1193
3615	1193
3616	1193
3617	1193
3618	1193
3619	1193
3620	1193
3621	1193
3622	1193
3623	1193
3624	1193
3625	1193
3626	1193
3627	1193
3628	1193
3629	1193
3630	1193
3631	1193
3632	1193
3633	1193
3634	1193
3635	1193
3636	1193
3637	1193
3638	1193
3639	1193
3640	1193
3641	1193
3642	1193
3643	1193
3644	1193
3645	1193
3646	1193
3647	1193
3648	1193
3649	1193
3650	1193
3651	1193
3652	1193
3653	1193
3654	1193
3655	1193
3656	1193
3657	1193
3658	1193
3659	1193
3660	1193
3661	1193
3662	1193
3663	1193
3664	1193
3665	1193
3666	1193
3667	1193
3668	1193
3669	1193
3670	1193
3671	1193
3672	1193
3673	1193
3674	1194
3675	1194
3676	1194
3677	1194
3678	1194
3679	1194
3680	1194
3681	1194
3682	1194
3683	1194
3684	1194
3685	1194
3686	1194
3687	1194
3688	1194
3689	1194
3690	1194
3691	1194
3692	1194
3693	1194
3694	1194
3695	1194
3696	1194
3697	1194
3698	1194
3699	1194
3700	1194
3701	1194
3702	1194
3703	1194
3704	1194
3705	1194
3706	1194
3707	1194
3708	1194
3709	1194
3710	1194
3711	1194
3712	1194
3713	1194
3714	1194
3715	1194
3716	1194
3717	1194
3718	1194
3719	1194
3720	1194
3721	1194
3722	1194
3723	1194
3724	1194
3725	1194
3726	1194
3727	1194
3728	1194
3729	1194
3730	1194
3731	1194
3732	1194
3733	1194
3734	1194
3735	1194
3736	1194
3737	1194
3738	1194
3739	1194
3740	1194
3741	1194
3742	1194
3743	1194
3744	1194
3745	1194
3746	1194
3747	1194
3748	1194
3749	1194
3750	1194
3751	1194
3752	1194
3753	1194
3754	1194
3755	1194
3756	1194
3757	1194
3758	1194
3759	1194
3760	1194
3761	1194
3762	1194
3763	1194
3764	1194
3765	1194
3766	1194
3767	1194
3768	1194
3769	1194
3770	1194
3771	1194
3772	1194
3773	1194
3774	1194
3775	1194
3776	1194
3777	1194
3778	1194
3779	1194
3780	1194
3781	1194
3782	1194
3783	1194
3784	1194
3785	1194
3786	1194
3787	1194
3788	1194
3789	1194
3790	1194
3791	1194
3792	1194
3793	1194
3794	1194
3795	1194
3796	1194
3797	1194
3798	1194
3799	1194
3800	1194
3801	1194
3802	1194
3803	1194
3804	1194
3805	1194
3806	1194
3807	1194
3808	1194
3809	1194
3810	1194
3811	1194
3812	1194
3813	1194
3814	1194
3815	1194
3816	1194
3817	1194
3818	1194
3819	1194
3820	1194
3821	1194
3822	1194
3823	1194
3824	1194
3825	1194
3826	1194
3827	1194
3828	1194
3829	1194
3830	1194
3831	1194
3832	1194
3833	1194
3834	1194
3835	1194
3836	1194
3837	1194
3838	1194
3839	1194
3840	1194
3841	1194
3842	1194
3843	1194
3844	1194
3845	1194
3846	1194
3847	1194
3848	1194
3849	1194
3850	1194
3851	1194
3852	1194
3853	1194
3854	1194
3855	1195
3856	1195
3857	1195
3858	1195
3859	1195
3860	1195
3861	1195
3862	1195
3863	1195
3864	1195
3865	1195
3866	1195
3867	1195
3868	1195
3869	1195
3870	1195
3871	1195
3872	1195
3873	1195
3874	1195
3875	1195
3876	1195
3877	1195
3878	1195
3879	1195
3880	1195
3881	1195
3882	1195
3883	1195
3884	1195
3885	1195
3886	1195
3887	1195
3888	1195
3889	1195
3890	1195
3891	1195
3892	1195
3893	1195
3894	1195
3895	1195
3896	1195
3897	1195
3898	1195
3899	1195
3900	1195
3901	1195
3902	1195
3903	1195
3904	1195
3905	1195
3906	1195
3907	1195
3908	1195
3909	1195
3910	1195
3911	1195
3912	1195
3913	1195
3914	1195
3915	1195
3916	1195
3917	1195
3918	1195
3919	1195
3920	1195
3921	1195
3922	1195
3923	1195
3924	1195
3925	1195
3926	1195
3927	1195
3928	1195
3929	1195
3930	1195
3931	1195
3932	1195
3933	1195
3934	1195
3935	1195
3936	1195
3937	1195
3938	1195
3939	1195
3940	1195
3941	1195
3942	1195
3943	1195
3944	1195
3945	1195
3946	1195
3947	1195
3948	1195
3949	1195
3950	1195
3951	1195
3952	1195
3953	1195
3954	1195
3955	1195
3956	1195
3957	1195
3958	1195
3959	1195
3960	1195
3961	1195
3962	1195
3963	1195
3964	1195
3965	1195
3966	1195
3967	1195
3968	1195
3969	1195
3970	1195
3971	1195
3972	1195
3973	1195
3974	1195
3975	1195
3976	1195
3977	1195
3978	1195
3979	1195
3980	1195
3981	1195
3982	1195
3983	1195
3984	1195
3985	1195
3986	1195
3987	1195
3988	1195
3989	1195
3990	1195
3991	1195
3992	1195
3993	1195
3994	1195
3995	1195
3996	1195
3997	1195
3998	1195
3999	1195
4000	1195
4001	1195
4002	1195
4003	1195
4004	1195
4005	1195
4006	1195
4007	1195
4008	1195
4009	1195
4010	1195
4011	1195
4012	1195
4013	1195
4014	1195
4015	1195
4016	1195
4017	1195
4018	1195
4019	1195
4020	1195
4021	1195
4022	1195
4023	1195
4024	1195
4025	1195
4026	1195
4027	1195
4028	1195
4029	1195
4030	1195
4031	1195
4032	1195
4033	1195
4034	1195
4035	1195
4036	1195
4037	1195
4038	1195
4039	1195
4040	1195
4041	1195
4042	1195
4043	1195
4044	1195
4045	1195
4046	1195
4047	1195
4048	1195
4049	1195
4050	1195
4051	1195
4052	1195
4053	1195
4054	1195
4055	1195
4056	1195
4057	1195
4058	1195
4059	1195
4060	1195
4061	1195
4062	1195
4063	1195
4064	1195
4065	1195
4066	1195
4067	1195
4068	1195
4069	1195
4070	1195
4071	1195
4072	1195
4073	1195
4074	1195
4075	1195
4076	1195
4077	1195
4078	1195
4079	1195
4080	1195
4081	1195
4082	1195
4083	1195
4084	1195
4085	1195
4086	1195
4087	1195
4088	1195
4089	1195
4090	1195
4091	1195
4092	1195
4093	1195
4094	1195
4095	1195
4096	1195
4097	1195
4098	1195
4099	1195
4100	1195
4101	1195
4102	1195
4103	1195
4104	1195
4105	1195
4106	1195
4107	1195
4108	1195
4109	1195
4110	1195
4111	1195
4112	1195
4113	1195
4114	1195
4115	1195
4116	1195
4117	1195
4118	1195
4119	1195
4120	1195
4121	1195
4122	1195
4123	1195
4124	1195
4125	1195
4126	1195
4127	1195
4128	1195
4129	1195
4130	1195
4131	1195
4132	1195
4133	1195
4134	1195
4135	1195
4136	1195
4137	1195
4138	1195
4139	1195
4140	1195
4141	1195
4142	1195
4143	1195
4144	1195
4145	1195
4146	1195
4147	1196
4148	1196
4149	1196
4150	1196
4151	1196
4152	1196
4153	1196
4154	1196
4155	1196
4156	1196
4157	1196
4158	1196
4159	1196
4160	1196
4161	1196
4162	1196
4163	1196
4164	1196
4165	1196
4166	1196
4167	1196
4168	1196
4169	1196
4170	1196
4171	1196
4172	1196
4173	1196
4174	1196
4175	1196
4176	1196
4177	1196
4178	1196
4179	1196
4180	1196
4181	1196
4182	1196
4183	1196
4184	1196
4185	1196
4186	1196
4187	1196
4188	1196
4189	1196
4190	1196
4191	1196
4192	1196
4193	1196
4194	1196
4195	1196
4196	1196
4197	1196
4198	1196
4199	1196
4200	1196
4201	1196
4202	1196
4203	1196
4204	1196
4205	1196
4206	1196
4207	1196
4208	1196
4209	1196
4210	1196
4211	1196
4212	1196
4213	1196
4214	1196
4215	1196
4216	1196
4217	1196
4218	1196
4219	1196
4220	1196
4221	1196
4222	1196
4223	1196
4224	1196
4225	1196
4226	1196
4227	1196
4228	1196
4229	1196
4230	1196
4231	1196
4232	1196
4233	1196
4234	1196
4235	1196
4236	1196
4237	1196
4238	1196
4239	1196
4240	1196
4241	1196
4242	1196
4243	1196
4244	1196
4245	1196
4246	1196
4247	1196
4248	1196
4249	1196
4250	1196
4251	1196
4252	1196
4253	1196
4254	1196
4255	1196
4256	1196
4257	1196
4258	1196
4259	1196
4260	1196
4261	1196
4262	1196
4263	1196
4264	1196
4265	1196
4266	1196
4267	1196
4268	1196
4269	1196
4270	1196
4271	1196
4272	1196
4273	1196
4274	1196
4275	1196
4276	1196
4277	1196
4278	1196
4279	1196
4280	1196
4281	1196
4282	1196
4283	1196
4284	1196
4285	1196
4286	1196
4287	1196
4288	1196
4289	1196
4290	1196
4291	1196
4292	1196
4293	1196
4294	1196
4295	1196
4296	1196
4297	1196
4298	1196
4299	1196
4300	1196
4301	1196
4302	1196
4303	1196
4304	1196
4305	1196
4306	1196
4307	1196
4308	1196
4309	1196
4310	1196
4311	1196
4312	1196
4313	1196
4314	1196
4315	1196
4316	1196
4317	1196
4318	1196
4319	1196
4320	1196
4321	1196
4322	1196
4323	1196
4324	1196
4325	1196
4326	1196
4327	1196
4328	1196
4329	1196
4330	1196
4331	1196
4332	1196
4333	1196
4334	1196
4335	1196
4336	1196
4337	1196
4338	1196
4339	1196
4340	1196
4341	1196
4342	1196
4343	1196
4344	1196
4345	1196
4346	1196
4347	1196
4348	1196
4349	1196
4350	1196
4351	1196
4352	1196
4353	1196
4354	1196
4355	1196
4356	1196
4357	1196
4358	1196
4359	1196
4360	1196
4361	1196
4362	1196
4363	1196
4364	1196
4365	1196
4366	1196
4367	1196
4368	1196
4369	1196
4370	1196
4371	1196
4372	1196
4373	1196
4374	1196
4375	1196
4376	1196
4377	1196
4378	1196
4379	1196
4380	1196
4381	1196
4382	1196
4383	1196
4384	1196
4385	1196
4386	1196
4387	1196
4388	1196
4389	1196
4390	1196
4391	1196
4392	1196
4393	1196
4394	1196
4395	1196
4396	1196
4397	1196
4398	1196
4399	1196
4400	1196
4401	1196
4402	1196
4403	1196
4404	1196
4405	1196
4406	1196
4407	1196
4408	1196
4409	1196
4410	1196
4411	1196
4412	1196
4413	1196
4414	1196
4415	1196
4416	1196
4417	1196
4418	1196
4419	1196
4420	1196
4421	1196
4422	1196
4423	1196
4424	1196
4425	1196
4426	1196
4427	1196
4428	1196
4429	1196
4430	1196
4431	1196
4432	1196
4433	1196
4434	1196
4435	1196
4436	1196
4437	1196
4438	1196
4439	1196
4440	1196
4441	1196
4442	1196
4443	1196
4444	1196
4445	1196
4446	1196
4447	1196
4448	1196
4449	1196
4450	1196
4451	1196
4452	1196
4453	1196
4454	1196
4455	1196
4456	1196
4457	1196
4458	1196
4459	1196
4460	1196
4461	1196
4462	1196
4463	1196
4464	1196
4465	1196
4466	1196
4467	1196
4468	1196
4469	1196
4470	1196
4471	1196
4472	1196
4473	1196
4474	1196
4475	1196
4476	1196
4477	1196
4478	1196
4479	1196
4480	1196
4481	1196
4482	1196
4483	1196
4484	1196
4485	1196
4486	1196
4487	1196
4488	1196
4489	1196
4490	1196
4491	1196
4492	1196
4493	1196
4494	1196
4495	1196
4496	1196
4497	1196
4498	1196
4499	1196
4500	1196
4501	1196
4502	1196
4503	1196
4504	1196
4505	1196
4506	1196
4507	1196
4508	1196
4509	1196
4510	1196
4511	1196
4512	1196
4513	1196
4514	1196
4515	1196
4516	1196
4517	1196
4518	1196
4519	1196
4520	1196
4521	1196
4522	1196
4523	1196
4524	1196
4525	1196
4526	1196
4527	1196
4528	1196
4529	1196
4530	1196
4531	1196
4532	1196
4533	1196
4534	1196
4535	1196
4536	1196
4537	1196
4538	1196
4539	1196
4540	1196
4541	1196
4542	1196
4543	1196
4544	1196
4545	1196
4546	1196
4547	1196
4548	1196
4549	1196
4550	1196
4551	1196
4552	1196
4553	1196
4554	1196
4555	1196
4556	1196
4557	1196
4558	1196
4559	1196
4560	1196
4561	1196
4562	1196
4563	1196
4564	1196
4565	1196
4566	1196
4567	1196
4568	1196
4569	1196
4570	1196
4571	1196
4572	1196
4573	1196
4574	1196
4575	1196
4576	1196
4577	1196
4578	1196
4579	1196
4580	1196
4581	1196
4582	1196
4583	1196
4584	1196
4585	1196
4586	1196
4587	1196
4588	1196
4589	1196
4590	1196
4591	1196
4592	1196
4593	1196
4594	1196
4595	1196
4596	1196
4597	1196
4598	1196
4599	1196
4600	1196
4601	1196
4602	1196
4603	1196
4604	1196
4605	1196
4606	1196
4607	1196
4608	1196
4609	1196
4610	1196
4611	1196
4612	1196
4613	1196
4614	1196
4615	1196
4616	1196
4617	1196
4618	1196
4619	1196
4620	1196
4621	1196
4622	1196
4623	1196
4624	1196
4625	1196
4626	1196
4627	1196
4628	1196
4629	1196
4630	1196
4631	1196
4632	1196
4633	1196
4634	1196
4635	1196
4636	1196
4637	1196
4638	1196
4639	1196
4640	1196
4641	1196
4642	1196
4643	1196
4644	1196
4645	1196
4646	1196
4647	1196
4648	1196
4649	1196
4650	1196
4651	1196
4652	1196
4653	1196
4654	1196
4655	1196
4656	1196
4657	1196
4658	1196
4659	1196
4660	1196
4661	1196
4662	1196
4663	1196
4664	1196
4665	1196
4666	1196
4667	1196
4668	1196
4669	1196
4670	1196
4671	1196
4672	1196
4673	1196
4674	1196
4675	1196
4676	1196
4677	1196
4678	1196
4679	1196
4680	1196
4681	1196
4682	1196
4683	1196
4684	1196
4685	1196
4686	1196
4687	1196
4688	1196
4689	1196
4690	1196
4691	1196
4692	1196
4693	1196
4694	1196
4695	1196
4696	1196
4697	1196
4698	1196
4699	1196
4700	1196
4701	1196
4702	1196
4703	1196
4704	1196
4705	1196
4706	1196
4707	1196
4708	1196
4709	1196
4710	1196
4711	1196
4712	1196
4713	1196
4714	1196
4715	1196
4716	1196
4717	1196
4718	1196
4719	1196
4720	1196
4721	1196
4722	1196
4723	1196
4724	1196
4725	1196
4726	1196
4727	1196
4728	1196
4729	1196
4730	1196
4731	1196
4732	1196
4733	1196
4734	1196
4735	1196
4736	1196
4737	1196
4738	1196
4739	1196
4740	1196
4741	1196
4742	1196
4743	1196
4744	1196
4745	1196
4746	1196
4747	1196
4748	1196
4749	1196
4750	1196
4751	1196
4752	1196
4753	1196
4754	1196
4755	1196
4756	1196
4757	1196
4758	1196
4759	1196
4760	1196
4761	1196
4762	1196
4763	1196
4764	1196
4765	1196
4766	1196
4767	1196
4768	1196
4769	1196
4770	1196
4771	1196
4772	1196
4773	1196
4774	1196
4775	1196
4776	1196
4777	1196
4778	1196
4779	1196
4780	1196
4781	1196
4782	1196
4783	1196
4784	1196
4785	1196
4786	1196
4787	1196
4788	1196
4789	1196
4790	1196
4791	1196
4792	1196
4793	1196
4794	1196
4795	1196
4796	1196
4797	1196
4798	1196
4799	1196
4800	1196
4801	1196
4802	1196
4803	1196
4804	1196
4805	1196
4806	1196
4807	1196
4808	1196
4809	1196
4810	1196
4811	1196
4812	1196
4813	1196
4814	1196
4815	1196
4816	1196
4817	1196
4818	1196
4819	1196
4820	1196
4821	1196
4822	1196
4823	1196
4824	1196
4825	1196
4826	1196
4827	1196
4828	1196
4829	1196
4830	1196
4831	1196
4832	1196
4833	1196
4834	1196
4835	1196
4836	1196
4837	1196
4838	1196
4839	1196
4840	1196
4841	1196
4842	1196
4843	1196
4844	1196
4845	1196
4846	1196
4847	1196
4848	1196
4849	1196
4850	1196
4851	1196
4852	1196
4853	1196
4854	1196
4855	1196
4856	1196
4857	1196
4858	1196
4859	1196
4860	1196
4861	1196
4862	1196
4863	1196
4864	1196
4865	1196
4866	1196
4867	1196
4868	1196
4869	1196
4870	1196
4871	1196
4872	1196
4873	1196
4874	1196
4875	1196
4876	1196
4877	1196
4878	1196
4879	1196
4880	1196
4881	1196
4882	1196
4883	1196
4884	1196
4885	1196
4886	1196
4887	1196
4888	1196
4889	1196
4890	1196
4891	1196
4892	1196
4893	1196
4894	1196
4895	1196
4896	1196
4897	1196
4898	1196
4899	1196
4900	1196
4901	1196
4902	1196
4903	1196
4904	1196
4905	1196
4906	1196
4907	1196
4908	1196
4909	1196
4910	1196
4911	1196
4912	1196
4913	1196
4914	1196
4915	1196
4916	1196
4917	1196
4918	1196
4919	1196
4920	1196
4921	1196
4922	1196
4923	1196
4924	1196
4925	1196
4926	1196
4927	1196
4928	1196
4929	1196
4930	1196
4931	1196
4932	1196
4933	1196
4934	1196
4935	1196
4936	1196
4937	1196
4938	1196
4939	1196
4940	1196
4941	1196
4942	1196
4943	1196
4944	1196
4945	1196
4946	1196
4947	1196
4948	1196
4949	1196
4950	1196
4951	1196
4952	1196
4953	1196
4954	1196
4955	1196
4956	1196
4957	1196
4958	1196
4959	1196
4960	1196
4961	1196
4962	1196
4963	1196
4964	1196
4965	1196
4966	1196
4967	1196
4968	1196
4969	1196
4970	1196
4971	1196
4972	1196
4973	1196
4974	1196
4975	1196
4976	1196
4977	1196
4978	1196
4979	1196
4980	1196
4981	1196
4982	1196
4983	1196
4984	1196
4985	1196
4986	1196
4987	1196
4988	1196
4989	1196
4990	1196
4991	1196
4992	1196
4993	1196
4994	1196
4995	1196
4996	1196
4997	1196
4998	1196
4999	1196

