0	0
1	3
2	3
3	3
4	3
5	3
6	3
7	3
8	3
9	4
10	4
11	5
12	5
13	6
14	7
15	7
16	8
17	10
18	11
19	11
20	13
21	15
22	18
23	19
24	19
25	19
26	22
27	24
28	29
29	29
30	30
31	35
32	36
33	40
34	44
35	48
36	51
37	57
38	60
39	63
40	69
41	74
42	76
43	78
44	82
45	88
46	92
47	94
48	94
49	100
50	105
51	110
52	118
53	120
54	124
55	128
56	129
57	130
58	136
59	140
60	142
61	144
62	150
63	154
64	158
65	161
66	166
67	168
68	172
69	176
70	176
71	178
72	181
73	185
74	192
75	193
76	194
77	197
78	197
79	197
80	199
81	200
82	204
83	206
84	210
85	213
86	214
87	220
88	221
89	222
90	225
91	226
92	230
93	230
94	232
95	233
96	236
97	239
98	242
99	243
100	245
101	247
102	249
103	250
104	250
105	252
106	255
107	260
108	260
109	263
110	263
111	264
112	265
113	265
114	266
115	266
116	267
117	267
118	267
119	268
120	269
121	269
122	269
123	269
124	269
125	269
126	269
127	269
128	269
129	269
130	269
131	269
132	269
133	269
134	269
135	270
136	270
137	270
138	270
139	270
140	270
141	270
142	270
143	270
144	270
145	270
146	270
147	270
148	270
149	271
150	271
151	271
152	272
153	272
154	272
155	272
156	272
157	272
158	272
159	272
160	272
161	272
162	272
163	272
164	272
165	272
166	272
167	272
168	272
169	272
170	272
171	272
172	272
173	272
174	272
175	272
176	272
177	272
178	272
179	272
180	272
181	272
182	272
183	272
184	272
185	272
186	272
187	272
188	272
189	272
190	272
191	272
192	272
193	272
194	272
195	272
196	273
197	273
198	273
199	273
200	273
201	273
202	273
203	273
204	273
205	273
206	273
207	273
208	273
209	273
210	273
211	273
212	273
213	273
214	273
215	273
216	274
217	274
218	274
219	274
220	274
221	274
222	274
223	274
224	274
225	274
226	274
227	274
228	274
229	274
230	275
231	275
232	275
233	275
234	275
235	275
236	275
237	275
238	275
239	275
240	275
241	275
242	275
243	275
244	275
245	275
246	275
247	275
248	275
249	275
250	275
251	275
252	275
253	275
254	275
255	275
256	275
257	275
258	275
259	275
260	275
261	275
262	275
263	275
264	275
265	275
266	275
267	275
268	275
269	275
270	275
271	275
272	275
273	275
274	275
275	275
276	275
277	275
278	275
279	275
280	275
281	275
282	275
283	275
284	275
285	275
286	275
287	275
288	275
289	275
290	275
291	275
292	275
293	275
294	275
295	275
296	275
297	275
298	275
299	275
300	275
301	275
302	275
303	275
304	275
305	275
306	275
307	275
308	275
309	275
310	275
311	275
312	275
313	275
314	275
315	275
316	275
317	275
318	275
319	275
320	275
321	275
322	275
323	275
324	276
325	276
326	276
327	276
328	276
329	276
330	276
331	276
332	276
333	276
334	276
335	276
336	276
337	276
338	276
339	276
340	276
341	276
342	276
343	276
344	276
345	276
346	276
347	276
348	276
349	276
350	276
351	276
352	276
353	276
354	276
355	276
356	276
357	276
358	276
359	276
360	276
361	276
362	276
363	276
364	276
365	276
366	276
367	276
368	276
369	276
370	276
371	276
372	276
373	276
374	276
375	276
376	276
377	276
378	276
379	276
380	276
381	276
382	276
383	276
384	276
385	276
386	276
387	276
388	276
389	276
390	276
391	276
392	276
393	276
394	276
395	276
396	276
397	276
398	276
399	276
400	276
401	276
402	276
403	276
404	276
405	276
406	276
407	276
408	276
409	276
410	276
411	276
412	276
413	276
414	276
415	276
416	276
417	276
418	276
419	276
420	276
421	276
422	276
423	276
424	276
425	276
426	276
427	276
428	276
429	276
430	276
431	276
432	276
433	276
434	276
435	276
436	276
437	276
438	276
439	276
440	276
441	276
442	276
443	276
444	276
445	276
446	276
447	276
448	276
449	276
450	276
451	276
452	276
453	276
454	276
455	276
456	276
457	276
458	276
459	276
460	276
461	276
462	276
463	276
464	276
465	276
466	276
467	276
468	276
469	276
470	276
471	276
472	276
473	276
474	276
475	276
476	276
477	276
478	276
479	276
480	276
481	276
482	276
483	276
484	276
485	276
486	276
487	276
488	276
489	276
490	276
491	276
492	276
493	276
494	276
495	276
496	276
497	276
498	277
499	277
500	277
501	277
502	277
503	277
504	277
505	277
506	277
507	277
508	277
509	277
510	277
511	277
512	277
513	277
514	277
515	277
516	277
517	277
518	277
519	277
520	277
521	277
522	277
523	277
524	277
525	277
526	277
527	277
528	277
529	277
530	277
531	277
532	277
533	277
534	277
535	277
536	277
537	277
538	277
539	277
540	277
541	277
542	277
543	277
544	277
545	277
546	277
547	277
548	277
549	277
550	277
551	277
552	277
553	277
554	277
555	277
556	277
557	277
558	277
559	277
560	277
561	277
562	277
563	277
564	277
565	277
566	277
567	277
568	277
569	277
570	277
571	277
572	277
573	277
574	277
575	277
576	277
577	277
578	277
579	277
580	277
581	277
582	277
583	277
584	277
585	277
586	277
587	277
588	277
589	277
590	277
591	277
592	277
593	277
594	277
595	277
596	277
597	277
598	277
599	277
600	277
601	277
602	277
603	277
604	277
605	277
606	277
607	277
608	277
609	277
610	277
611	277
612	277
613	277
614	277
615	277
616	277
617	277
618	277
619	277
620	277
621	277
622	277
623	277
624	277
625	277
626	277
627	277
628	277
629	277
630	277
631	277
632	277
633	277
634	277
635	277
636	277
637	277
638	277
639	277
640	277
641	277
642	277
643	277
644	277
645	277
646	277
647	277
648	277
649	277
650	277
651	277
652	277
653	277
654	277
655	277
656	277
657	277
658	277
659	277
660	277
661	277
662	277
663	277
664	277
665	277
666	277
667	277
668	277
669	277
670	277
671	277
672	277
673	277
674	277
675	277
676	277
677	277
678	277
679	277
680	277
681	277
682	277
683	277
684	277
685	277
686	277
687	277
688	277
689	277
690	277
691	277
692	277
693	277
694	277
695	277
696	277
697	277
698	277
699	277
700	277
701	277
702	277
703	277
704	277
705	277
706	277
707	277
708	277
709	277
710	277
711	277
712	277
713	277
714	277
715	277
716	277
717	277
718	277
719	277
720	277
721	277
722	277
723	277
724	277
725	277
726	277
727	277
728	277
729	277
730	277
731	277
732	277
733	277
734	277
735	277
736	277
737	277
738	277
739	277
740	277
741	277
742	277
743	277
744	277
745	277
746	277
747	277
748	277
749	277
750	277
751	277
752	277
753	277
754	277
755	277
756	277
757	277
758	277
759	277
760	277
761	277
762	277
763	277
764	277
765	277
766	277
767	277
768	277
769	277
770	277
771	277
772	277
773	277
774	277
775	277
776	277
777	277
778	277
779	277
780	277
781	277
782	277
783	277
784	277
785	277
786	277
787	277
788	277
789	278
790	278
791	278
792	278
793	278
794	278
795	278
796	278
797	278
798	278
799	278
800	278
801	279
802	279
803	279
804	279
805	279
806	279
807	279
808	279
809	279
810	279
811	279
812	279
813	279
814	279
815	279
816	279
817	279
818	279
819	279
820	279
821	279
822	279
823	279
824	279
825	279
826	279
827	279
828	279
829	279
830	279
831	279
832	279
833	279
834	279
835	279
836	279
837	279
838	279
839	279
840	279
841	279
842	279
843	279
844	279
845	279
846	279
847	279
848	279
849	279
850	279
851	279
852	279
853	279
854	279
855	279
856	279
857	279
858	279
859	279
860	279
861	279
862	279
863	279
864	279
865	279
866	279
867	279
868	279
869	279
870	279
871	279
872	279
873	279
874	279
875	279
876	279
877	279
878	279
879	279
880	279
881	279
882	279
883	279
884	279
885	279
886	279
887	279
888	279
889	279
890	279
891	279
892	279
893	279
894	279
895	279
896	279
897	279
898	279
899	279
900	279
901	279
902	279
903	279
904	279
905	279
906	279
907	279
908	279
909	279
910	279
911	279
912	279
913	279
914	279
915	279
916	279
917	279
918	279
919	279
920	279
921	279
922	279
923	279
924	279
925	279
926	279
927	279
928	279
929	279
930	279
931	279
932	279
933	279
934	279
935	279
936	279
937	279
938	279
939	279
940	279
941	279
942	279
943	279
944	279
945	279
946	279
947	279
948	279
949	279
950	279
951	279
952	279
953	279
954	279
955	279
956	279
957	279
958	279
959	279
960	279
961	279
962	279
963	279
964	279
965	279
966	279
967	279
968	279
969	279
970	279
971	279
972	279
973	279
974	279
975	279
976	279
977	279
978	279
979	279
980	279
981	279
982	279
983	279
984	279
985	279
986	279
987	279
988	279
989	279
990	279
991	279
992	279
993	279
994	279
995	279
996	279
997	279
998	279
999	279
1000	279
1001	279
1002	279
1003	279
1004	279
1005	279
1006	279
1007	279
1008	279
1009	279
1010	279
1011	279
1012	279
1013	279
1014	279
1015	279
1016	279
1017	279
1018	279
1019	279
1020	279
1021	279
1022	279
1023	279
1024	279
1025	279
1026	279
1027	279
1028	279
1029	279
1030	279
1031	279
1032	279
1033	279
1034	279
1035	279
1036	279
1037	279
1038	279
1039	279
1040	279
1041	279
1042	279
1043	279
1044	279
1045	279
1046	279
1047	279
1048	279
1049	279
1050	279
1051	279
1052	279
1053	279
1054	279
1055	279
1056	279
1057	279
1058	279
1059	279
1060	279
1061	279
1062	279
1063	279
1064	279
1065	279
1066	279
1067	279
1068	279
1069	279
1070	279
1071	279
1072	279
1073	279
1074	279
1075	279
1076	279
1077	279
1078	279
1079	279
1080	279
1081	279
1082	279
1083	279
1084	279
1085	279
1086	279
1087	279
1088	279
1089	279
1090	279
1091	279
1092	279
1093	279
1094	279
1095	279
1096	279
1097	279
1098	279
1099	279
1100	279
1101	279
1102	279
1103	279
1104	279
1105	279
1106	279
1107	279
1108	279
1109	279
1110	279
1111	279
1112	279
1113	279
1114	279
1115	279
1116	279
1117	279
1118	279
1119	279
1120	279
1121	279
1122	279
1123	279
1124	279
1125	279
1126	279
1127	279
1128	279
1129	279
1130	279
1131	279
1132	279
1133	279
1134	279
1135	279
1136	279
1137	279
1138	279
1139	279
1140	279
1141	279
1142	279
1143	279
1144	279
1145	279
1146	279
1147	279
1148	279
1149	279
1150	279
1151	279
1152	279
1153	279
1154	279
1155	279
1156	279
1157	279
1158	279
1159	279
1160	279
1161	279
1162	279
1163	279
1164	279
1165	279
1166	279
1167	279
1168	279
1169	279
1170	279
1171	279
1172	279
1173	279
1174	279
1175	279
1176	279
1177	279
1178	279
1179	279
1180	279
1181	279
1182	279
1183	279
1184	279
1185	279
1186	279
1187	279
1188	279
1189	279
1190	279
1191	279
1192	279
1193	279
1194	279
1195	279
1196	279
1197	279
1198	279
1199	279
1200	279
1201	279
1202	279
1203	279
1204	279
1205	279
1206	279
1207	279
1208	279
1209	279
1210	279
1211	279
1212	279
1213	279
1214	279
1215	279
1216	279
1217	279
1218	279
1219	279
1220	279
1221	279
1222	279
1223	279
1224	279
1225	279
1226	279
1227	279
1228	279
1229	279
1230	279
1231	279
1232	279
1233	279
1234	279
1235	279
1236	279
1237	279
1238	279
1239	279
1240	279
1241	279
1242	279
1243	279
1244	279
1245	279
1246	279
1247	279
1248	279
1249	279
1250	279
1251	279
1252	279
1253	279
1254	279
1255	279
1256	279
1257	279
1258	279
1259	279
1260	279
1261	279
1262	279
1263	279
1264	279
1265	279
1266	279
1267	279
1268	279
1269	279
1270	279
1271	279
1272	279
1273	279
1274	279
1275	279
1276	279
1277	279
1278	279
1279	279
1280	279
1281	279
1282	279
1283	279
1284	279
1285	279
1286	279
1287	279
1288	279
1289	279
1290	279
1291	279
1292	279
1293	279
1294	279
1295	279
1296	279
1297	279
1298	279
1299	279
1300	279
1301	279
1302	279
1303	279
1304	279
1305	279
1306	279
1307	279
1308	279
1309	279
1310	279
1311	279
1312	279
1313	279
1314	279
1315	279
1316	279
1317	279
1318	279
1319	279
1320	279
1321	279
1322	279
1323	279
1324	279
1325	279
1326	279
1327	279
1328	279
1329	279
1330	279
1331	279
1332	279
1333	279
1334	279
1335	279
1336	279
1337	279
1338	279
1339	279
1340	279
1341	279
1342	279
1343	279
1344	279
1345	279
1346	279
1347	279
1348	279
1349	279
1350	279
1351	279
1352	279
1353	279
1354	279
1355	279
1356	279
1357	279
1358	279
1359	279
1360	279
1361	279
1362	279
1363	279
1364	279
1365	279
1366	279
1367	279
1368	279
1369	279
1370	279
1371	279
1372	279
1373	279
1374	279
1375	279
1376	279
1377	279
1378	279
1379	279
1380	279
1381	279
1382	279
1383	279
1384	279
1385	279
1386	279
1387	279
1388	279
1389	279
1390	279
1391	279
1392	279
1393	279
1394	279
1395	279
1396	279
1397	279
1398	279
1399	279
1400	279
1401	279
1402	279
1403	279
1404	279
1405	279
1406	279
1407	279
1408	279
1409	279
1410	279
1411	279
1412	279
1413	279
1414	279
1415	279
1416	279
1417	279
1418	279
1419	279
1420	279
1421	279
1422	279
1423	279
1424	279
1425	279
1426	279
1427	279
1428	279
1429	279
1430	279
1431	279
1432	279
1433	279
1434	279
1435	279
1436	279
1437	279
1438	279
1439	279
1440	279
1441	279
1442	279
1443	279
1444	279
1445	279
1446	279
1447	279
1448	279
1449	279
1450	279
1451	279
1452	279
1453	279
1454	279
1455	279
1456	279
1457	279
1458	279
1459	279
1460	279
1461	279
1462	279
1463	279
1464	279
1465	279
1466	279
1467	279
1468	279
1469	279
1470	279
1471	279
1472	279
1473	279
1474	279
1475	279
1476	279
1477	279
1478	279
1479	279
1480	279
1481	279
1482	279
1483	279
1484	279
1485	279
1486	279
1487	279
1488	279
1489	279
1490	279
1491	279
1492	279
1493	279
1494	279
1495	279
1496	279
1497	279
1498	279
1499	279
1500	279
1501	279
1502	279
1503	279
1504	279
1505	279
1506	279
1507	279
1508	279
1509	279
1510	279
1511	279
1512	279
1513	279
1514	279
1515	279
1516	279
1517	279
1518	279
1519	279
1520	279
1521	279
1522	279
1523	279
1524	279
1525	279
1526	279
1527	279
1528	279
1529	279
1530	279
1531	279
1532	279
1533	279
1534	279
1535	279
1536	279
1537	279
1538	279
1539	279
1540	279
1541	279
1542	279
1543	279
1544	279
1545	279
1546	279
1547	279
1548	279
1549	279
1550	279
1551	279
1552	279
1553	279
1554	279
1555	279
1556	279
1557	279
1558	279
1559	279
1560	279
1561	279
1562	279
1563	279
1564	279
1565	279
1566	279
1567	279
1568	279
1569	279
1570	279
1571	279
1572	279
1573	279
1574	279
1575	279
1576	279
1577	279
1578	279
1579	279
1580	279
1581	279
1582	279
1583	279
1584	279
1585	279
1586	279
1587	279
1588	279
1589	279
1590	279
1591	279
1592	279
1593	279
1594	279
1595	279
1596	279
1597	279
1598	279
1599	279
1600	279
1601	279
1602	279
1603	279
1604	279
1605	279
1606	279
1607	279
1608	279
1609	279
1610	279
1611	279
1612	279
1613	279
1614	279
1615	279
1616	279
1617	279
1618	279
1619	279
1620	279
1621	279
1622	279
1623	279
1624	279
1625	279
1626	279
1627	279
1628	279
1629	279
1630	279
1631	279
1632	279
1633	279
1634	279
1635	279
1636	279
1637	279
1638	279
1639	279
1640	279
1641	279
1642	279
1643	279
1644	279
1645	279
1646	279
1647	279
1648	279
1649	279
1650	279
1651	279
1652	279
1653	279
1654	279
1655	279
1656	279
1657	279
1658	279
1659	279
1660	279
1661	279
1662	279
1663	279
1664	279
1665	279
1666	279
1667	279
1668	279
1669	279
1670	279
1671	279
1672	279
1673	279
1674	279
1675	279
1676	279
1677	279
1678	279
1679	279
1680	279
1681	279
1682	279
1683	279
1684	279
1685	279
1686	279
1687	279
1688	279
1689	279
1690	279
1691	279
1692	279
1693	279
1694	279
1695	279
1696	279
1697	279
1698	279
1699	279
1700	279
1701	279
1702	279
1703	279
1704	279
1705	279
1706	279
1707	279
1708	279
1709	279
1710	279
1711	279
1712	279
1713	279
1714	279
1715	279
1716	279
1717	279
1718	279
1719	279
1720	279
1721	279
1722	279
1723	279
1724	279
1725	279
1726	279
1727	279
1728	279
1729	279
1730	279
1731	279
1732	279
1733	279
1734	279
1735	279
1736	279
1737	279
1738	279
1739	279
1740	279
1741	279
1742	279
1743	279
1744	279
1745	279
1746	279
1747	279
1748	279
1749	279
1750	279
1751	279
1752	279
1753	279
1754	279
1755	279
1756	279
1757	279
1758	279
1759	279
1760	279
1761	279
1762	279
1763	279
1764	279
1765	279
1766	279
1767	279
1768	279
1769	279
1770	279
1771	279
1772	279
1773	279
1774	279
1775	279
1776	279
1777	279
1778	279
1779	279
1780	279
1781	279
1782	279
1783	279
1784	279
1785	279
1786	279
1787	279
1788	279
1789	279
1790	279
1791	279
1792	279
1793	279
1794	279
1795	279
1796	279
1797	279
1798	279
1799	279
1800	279
1801	279
1802	279
1803	279
1804	279
1805	279
1806	279
1807	279
1808	279
1809	279
1810	279
1811	279
1812	279
1813	279
1814	279
1815	279
1816	279
1817	279
1818	279
1819	279
1820	279
1821	279
1822	279
1823	279
1824	279
1825	279
1826	279
1827	279
1828	279
1829	279
1830	279
1831	279
1832	279
1833	279
1834	279
1835	279
1836	279
1837	279
1838	279
1839	279
1840	279
1841	279
1842	279
1843	279
1844	279
1845	279
1846	279
1847	279
1848	279
1849	279
1850	279
1851	279
1852	279
1853	279
1854	279
1855	279
1856	279
1857	279
1858	279
1859	279
1860	279
1861	279
1862	279
1863	279
1864	279
1865	279
1866	279
1867	279
1868	279
1869	279
1870	279
1871	279
1872	279
1873	279
1874	279
1875	279
1876	279
1877	279
1878	279
1879	279
1880	279
1881	279
1882	279
1883	279
1884	279
1885	279
1886	279
1887	279
1888	279
1889	279
1890	279
1891	279
1892	279
1893	279
1894	279
1895	279
1896	279
1897	279
1898	279
1899	279
1900	279
1901	279
1902	279
1903	279
1904	279
1905	279
1906	279
1907	279
1908	279
1909	279
1910	279
1911	279
1912	279
1913	279
1914	279
1915	279
1916	279
1917	279
1918	279
1919	279
1920	279
1921	279
1922	279
1923	279
1924	279
1925	279
1926	279
1927	279
1928	279
1929	279
1930	279
1931	279
1932	279
1933	279
1934	279
1935	279
1936	279
1937	279
1938	279
1939	279
1940	279
1941	279
1942	279
1943	279
1944	279
1945	279
1946	279
1947	279
1948	279
1949	279
1950	279
1951	279
1952	279
1953	279
1954	279
1955	279
1956	279
1957	279
1958	279
1959	279
1960	279
1961	279
1962	279
1963	279
1964	279
1965	279
1966	279
1967	279
1968	279
1969	279
1970	279
1971	279
1972	279
1973	279
1974	279
1975	279
1976	279
1977	279
1978	279
1979	279
1980	279
1981	279
1982	279
1983	279
1984	279
1985	279
1986	279
1987	279
1988	279
1989	279
1990	279
1991	279
1992	279
1993	279
1994	279
1995	279
1996	279
1997	279
1998	279
1999	279
2000	279
2001	279
2002	279
2003	279
2004	279
2005	279
2006	279
2007	279
2008	279
2009	279
2010	279
2011	279
2012	279
2013	279
2014	279
2015	279
2016	279
2017	279
2018	279
2019	279
2020	279
2021	279
2022	279
2023	279
2024	279
2025	279
2026	279
2027	279
2028	279
2029	279
2030	279
2031	279
2032	279
2033	279
2034	279
2035	279
2036	279
2037	279
2038	279
2039	279
2040	279
2041	279
2042	279
2043	279
2044	279
2045	279
2046	279
2047	279
2048	279
2049	279
2050	279
2051	279
2052	279
2053	279
2054	279
2055	279
2056	279
2057	279
2058	279
2059	279
2060	279
2061	279
2062	279
2063	279
2064	279
2065	279
2066	279
2067	279
2068	279
2069	279
2070	279
2071	279
2072	279
2073	279
2074	279
2075	279
2076	279
2077	279
2078	279
2079	279
2080	279
2081	279
2082	279
2083	279
2084	279
2085	279
2086	279
2087	279
2088	279
2089	279
2090	279
2091	279
2092	279
2093	279
2094	279
2095	279
2096	279
2097	279
2098	279
2099	279
2100	279
2101	279
2102	279
2103	279
2104	279
2105	279
2106	279
2107	279
2108	279
2109	279
2110	279
2111	279
2112	279
2113	279
2114	279
2115	279
2116	279
2117	279
2118	279
2119	279
2120	279
2121	279
2122	279
2123	279
2124	279
2125	279
2126	279
2127	279
2128	279
2129	279
2130	279
2131	279
2132	279
2133	279
2134	279
2135	279
2136	279
2137	279
2138	279
2139	279
2140	279
2141	279
2142	279
2143	279
2144	279
2145	279
2146	279
2147	279
2148	279
2149	279
2150	279
2151	279
2152	279
2153	279
2154	279
2155	279
2156	279
2157	279
2158	279
2159	279
2160	279
2161	279
2162	279
2163	279
2164	279
2165	279
2166	279
2167	279
2168	279
2169	279
2170	279
2171	279
2172	279
2173	279
2174	279
2175	279
2176	279
2177	279
2178	279
2179	279
2180	279
2181	279
2182	279
2183	279
2184	279
2185	279
2186	279
2187	279
2188	279
2189	279
2190	279
2191	279
2192	279
2193	279
2194	279
2195	279
2196	279
2197	279
2198	279
2199	279
2200	279
2201	279
2202	279
2203	279
2204	279
2205	279
2206	279
2207	279
2208	279
2209	279
2210	279
2211	279
2212	279
2213	279
2214	279
2215	279
2216	279
2217	279
2218	279
2219	279
2220	279
2221	279
2222	279
2223	279
2224	279
2225	279
2226	279
2227	279
2228	279
2229	279
2230	279
2231	279
2232	279
2233	279
2234	279
2235	279
2236	279
2237	279
2238	279
2239	279
2240	279
2241	279
2242	279
2243	279
2244	279
2245	279
2246	279
2247	279
2248	279
2249	279
2250	279
2251	279
2252	279
2253	279
2254	279
2255	279
2256	279
2257	279
2258	279
2259	279
2260	279
2261	279
2262	279
2263	279
2264	279
2265	279
2266	279
2267	279
2268	279
2269	279
2270	279
2271	279
2272	279
2273	279
2274	279
2275	279
2276	279
2277	279
2278	279
2279	279
2280	279
2281	279
2282	279
2283	279
2284	279
2285	279
2286	279
2287	279
2288	279
2289	279
2290	279
2291	279
2292	279
2293	279
2294	279
2295	279
2296	279
2297	279
2298	279
2299	279
2300	279
2301	279
2302	279
2303	279
2304	279
2305	279
2306	279
2307	279
2308	279
2309	279
2310	279
2311	279
2312	279
2313	279
2314	279
2315	279
2316	279
2317	279
2318	279
2319	279
2320	279
2321	279
2322	279
2323	279
2324	279
2325	279
2326	279
2327	279
2328	279
2329	279
2330	279
2331	279
2332	279
2333	279
2334	279
2335	279
2336	279
2337	279
2338	279
2339	279
2340	279
2341	279
2342	279
2343	279
2344	279
2345	279
2346	279
2347	279
2348	279
2349	279
2350	279
2351	279
2352	279
2353	279
2354	279
2355	279
2356	279
2357	279
2358	279
2359	279
2360	279
2361	279
2362	279
2363	279
2364	279
2365	279
2366	279
2367	279
2368	279
2369	279
2370	279
2371	279
2372	279
2373	279
2374	279
2375	279
2376	279
2377	279
2378	279
2379	279
2380	279
2381	279
2382	279
2383	279
2384	279
2385	279
2386	279
2387	279
2388	279
2389	279
2390	279
2391	279
2392	279
2393	279
2394	279
2395	279
2396	279
2397	279
2398	279
2399	279
2400	279
2401	279
2402	279
2403	279
2404	279
2405	279
2406	279
2407	279
2408	279
2409	279
2410	279
2411	279
2412	279
2413	279
2414	279
2415	279
2416	279
2417	279
2418	279
2419	279
2420	279
2421	279
2422	279
2423	279
2424	279
2425	279
2426	279
2427	279
2428	279
2429	279
2430	279
2431	279
2432	279
2433	279
2434	279
2435	279
2436	279
2437	279
2438	279
2439	279
2440	279
2441	279
2442	279
2443	279
2444	279
2445	279
2446	279
2447	279
2448	279
2449	279
2450	279
2451	279
2452	279
2453	279
2454	279
2455	279
2456	279
2457	279
2458	279
2459	279
2460	279
2461	279
2462	279
2463	279
2464	279
2465	279
2466	279
2467	279
2468	279
2469	279
2470	279
2471	279
2472	279
2473	279
2474	279
2475	279
2476	279
2477	279
2478	279
2479	279
2480	279
2481	279
2482	279
2483	279
2484	279
2485	279
2486	279
2487	279
2488	279
2489	279
2490	279
2491	279
2492	279
2493	279
2494	279
2495	279
2496	279
2497	279
2498	279
2499	279
2500	279
2501	279
2502	279
2503	279
2504	279
2505	279
2506	279
2507	279
2508	279
2509	279
2510	279
2511	279
2512	279
2513	279
2514	279
2515	279
2516	279
2517	279
2518	279
2519	279
2520	279
2521	279
2522	279
2523	279
2524	279
2525	279
2526	279
2527	279
2528	279
2529	279
2530	279
2531	279
2532	279
2533	279
2534	279
2535	279
2536	279
2537	279
2538	279
2539	279
2540	279
2541	279
2542	279
2543	279
2544	279
2545	279
2546	279
2547	279
2548	279
2549	279
2550	279
2551	279
2552	279
2553	279
2554	279
2555	279
2556	279
2557	279
2558	279
2559	279
2560	279
2561	279
2562	279
2563	279
2564	279
2565	279
2566	279
2567	279
2568	279
2569	279
2570	279
2571	279
2572	279
2573	279
2574	279
2575	279
2576	279
2577	279
2578	279
2579	279
2580	279
2581	279
2582	279
2583	279
2584	279
2585	279
2586	279
2587	279
2588	279
2589	279
2590	279
2591	279
2592	279
2593	279
2594	279
2595	279
2596	279
2597	279
2598	279
2599	279
2600	279
2601	279
2602	279
2603	279
2604	279
2605	279
2606	279
2607	279
2608	279
2609	279
2610	279
2611	279
2612	279
2613	279
2614	279
2615	279
2616	279
2617	279
2618	279
2619	279
2620	279
2621	279
2622	279
2623	279
2624	279
2625	279
2626	279
2627	279
2628	279
2629	279
2630	279
2631	279
2632	279
2633	279
2634	279
2635	279
2636	279
2637	279
2638	279
2639	279
2640	279
2641	279
2642	279
2643	279
2644	279
2645	279
2646	279
2647	279
2648	279
2649	279
2650	279
2651	279
2652	279
2653	279
2654	279
2655	279
2656	279
2657	279
2658	279
2659	279
2660	279
2661	279
2662	279
2663	279
2664	279
2665	279
2666	279
2667	279
2668	279
2669	279
2670	279
2671	279
2672	279
2673	279
2674	279
2675	279
2676	279
2677	279
2678	279
2679	279
2680	279
2681	279
2682	279
2683	279
2684	279
2685	279
2686	279
2687	279
2688	279
2689	279
2690	279
2691	279
2692	279
2693	279
2694	279
2695	279
2696	279
2697	279
2698	279
2699	279
2700	279
2701	279
2702	279
2703	279
2704	279
2705	279
2706	279
2707	279
2708	279
2709	279
2710	279
2711	279
2712	279
2713	279
2714	279
2715	279
2716	279
2717	279
2718	279
2719	279
2720	279
2721	279
2722	279
2723	279
2724	279
2725	279
2726	279
2727	279
2728	279
2729	279
2730	279
2731	279
2732	279
2733	279
2734	279
2735	279
2736	279
2737	279
2738	279
2739	279
2740	279
2741	279
2742	279
2743	279
2744	279
2745	279
2746	279
2747	279
2748	279
2749	279
2750	279
2751	279
2752	279
2753	279
2754	279
2755	279
2756	279
2757	279
2758	279
2759	279
2760	279
2761	279
2762	279
2763	279
2764	279
2765	279
2766	279
2767	279
2768	279
2769	279
2770	279
2771	279
2772	279
2773	279
2774	279
2775	279
2776	279
2777	279
2778	279
2779	279
2780	279
2781	279
2782	279
2783	279
2784	279
2785	279
2786	279
2787	279
2788	279
2789	279
2790	279
2791	279
2792	279
2793	279
2794	279
2795	279
2796	279
2797	279
2798	279
2799	279
2800	279
2801	279
2802	279
2803	279
2804	279
2805	279
2806	279
2807	279
2808	279
2809	279
2810	279
2811	279
2812	279
2813	279
2814	279
2815	279
2816	279
2817	279
2818	279
2819	279
2820	279
2821	279
2822	279
2823	279
2824	279
2825	279
2826	279
2827	279
2828	279
2829	279
2830	279
2831	279
2832	279
2833	279
2834	279
2835	279
2836	279
2837	279
2838	279
2839	279
2840	279
2841	279
2842	279
2843	279
2844	279
2845	279
2846	279
2847	279
2848	279
2849	279
2850	279
2851	279
2852	279
2853	279
2854	279
2855	279
2856	279
2857	279
2858	279
2859	279
2860	279
2861	279
2862	279
2863	279
2864	279
2865	279
2866	279
2867	279
2868	279
2869	279
2870	279
2871	279
2872	279
2873	279
2874	279
2875	279
2876	279
2877	279
2878	279
2879	279
2880	279
2881	279
2882	279
2883	279
2884	279
2885	279
2886	279
2887	279
2888	279
2889	279
2890	279
2891	279
2892	279
2893	279
2894	279
2895	279
2896	279
2897	279
2898	279
2899	279
2900	279
2901	279
2902	279
2903	279
2904	279
2905	279
2906	279
2907	279
2908	279
2909	279
2910	279
2911	279
2912	279
2913	279
2914	279
2915	279
2916	279
2917	279
2918	279
2919	279
2920	279
2921	279
2922	279
2923	279
2924	279
2925	279
2926	279
2927	279
2928	279
2929	279
2930	279
2931	279
2932	279
2933	279
2934	279
2935	279
2936	279
2937	279
2938	279
2939	279
2940	279
2941	279
2942	279
2943	279
2944	279
2945	279
2946	279
2947	279
2948	279
2949	279
2950	279
2951	279
2952	279
2953	279
2954	279
2955	279
2956	279
2957	279
2958	279
2959	279
2960	279
2961	279
2962	279
2963	279
2964	279
2965	279
2966	279
2967	279
2968	279
2969	279
2970	279
2971	279
2972	279
2973	279
2974	279
2975	279
2976	279
2977	279
2978	279
2979	279
2980	279
2981	279
2982	279
2983	279
2984	279
2985	279
2986	279
2987	279
2988	279
2989	279
2990	279
2991	279
2992	279
2993	279
2994	279
2995	279
2996	279
2997	279
2998	279
2999	279
3000	279
3001	279
3002	279
3003	279
3004	279
3005	279
3006	279
3007	279
3008	279
3009	279
3010	279
3011	279
3012	279
3013	279
3014	279
3015	279
3016	279
3017	279
3018	279
3019	279
3020	279
3021	279
3022	279
3023	279
3024	279
3025	279
3026	279
3027	279
3028	279
3029	279
3030	279
3031	279
3032	279
3033	279
3034	279
3035	279
3036	279
3037	279
3038	279
3039	279
3040	279
3041	279
3042	279
3043	279
3044	279
3045	279
3046	279
3047	279
3048	279
3049	279
3050	279
3051	279
3052	279
3053	279
3054	279
3055	279
3056	279
3057	279
3058	279
3059	279
3060	279
3061	279
3062	279
3063	279
3064	279
3065	279
3066	279
3067	279
3068	279
3069	279
3070	279
3071	279
3072	279
3073	279
3074	279
3075	279
3076	279
3077	279
3078	279
3079	279
3080	279
3081	279
3082	279
3083	279
3084	279
3085	279
3086	279
3087	279
3088	279
3089	279
3090	279
3091	279
3092	279
3093	279
3094	279
3095	279
3096	279
3097	279
3098	279
3099	279
3100	279
3101	279
3102	279
3103	279
3104	279
3105	279
3106	279
3107	279
3108	279
3109	279
3110	279
3111	279
3112	279
3113	279
3114	279
3115	279
3116	279
3117	279
3118	279
3119	279
3120	279
3121	279
3122	279
3123	279
3124	279
3125	279
3126	279
3127	279
3128	279
3129	279
3130	279
3131	279
3132	279
3133	279
3134	279
3135	279
3136	279
3137	279
3138	279
3139	279
3140	279
3141	279
3142	279
3143	279
3144	279
3145	279
3146	279
3147	279
3148	279
3149	279
3150	279
3151	279
3152	279
3153	279
3154	279
3155	279
3156	279
3157	279
3158	279
3159	279
3160	279
3161	279
3162	279
3163	279
3164	279
3165	279
3166	279
3167	279
3168	279
3169	279
3170	279
3171	279
3172	279
3173	279
3174	279
3175	279
3176	279
3177	279
3178	279
3179	279
3180	279
3181	279
3182	279
3183	279
3184	279
3185	279
3186	279
3187	279
3188	279
3189	279
3190	279
3191	279
3192	279
3193	279
3194	279
3195	279
3196	279
3197	279
3198	279
3199	279
3200	279
3201	279
3202	279
3203	279
3204	279
3205	279
3206	279
3207	279
3208	279
3209	279
3210	279
3211	279
3212	279
3213	280
3214	280
3215	280
3216	280
3217	280
3218	280
3219	280
3220	280
3221	280
3222	280
3223	280
3224	280
3225	280
3226	280
3227	280
3228	280
3229	280
3230	280
3231	280
3232	280
3233	280
3234	280
3235	280
3236	280
3237	280
3238	280
3239	280
3240	280
3241	280
3242	280
3243	280
3244	280
3245	280
3246	280
3247	280
3248	280
3249	280
3250	280
3251	280
3252	280
3253	280
3254	280
3255	280
3256	280
3257	280
3258	280
3259	280
3260	280
3261	280
3262	280
3263	280
3264	280
3265	280
3266	280
3267	280
3268	280
3269	280
3270	280
3271	280
3272	280
3273	280
3274	280
3275	280
3276	280
3277	280
3278	280
3279	280
3280	280
3281	280
3282	280
3283	280
3284	280
3285	280
3286	280
3287	280
3288	280
3289	280
3290	280
3291	280
3292	280
3293	280
3294	280
3295	280
3296	280
3297	280
3298	280
3299	280
3300	280
3301	280
3302	280
3303	280
3304	280
3305	280
3306	280
3307	280
3308	280
3309	280
3310	280
3311	280
3312	280
3313	280
3314	280
3315	280
3316	280
3317	280
3318	280
3319	280
3320	280
3321	280
3322	280
3323	280
3324	280
3325	280
3326	280
3327	280
3328	280
3329	280
3330	280
3331	280
3332	280
3333	280
3334	280
3335	280
3336	280
3337	280
3338	280
3339	280
3340	280
3341	280
3342	280
3343	280
3344	280
3345	280
3346	280
3347	280
3348	280
3349	280
3350	280
3351	280
3352	280
3353	280
3354	280
3355	280
3356	280
3357	280
3358	280
3359	280
3360	280
3361	280
3362	280
3363	280
3364	280
3365	280
3366	280
3367	280
3368	280
3369	280
3370	280
3371	280
3372	280
3373	280
3374	280
3375	280
3376	280
3377	280
3378	280
3379	280
3380	280
3381	280
3382	280
3383	280
3384	280
3385	280
3386	280
3387	280
3388	280
3389	280
3390	280
3391	280
3392	280
3393	280
3394	280
3395	280
3396	280
3397	280
3398	280
3399	280
3400	280
3401	280
3402	280
3403	280
3404	280
3405	280
3406	280
3407	280
3408	280
3409	280
3410	280
3411	280
3412	280
3413	280
3414	280
3415	280
3416	280
3417	280
3418	280
3419	280
3420	280
3421	280
3422	280
3423	280
3424	280
3425	280
3426	280
3427	280
3428	280
3429	280
3430	280
3431	280
3432	280
3433	280
3434	280
3435	280
3436	280
3437	280
3438	280
3439	280
3440	280
3441	280
3442	280
3443	280
3444	280
3445	280
3446	280
3447	280
3448	280
3449	280
3450	280
3451	280
3452	280
3453	280
3454	280
3455	280
3456	280
3457	280
3458	280
3459	280
3460	280
3461	280
3462	280
3463	280
3464	280
3465	280
3466	280
3467	280
3468	280
3469	280
3470	280
3471	280
3472	280
3473	280
3474	280
3475	280
3476	280
3477	280
3478	280
3479	280
3480	280
3481	280
3482	280
3483	280
3484	280
3485	280
3486	280
3487	280
3488	280
3489	280
3490	280
3491	280
3492	280
3493	280
3494	280
3495	280
3496	280
3497	280
3498	280
3499	280
3500	280
3501	280
3502	280
3503	280
3504	280
3505	280
3506	280
3507	280
3508	280
3509	280
3510	280
3511	280
3512	280
3513	280
3514	280
3515	280
3516	280
3517	280
3518	280
3519	280
3520	280
3521	280
3522	280
3523	280
3524	280
3525	280
3526	280
3527	280
3528	280
3529	280
3530	280
3531	280
3532	280
3533	280
3534	280
3535	280
3536	280
3537	280
3538	280
3539	280
3540	280
3541	280
3542	280
3543	280
3544	280
3545	280
3546	280
3547	280
3548	280
3549	280
3550	280
3551	280
3552	280
3553	280
3554	280
3555	280
3556	280
3557	280
3558	280
3559	280
3560	280
3561	280
3562	280
3563	280
3564	280
3565	280
3566	280
3567	280
3568	280
3569	280
3570	280
3571	280
3572	280
3573	280
3574	280
3575	280
3576	280
3577	280
3578	280
3579	280
3580	280
3581	280
3582	280
3583	280
3584	280
3585	280
3586	280
3587	280
3588	280
3589	280
3590	280
3591	280
3592	280
3593	280
3594	280
3595	280
3596	280
3597	280
3598	280
3599	280
3600	280
3601	280
3602	280
3603	280
3604	280
3605	280
3606	280
3607	280
3608	280
3609	280
3610	280
3611	280
3612	280
3613	280
3614	280
3615	280
3616	280
3617	280
3618	280
3619	280
3620	280
3621	280
3622	280
3623	280
3624	280
3625	280
3626	280
3627	280
3628	280
3629	280
3630	280
3631	280
3632	280
3633	280
3634	280
3635	280
3636	280
3637	280
3638	280
3639	280
3640	280
3641	280
3642	280
3643	280
3644	280
3645	280
3646	280
3647	280
3648	280
3649	280
3650	280
3651	280
3652	280
3653	280
3654	280
3655	280
3656	280
3657	280
3658	280
3659	280
3660	280
3661	280
3662	280
3663	280
3664	280
3665	280
3666	280
3667	280
3668	280
3669	280
3670	280
3671	280
3672	280
3673	280
3674	280
3675	280
3676	280
3677	280
3678	280
3679	280
3680	280
3681	280
3682	280
3683	280
3684	280
3685	280
3686	280
3687	280
3688	280
3689	280
3690	280
3691	280
3692	280
3693	280
3694	280
3695	280
3696	280
3697	280
3698	280
3699	280
3700	280
3701	280
3702	280
3703	280
3704	280
3705	280
3706	280
3707	280
3708	280
3709	280
3710	280
3711	280
3712	280
3713	280
3714	280
3715	280
3716	280
3717	280
3718	280
3719	280
3720	280
3721	280
3722	280
3723	280
3724	280
3725	280
3726	280
3727	280
3728	280
3729	280
3730	280
3731	280
3732	280
3733	280
3734	280
3735	280
3736	280
3737	280
3738	280
3739	280
3740	280
3741	280
3742	280
3743	280
3744	280
3745	280
3746	280
3747	280
3748	280
3749	280
3750	280
3751	280
3752	280
3753	280
3754	280
3755	280
3756	280
3757	280
3758	280
3759	280
3760	280
3761	280
3762	280
3763	280
3764	280
3765	280
3766	280
3767	280
3768	280
3769	280
3770	280
3771	280
3772	280
3773	280
3774	280
3775	280
3776	280
3777	280
3778	280
3779	280
3780	280
3781	280
3782	280
3783	280
3784	280
3785	280
3786	280
3787	280
3788	280
3789	280
3790	280
3791	280
3792	280
3793	280
3794	280
3795	280
3796	280
3797	280
3798	280
3799	280
3800	280
3801	280
3802	280
3803	280
3804	280
3805	280
3806	280
3807	280
3808	280
3809	280
3810	280
3811	280
3812	280
3813	280
3814	280
3815	280
3816	280
3817	280
3818	280
3819	280
3820	280
3821	280
3822	280
3823	280
3824	280
3825	280
3826	280
3827	280
3828	280
3829	280
3830	280
3831	280
3832	280
3833	280
3834	280
3835	280
3836	280
3837	280
3838	280
3839	280
3840	280
3841	280
3842	280
3843	280
3844	280
3845	280
3846	280
3847	280
3848	280
3849	280
3850	280
3851	280
3852	280
3853	280
3854	280
3855	280
3856	280
3857	280
3858	280
3859	280
3860	280
3861	280
3862	280
3863	280
3864	280
3865	280
3866	280
3867	280
3868	280
3869	280
3870	280
3871	280
3872	280
3873	280
3874	280
3875	280
3876	280
3877	280
3878	280
3879	280
3880	280
3881	280
3882	280
3883	280
3884	280
3885	280
3886	280
3887	280
3888	280
3889	280
3890	280
3891	280
3892	280
3893	280
3894	280
3895	280
3896	280
3897	280
3898	280
3899	280
3900	280
3901	280
3902	280
3903	280
3904	280
3905	280
3906	280
3907	280
3908	280
3909	280
3910	280
3911	280
3912	280
3913	280
3914	280
3915	280
3916	280
3917	280
3918	280
3919	280
3920	280
3921	280
3922	280
3923	280
3924	280
3925	280
3926	280
3927	280
3928	280
3929	280
3930	280
3931	280
3932	280
3933	280
3934	280
3935	280
3936	280
3937	280
3938	280
3939	280
3940	280
3941	280
3942	280
3943	280
3944	280
3945	280
3946	280
3947	280
3948	280
3949	280
3950	280
3951	280
3952	280
3953	280
3954	280
3955	280
3956	280
3957	280
3958	280
3959	280
3960	280
3961	280
3962	280
3963	280
3964	280
3965	280
3966	280
3967	280
3968	280
3969	280
3970	280
3971	280
3972	280
3973	280
3974	280
3975	280
3976	280
3977	280
3978	280
3979	280
3980	280
3981	280
3982	280
3983	280
3984	280
3985	280
3986	280
3987	280
3988	280
3989	280
3990	280
3991	280
3992	280
3993	280
3994	280
3995	280
3996	280
3997	280
3998	280
3999	280
4000	280
4001	280
4002	280
4003	280
4004	280
4005	280
4006	280
4007	280
4008	280
4009	280
4010	280
4011	280
4012	280
4013	280
4014	280
4015	280
4016	280
4017	280
4018	280
4019	280
4020	280
4021	280
4022	280
4023	280
4024	280
4025	280
4026	280
4027	280
4028	280
4029	280
4030	280
4031	280
4032	280
4033	280
4034	280
4035	280
4036	280
4037	280
4038	280
4039	280
4040	280
4041	280
4042	280
4043	280
4044	280
4045	280
4046	280
4047	280
4048	280
4049	280
4050	280
4051	280
4052	280
4053	280
4054	280
4055	280
4056	280
4057	280
4058	280
4059	280
4060	280
4061	280
4062	280
4063	280
4064	280
4065	280
4066	280
4067	280
4068	280
4069	280
4070	280
4071	280
4072	280
4073	280
4074	280
4075	280
4076	280
4077	280
4078	280
4079	280
4080	280
4081	280
4082	280
4083	280
4084	280
4085	280
4086	280
4087	280
4088	280
4089	280
4090	280
4091	280
4092	280
4093	280
4094	280
4095	280
4096	280
4097	280
4098	280
4099	280
4100	280
4101	280
4102	280
4103	280
4104	280
4105	280
4106	280
4107	280
4108	280
4109	280
4110	280
4111	280
4112	280
4113	280
4114	280
4115	280
4116	280
4117	280
4118	280
4119	280
4120	280
4121	280
4122	280
4123	280
4124	280
4125	280
4126	280
4127	280
4128	280
4129	280
4130	280
4131	280
4132	280
4133	280
4134	280
4135	280
4136	280
4137	280
4138	280
4139	280
4140	280
4141	280
4142	280
4143	280
4144	280
4145	280
4146	280
4147	280
4148	280
4149	280
4150	280
4151	280
4152	280
4153	280
4154	280
4155	280
4156	280
4157	280
4158	280
4159	280
4160	280
4161	280
4162	280
4163	280
4164	280
4165	280
4166	280
4167	280
4168	280
4169	280
4170	280
4171	280
4172	280
4173	280
4174	280
4175	280
4176	280
4177	280
4178	280
4179	280
4180	280
4181	280
4182	280
4183	280
4184	280
4185	280
4186	280
4187	280
4188	280
4189	280
4190	280
4191	280
4192	280
4193	280
4194	280
4195	280
4196	280
4197	280
4198	280
4199	280
4200	280
4201	280
4202	280
4203	280
4204	280
4205	280
4206	280
4207	280
4208	280
4209	280
4210	280
4211	280
4212	280
4213	280
4214	280
4215	280
4216	280
4217	280
4218	280
4219	280
4220	280
4221	280
4222	280
4223	280
4224	280
4225	280
4226	280
4227	280
4228	280
4229	280
4230	280
4231	280
4232	280
4233	280
4234	280
4235	280
4236	280
4237	280
4238	280
4239	280
4240	280
4241	280
4242	280
4243	280
4244	280
4245	280
4246	280
4247	280
4248	280
4249	280
4250	280
4251	280
4252	280
4253	280
4254	280
4255	280
4256	280
4257	280
4258	280
4259	280
4260	280
4261	280
4262	280
4263	280
4264	280
4265	280
4266	280
4267	280
4268	280
4269	280
4270	280
4271	280
4272	280
4273	280
4274	280
4275	280
4276	280
4277	280
4278	280
4279	280
4280	280
4281	280
4282	280
4283	280
4284	280
4285	280
4286	280
4287	280
4288	280
4289	280
4290	280
4291	280
4292	280
4293	280
4294	280
4295	280
4296	280
4297	280
4298	280
4299	280
4300	280
4301	280
4302	280
4303	280
4304	280
4305	280
4306	280
4307	280
4308	280
4309	280
4310	280
4311	280
4312	280
4313	280
4314	280
4315	280
4316	280
4317	280
4318	280
4319	280
4320	280
4321	280
4322	280
4323	280
4324	280
4325	280
4326	280
4327	280
4328	280
4329	280
4330	280
4331	280
4332	280
4333	280
4334	280
4335	280
4336	280
4337	280
4338	280
4339	280
4340	280
4341	280
4342	280
4343	280
4344	280
4345	280
4346	280
4347	280
4348	280
4349	280
4350	280
4351	280
4352	280
4353	280
4354	280
4355	280
4356	280
4357	280
4358	280
4359	280
4360	280
4361	280
4362	280
4363	280
4364	280
4365	280
4366	280
4367	280
4368	280
4369	280
4370	280
4371	280
4372	280
4373	280
4374	280
4375	280
4376	280
4377	280
4378	280
4379	280
4380	280
4381	280
4382	280
4383	280
4384	280
4385	280
4386	280
4387	280
4388	280
4389	280
4390	280
4391	280
4392	280
4393	280
4394	280
4395	280
4396	280
4397	280
4398	280
4399	280
4400	280
4401	280
4402	280
4403	280
4404	280
4405	280
4406	280
4407	280
4408	280
4409	280
4410	280
4411	280
4412	280
4413	280
4414	280
4415	280
4416	280
4417	280
4418	280
4419	280
4420	280
4421	280
4422	280
4423	280
4424	280
4425	280
4426	280
4427	280
4428	280
4429	280
4430	280
4431	280
4432	280
4433	280
4434	280
4435	280
4436	280
4437	280
4438	280
4439	280
4440	280
4441	280
4442	280
4443	280
4444	280
4445	280
4446	280
4447	280
4448	280
4449	280
4450	280
4451	280
4452	280
4453	280
4454	280
4455	280
4456	280
4457	280
4458	280
4459	280
4460	280
4461	280
4462	280
4463	280
4464	280
4465	280
4466	280
4467	280
4468	280
4469	280
4470	280
4471	280
4472	280
4473	280
4474	280
4475	280
4476	280
4477	280
4478	280
4479	280
4480	280
4481	280
4482	280
4483	280
4484	280
4485	280
4486	280
4487	280
4488	280
4489	280
4490	280
4491	280
4492	280
4493	280
4494	280
4495	280
4496	280
4497	280
4498	280
4499	280
4500	280
4501	280
4502	280
4503	280
4504	280
4505	280
4506	280
4507	280
4508	280
4509	280
4510	280
4511	280
4512	280
4513	280
4514	280
4515	280
4516	280
4517	280
4518	280
4519	280
4520	280
4521	280
4522	280
4523	280
4524	280
4525	280
4526	280
4527	280
4528	280
4529	280
4530	280
4531	280
4532	280
4533	280
4534	280
4535	280
4536	280
4537	280
4538	280
4539	280
4540	280
4541	280
4542	280
4543	280
4544	280
4545	280
4546	280
4547	280
4548	280
4549	280
4550	280
4551	280
4552	280
4553	280
4554	280
4555	280
4556	280
4557	280
4558	280
4559	280
4560	280
4561	280
4562	280
4563	280
4564	280
4565	280
4566	280
4567	280
4568	280
4569	280
4570	280
4571	280
4572	280
4573	280
4574	280
4575	280
4576	280
4577	280
4578	280
4579	280
4580	280
4581	280
4582	280
4583	280
4584	280
4585	280
4586	280
4587	280
4588	280
4589	280
4590	280
4591	280
4592	280
4593	280
4594	280
4595	280
4596	280
4597	280
4598	280
4599	280
4600	280
4601	280
4602	280
4603	280
4604	280
4605	280
4606	280
4607	280
4608	280
4609	280
4610	280
4611	280
4612	280
4613	280
4614	280
4615	280
4616	280
4617	280
4618	280
4619	280
4620	280
4621	280
4622	280
4623	280
4624	280
4625	280
4626	280
4627	280
4628	280
4629	280
4630	280
4631	280
4632	280
4633	280
4634	280
4635	280
4636	280
4637	280
4638	280
4639	280
4640	280
4641	280
4642	280
4643	280
4644	280
4645	280
4646	280
4647	280
4648	280
4649	280
4650	280
4651	280
4652	280
4653	280
4654	280
4655	280
4656	280
4657	280
4658	280
4659	280
4660	280
4661	280
4662	280
4663	280
4664	280
4665	280
4666	280
4667	280
4668	280
4669	280
4670	280
4671	280
4672	280
4673	280
4674	280
4675	280
4676	280
4677	280
4678	280
4679	280
4680	280
4681	280
4682	280
4683	280
4684	280
4685	280
4686	280
4687	280
4688	280
4689	280
4690	280
4691	280
4692	280
4693	280
4694	280
4695	280
4696	280
4697	280
4698	280
4699	280
4700	280
4701	280
4702	280
4703	280
4704	280
4705	280
4706	280
4707	280
4708	280
4709	280
4710	280
4711	280
4712	280
4713	280
4714	280
4715	280
4716	280
4717	280
4718	280
4719	280
4720	280
4721	280
4722	280
4723	280
4724	280
4725	280
4726	280
4727	280
4728	280
4729	280
4730	280
4731	280
4732	280
4733	280
4734	280
4735	280
4736	280
4737	280
4738	280
4739	280
4740	280
4741	280
4742	280
4743	280
4744	280
4745	280
4746	280
4747	280
4748	280
4749	280
4750	280
4751	280
4752	280
4753	280
4754	280
4755	280
4756	280
4757	280
4758	280
4759	280
4760	280
4761	280
4762	280
4763	280
4764	280
4765	280
4766	280
4767	280
4768	280
4769	280
4770	280
4771	280
4772	280
4773	280
4774	280
4775	280
4776	280
4777	280
4778	280
4779	280
4780	280
4781	280
4782	280
4783	280
4784	280
4785	280
4786	280
4787	280
4788	280
4789	280
4790	280
4791	280
4792	280
4793	280
4794	280
4795	280
4796	280
4797	280
4798	280
4799	280
4800	280
4801	280
4802	280
4803	280
4804	280
4805	280
4806	280
4807	280
4808	280
4809	280
4810	280
4811	280
4812	280
4813	280
4814	280
4815	280
4816	280
4817	280
4818	280
4819	280
4820	280
4821	280
4822	280
4823	280
4824	280
4825	280
4826	280
4827	280
4828	280
4829	280
4830	280
4831	280
4832	280
4833	280
4834	280
4835	280
4836	280
4837	280
4838	280
4839	280
4840	280
4841	280
4842	280
4843	280
4844	280
4845	280
4846	280
4847	280
4848	280
4849	280
4850	280
4851	280
4852	280
4853	280
4854	280
4855	280
4856	280
4857	280
4858	280
4859	280
4860	280
4861	280
4862	280
4863	280
4864	280
4865	280
4866	280
4867	280
4868	280
4869	280
4870	280
4871	280
4872	280
4873	280
4874	280
4875	280
4876	280
4877	280
4878	280
4879	280
4880	280
4881	280
4882	280
4883	280
4884	280
4885	280
4886	280
4887	280
4888	280
4889	280
4890	280
4891	280
4892	280
4893	280
4894	280
4895	280
4896	280
4897	280
4898	280
4899	280
4900	280
4901	280
4902	280
4903	280
4904	280
4905	280
4906	280
4907	280
4908	280
4909	280
4910	280
4911	280
4912	280
4913	280
4914	280
4915	280
4916	280
4917	280
4918	280
4919	280
4920	280
4921	280
4922	280
4923	280
4924	280
4925	280
4926	280
4927	280
4928	280
4929	280
4930	280
4931	280
4932	280
4933	280
4934	280
4935	280
4936	280
4937	280
4938	280
4939	280
4940	280
4941	280
4942	280
4943	280
4944	280
4945	280
4946	280
4947	280
4948	280
4949	280
4950	280
4951	280
4952	280
4953	280
4954	280
4955	280
4956	280
4957	280
4958	280
4959	280
4960	280
4961	280
4962	280
4963	280
4964	280
4965	280
4966	280
4967	280
4968	280
4969	280
4970	280
4971	280
4972	280
4973	280
4974	280
4975	280
4976	280
4977	280
4978	280
4979	280
4980	280
4981	280
4982	280
4983	280
4984	280
4985	280
4986	280
4987	280
4988	280
4989	280
4990	280
4991	280
4992	280
4993	280
4994	280
4995	280
4996	280
4997	280
4998	280
4999	280

