4.535201490869346652e-01
2.878834509999559921e-01
4.645642138983752112e-02
9.683616123298267875e-02
2.907721101938225416e-01
2.939845197602876103e-01
1.686756875497678609e-01
-1.211985929516013333e-01
6.183167972859245770e-02
6.926010177101218912e-02
-5.651484552461013416e-02
-3.401720010577626296e-01
-2.488843787333571145e-01
-5.588107354752500783e-02
-6.974172169820072598e-02
-3.375309400711021257e-01
1.239631591707594099e-02
8.858663138968662920e-02
4.091138932234351655e-01
-2.749364437743331835e-01
-3.692360629750807699e-01
-2.660956976045053546e-01
1.922019381461848309e-01
3.557270125552571272e-01
6.308268955727963645e-01
5.370918151357415571e-01
4.785520649926696124e-01
4.793674257884982803e-01
8.741901306767184410e-02
-9.292674227047038882e-02
-2.625387935643362369e-01
-3.730510975581209920e-01
-2.351344569596391654e-01
-5.132068736184173252e-01
-3.870865356934862778e-01
-4.228604695169168592e-01
-5.327307867831699850e-01
1.267597114595306884e-01
-3.928205223766664811e-02
-9.212140377324724849e-02
-3.088694970264896367e-01
-5.221922308771772547e-01
-6.785065716353627652e-01
-4.720699652075773800e-01
-2.934010135525518329e-02
-6.945753645792651643e-02
-1.556500014976310020e-01
3.214807665708765416e-01
2.560017449852839966e-01
-3.593947325031505158e-01
1.936390695596313105e-01
1.538288914642624294e-01
-1.183817329890203135e-01
-2.447913700361803169e-01
-3.303563492153343550e-01
-5.344914418851217514e-02
1.393736522973809955e-01
-8.514833820333433945e-02
4.125135524926033526e-01
5.831274501678080924e-01
3.771282459042893942e-01
1.814942582784757619e-01
-1.815544533028413260e-02
-4.839292238325088036e-01
-2.038051860163806739e-01
-2.098496828680925241e-01
2.846077416371514332e-02
-2.209926368967193508e-02
4.201548193314573812e-03
-4.729632851580192060e-02
-2.000634948192106244e-01
-1.676598257874836462e-01
-2.783445894237514540e-01
-2.200016098710304291e-01
-5.333251914900739576e-01
-4.887850707053419397e-01
-5.767966603756500277e-01
-1.955448318281171605e-01
-3.211920731413575036e-01
5.347026232717430605e-02
-9.191519640319686935e-02
2.129038372573294757e-01
1.452892262325227758e-02
9.882611517055647776e-03
-2.346390082332984461e-01
1.826661444723539640e-01
1.909932953860691840e-01
-8.078508911048595809e-03
-4.018516181475249582e-01
1.824693019371600167e-01
-9.202251582421780776e-03
-1.367761054678522936e-01
-4.008318255165054800e-01
-6.321814261978815352e-01
-2.734438353233528129e-01
-3.759499914151427924e-01
-2.890544575520287429e-01
-1.172139191472669206e-01
2.390698968579348365e-03
-2.157928872963742473e-01
-2.509753858927989967e-01
-2.605860057291514709e-01
-5.192403967073009330e-01
9.293530574622652779e-03
-3.615517138297799637e-02
-2.194360925938970697e-01
-4.039385742884878949e-01
-1.613650902606716953e-01
-2.776129662309068102e-01
-9.848186195010747226e-04
1.014715908069430128e-02
-5.687042861075361500e-02
-1.320420688704899148e-01
-7.327095292944144078e-02
-2.808555697400004214e-01
-1.194408237080906987e-01
-4.463861020791108358e-01
-4.784670975056739550e-01
-1.422011522754504376e-01
-9.969697178549301320e-02
-4.924444042780394826e-01
-5.095551988812619948e-01
-7.808195311783053261e-02
-5.901729358736396147e-01
-5.001136497041777096e-01
-4.780176973893767722e-01
-3.707451012580543215e-01
-6.157532729395062132e-01
-5.563033649801536473e-01
-5.035501525950757395e-01
-2.464936874107766518e-01
-4.428896764504222650e-01
-6.380363384201831467e-01
2.960957955051110035e-01
2.976191070006599659e-01
2.388312829915507085e-01
7.850007927548602327e-02
-2.437939178595408818e-01
-1.065062325082211658e-01
-2.647092351016412382e-01
-2.674193552744588351e-02
-2.816796174879455661e-01
-5.212889471486589071e-02
-2.022809116820300790e-01
1.609934644320781261e-01
-5.989081507967647378e-02
7.378424999007525409e-02
-2.767916234239241047e-01
-1.765331219334648483e-01
-2.856781873926139692e-01
-1.154144849610710954e-01
3.106142453407132464e-01
4.713539336437272964e-01
2.434040506989015862e-01
3.684964850056091090e-01
1.625523813915161209e-01
2.988208981540957376e-01
-1.947902350974417551e-01
8.410498732295568214e-02
4.576871961304421199e-01
7.790803776515311529e-01
6.625145014646409702e-01
7.032524144685377010e-01
7.137935457236990189e-01
7.748586344547007121e-01
6.181558292470894500e-01
3.652704130383715997e-01
7.419434766736475728e-01
6.203365800458444657e-01
5.104037193893729007e-01
4.625553281147106177e-01
3.207267693925689445e-01
5.477073335437200319e-01
-2.318774051265506606e-02
4.206194926659739819e-01
1.983078843945398906e-01
1.442671076829038224e-01
-5.064949744903082113e-02
7.743398820212414602e-02
1.117708174661499743e-01
-1.221792738665259184e-02
1.441876871257058781e-02
4.736164502148743627e-01
3.462563089560441454e-01
5.707939819504886936e-01
-5.550491948711783023e-03
9.379706829683281955e-02
5.637522867436220442e-02
4.094367447900129631e-01
1.606392662000634686e-01
-7.933177599865484653e-02
1.011020016768794660e-01
3.118272984378998580e-01
6.734650531167242493e-02
3.888342731452269496e-01
6.977150060934214637e-02
3.340743412265851503e-02
1.493999260802467664e-02
4.950568312877075272e-02
-4.656140436756260326e-01
-1.754114985959937256e-01
-7.273642637373857467e-02
1.480744196315426919e-01
5.955433743277596115e-01
3.694327220450056570e-01
4.139311318111771887e-01
5.316235877410777633e-01
5.539110747145944424e-01
-2.138252108884220459e-01
-5.110397705317425848e-02
-1.594088608176921218e-01
-4.554172963847942235e-01
-3.848576922366558906e-01
-2.752163481805546263e-01
5.549027589086177881e-02
-8.698001687987147457e-02
-6.259785368848697074e-02
-3.850577707086592083e-01
-2.481855755530652519e-01
-4.880949605331148522e-01
-1.644657919345107466e-01
-4.798469701973553381e-01
-2.911926410096397633e-01
2.378955727242277607e-01
1.433960738766201781e-01
3.428109505068394069e-02
1.220134634791330552e-01
-2.541488012953691533e-01
-2.489736539171513441e-01
-3.037527423166088703e-01
-4.069256095168858889e-01
-3.933299123835297673e-01
-4.426781441588439892e-01
-3.614576867257262571e-01
-5.464550970830349685e-01
-2.909090012645053069e-01
-4.261610821516543246e-01
-4.005051659358982441e-01
-1.976976353353413624e-02
-2.985245273252836729e-01
2.597267205068181650e-01
-1.155573360757227858e-01
-4.097901974917433909e-02
2.983211642955972964e-01
1.656852852951209154e-01
1.852263394247503359e-01
2.091246703964904086e-01
4.244518803354804248e-01
7.773090216976875910e-02
3.084196025196782043e-01
4.296331460976905992e-01
2.763755541421595296e-01
3.562651419195995151e-01
4.428490573021854337e-01
2.919885485051271212e-01
3.604029555409926644e-01
1.136667782103881058e-01
3.321323847191797740e-01
-3.482344607587328222e-01
-2.966284245683083187e-02
-1.593179969877265567e-01
-1.379649379117332542e-01
-1.593728612661804989e-01
1.482043434813639649e-01
3.834935274470546163e-01
5.192974496486640890e-01
1.329526167088083133e-01
1.125546166899420025e-01
2.200937278868879410e-02
3.420991660189901529e-01
-2.551573683876699403e-02
1.183428692635622725e-01
-1.545061370325572225e-01
7.710504513537402849e-02
-9.676037383405078351e-02
-1.407013362526491895e-01
1.633202470444344301e-01
1.613715368048341259e-01
-3.617064914060769132e-02
2.891537724552403765e-01
3.774270346333712389e-01
-2.328657130648051007e-02
2.153982076331308615e-01
5.029986342618694012e-02
-1.850822835712815848e-02
-9.823171881316504483e-02
4.066118421741774652e-02
-4.653542603107905240e-01
-2.497170521612942784e-01
-2.355786440446819840e-01
-2.078564621405822391e-02
1.261556609786076283e-02
-2.616553548959578701e-01
-3.857824244176615291e-01
-3.655820952932469781e-01
-1.754957047571689410e-01
-1.349912060490170984e-01
-5.402200554702151214e-01
-1.810422083223995893e-01
4.387047695899581878e-02
1.160246422066370520e-01
-8.300516351801151549e-02
-2.491996761825646944e-01
-2.493623172823012379e-01
2.208018876820087850e-01
-3.916750595401225638e-02
-2.690251210365547374e-01
3.163279745438921792e-02
-2.107858036431677073e-01
-1.827320776990914164e-01
-2.153429157615099621e-01
-2.411230496965101888e-01
1.535369964676211452e-01
2.038336915818656503e-01
2.967539108322257008e-02
5.793318374799021758e-02
2.062618871383947172e-01
1.687474446130491912e-01
6.730467110121939045e-02
-2.666794445651482492e-01
-4.048582150141415426e-01
-2.960900847221921706e-01
1.903648402176720891e-02
-2.796360715227173485e-02
-2.879264826012554734e-01
-4.035234838021893311e-01
-1.800600681190572538e-01
1.140428178977240525e-01
-2.745975950000701937e-01
-2.912218924679819132e-01
-3.128054925331902880e-01
-6.258494625437120706e-02
-2.057874014838367016e-01
-3.777894918925702727e-01
-4.264638275333360595e-01
-1.458009550766746765e-01
-2.418264734485869316e-01
-3.158733249854364100e-01
-2.816782294214362770e-01
-3.149772094263639799e-01
9.526396508569796862e-02
1.461349710970875626e-01
1.090281106332244843e-01
-3.038687896274651704e-02
-1.893623167092146620e-01
-1.106558823290796773e-01
-1.185058810596571893e-01
-4.834911573487172820e-01
-4.469692511357916676e-01
-5.397909191146420538e-01
1.835787237467080002e-01
-2.607003540552132459e-01
-1.476500634134652323e-01
-7.855057670586805540e-02
-4.345426998146113134e-02
-7.607550264546339425e-02
-2.409560847244461845e-01
-3.896678514936459115e-01
-1.721639517945627584e-01
-1.666255975102048370e-01
-4.155583536700490632e-01
-3.159290834347415755e-01
-6.285845924464230627e-01
-3.397442929851097748e-01
-5.802687205046338503e-01
-1.299342589381083379e-01
-3.063101422872691049e-01
-3.940014276406886284e-01
-3.516308250822011705e-01
-5.220248043615325351e-01
-2.027532654842286175e-01
-5.818544888332987108e-01
-5.432936355647600690e-01
-3.991368853377905146e-01
-6.821209134786837547e-01
-2.432071576259180468e-01
-2.099188799122571614e-01
7.123474394602233306e-02
-1.481719095457827429e-01
-4.806104250822248319e-02
2.410054622038646788e-01
4.898690386176564604e-01
3.049777962426415412e-01
1.868016921541057751e-01
1.293958797111289527e-01
-1.064572739936257978e-01
-1.163156653305732480e-01
8.517461831739303602e-02
1.003958394693255513e-01
1.594600352931844489e-01
5.524731153060796762e-01
3.991286441193146461e-01
2.220476415432770245e-01
2.284806997060684353e-01
2.275935844443497391e-01
6.470157845999747748e-01
6.664779459081353608e-01
7.170634194583348497e-01
8.851792689951571980e-01
3.075003337697458927e-01
9.505675308361120068e-01
5.955276196602263816e-01
7.686547767349474203e-01
6.649388249619609947e-01
8.689024003937999563e-01
7.953546159856059727e-01
6.176903523579105881e-01
3.614701983527741636e-01
7.322279693335632667e-01
5.931615269591000716e-01
6.689769035659466345e-01
5.418818932290119239e-01
5.423794284990132164e-01
3.772115727224860660e-01
7.548826563625223862e-01
6.324396974394478343e-01
5.435114846884275819e-01
3.709329933774019872e-01
6.406622288692959133e-01
2.120420726187170202e-01
3.180977274249306430e-01
4.572748212932412626e-01
4.913003719205343289e-01
5.585947991130956608e-02
3.803822374938612416e-01
4.175137174854442329e-02
-4.155681319359631753e-02
-9.031927842345997826e-02
2.322802657273547178e-01
1.234337870953103045e-01
7.986093177687503264e-02
1.567435092905452576e-01
-1.667486755901261830e-01
2.684952186509437233e-01
-4.823049695675432624e-02
4.399760630130794548e-01
4.553557448939845043e-01
3.781745586457646024e-01
1.845550905882231141e-01
8.915500202025927745e-02
2.253899755255305559e-01
1.860298413274160123e-01
2.765101364431122311e-01
2.226732877968937707e-01
3.727623885690520833e-01
2.743656779037040860e-01
1.662481561659330809e-01
-4.155836373976273118e-02
7.005643435248061490e-02
-7.897908441801611279e-02
2.845063210440369472e-01
7.070053529272105619e-01
3.065718004217354298e-01
4.397574706508943221e-01
1.795974881594689654e-01
1.638811628316852453e-01
3.439316711805513738e-02
-3.730526668819822977e-01
2.912653459513845494e-02
7.622554965567163165e-02
2.813792587151848767e-01
1.537094939453250153e-01
4.160374356167140797e-01
5.820141978787657377e-02
4.970998976182482987e-01
7.837697434705614974e-02
-1.668319884737453351e-01
2.385774841133087298e-01
4.602860632987204603e-01
-5.208539480598500110e-02
2.300836876854888413e-01
-9.666416998486179746e-02
1.810358808797745966e-01
3.283154671706027261e-01
3.880415699915022443e-01
4.674236175969703200e-01
4.720329101494658564e-01
6.011462707109922476e-01
-1.721395914303689573e-02
1.742529629487668888e-02
1.396161892004840199e-01
9.546938191869953905e-02
-2.382000979116735695e-01
-1.016890785648844331e-01
-1.415483315102878704e-02
-2.024102414860105836e-02
-6.552233667361150038e-02
-4.384735105168071634e-01
-4.117613910617865525e-01
-3.640134556918642739e-01
-3.261462014064023252e-01
-2.205831889823006431e-01
-9.462977759560949054e-02
-6.891239601694403027e-02
-4.113076123538293438e-01
-3.640834430778549513e-01
-5.924921826269621827e-02
-3.568027550353613520e-01
-1.003231093001956398e-01
-7.284257756820580743e-02
4.267126551194637407e-02
-1.048620853235328471e-01
7.314253615036668023e-04
-7.811487997499537428e-02
4.286219997702919726e-02
1.083268826432524506e-01
-1.083168193185992251e-01
-1.868416179332703653e-01
1.239221996623516980e-01
-2.434647641201637958e-01
-1.551876900424031813e-01
-9.609732175833073098e-02
2.080424395707231033e-01
-9.078413114722683197e-02
1.223147551604887723e-01
1.899143696845576601e-01
2.106224920229573250e-01
9.182956858725798300e-04
2.041525271454386337e-01
-1.145220425608762388e-02
2.698714620654558138e-01
7.449412066572826119e-02
-5.586957282812431147e-02
1.683510460391313135e-01
2.785218556911906451e-01
1.147504965976238189e-01
-4.654156051120532378e-02
-3.961158141680127046e-03
-5.242330931335825728e-02
-1.550150664664769751e-01
1.465323560330474006e-01
-5.538995254323177825e-02
-2.007969776375232718e-01
9.143938218150304137e-03
7.937631799287317436e-02
-1.277565880705114343e-01
-2.072911695486928385e-01
-3.792387179279965714e-02
3.954200457434160071e-02
3.192941407329283332e-02
-2.658295994792367889e-01
-2.559573828910377546e-01
3.077251522194335634e-02
-6.186810281681819068e-02
2.663935845307112138e-01
5.154359048545970740e-02
-2.058691137387242964e-01
6.970235884094169720e-02
-8.261358926035017314e-02
-8.564383103634796990e-02
1.037081057843585730e-01
5.646155653924651158e-02
1.947185856034637508e-01
4.583195915409949417e-01
1.552851347097815027e-01
9.208987861454252799e-02
3.871943033924904465e-01
-1.482149070805211799e-01
-8.922153892857104251e-02
-1.619382612717240599e-01
1.007197900127803150e-02
2.185333365695041608e-01
6.486796304634736554e-01
6.739546589767826390e-01
3.239530659878324115e-01
1.033207693341504640e-01
2.259021777704965303e-02
-2.386294941664924771e-02
1.372924746404151630e-01
-7.062716664999418512e-03
8.030633354732023832e-02
1.923534722377526762e-01
2.069415592161696071e-01
1.121717289461965708e-02
4.971240500649531935e-01
2.652829537122531889e-01
4.780926372276844694e-01
3.424271341562567517e-01
1.455998922870624934e-01
-1.755719697478991814e-01
5.305064653817709308e-02
3.648178991207334243e-01
2.718599045968128070e-01
3.512366658096512384e-01
2.469431714970263259e-01
3.007562062677578418e-01
-3.364162571284899650e-02
2.600836991757376482e-01
-1.154616268600207676e-02
1.244052769161866773e-01
5.584262036365252035e-02
-1.105503723456136289e-01
1.715682786229532630e-01
2.009176303435539213e-01
-5.940348776521437238e-03
1.210733751937521224e-01
-9.963920426773990868e-02
2.206730149861863000e-02
-2.748915493779110486e-01
2.915415666964054076e-01
3.821545486358409183e-01
3.971296500895291626e-01
5.962223455960664609e-01
7.310866943857914357e-01
8.551640242602400743e-01
7.751168633911462713e-01
6.214494195088872130e-01
7.222253640317890522e-01
2.069045671196639014e-01
-2.141920381050026745e-01
-5.212329182446816533e-01
-3.722501984083397275e-01
-2.778523437569659360e-01
-8.553606543926117745e-02
-4.238931865380735076e-01
-5.278357468550325393e-01
-7.127859110403059195e-02
-2.760070858688781770e-01
-5.601096837189231126e-01
-5.490841073742419587e-01
-7.038919479391524403e-01
-4.387109864273423532e-01
-2.452569677214074678e-02
1.126466971953352381e-01
9.616975814428654901e-02
4.922784193413885789e-02
-4.871920032120345689e-02
-2.584023657568676469e-01
-4.010125243869407385e-01
-2.088666346511313943e-01
-2.365282135217906534e-01
1.176685042419632204e-01
-3.505567425476003307e-01
-1.672318302912137178e-01
-5.184698832144412073e-01
-2.852461106833087401e-01
-3.765181723674066450e-01
-2.328953033101641978e-01
-3.923799153920590199e-01
-3.152363894037815140e-01
-7.876713150272852682e-01
-7.754503384742736927e-01
-7.073419177393677204e-01
-6.208459239231910454e-01
-5.783748951782206049e-01
-4.201727767360242116e-01
-4.020973407643350095e-01
-4.686587035664951384e-01
-3.442227401324728930e-01
-6.928078086302217331e-01
-4.649752563947621153e-01
-6.744881445675363629e-01
-5.035042736879337122e-01
-6.283344417417643379e-01
-4.387179089033165780e-01
-4.838957390658568114e-01
-3.077639812374811656e-01
-5.929976675388193286e-01
-7.759310659455215253e-01
2.458215528347857878e-02
-2.285313936056351455e-02
-3.423726168588650531e-01
-3.426912018241409785e-01
-1.721135822171312724e-01
-6.862131344580694181e-01
-4.948348158748956394e-01
-4.144656918676819513e-01
-5.945084379966366628e-01
-2.309460054394271988e-01
-2.228177693828009009e-01
-2.829880292536298692e-01
-3.546982888283734536e-01
-6.465629479325952778e-01
-7.656035691722044012e-01
-2.474307387411496806e-01
-2.945570731898379813e-01
-3.367645406272074537e-01
-4.215273685238318802e-01
-2.526162374853841985e-01
-5.970470781482062339e-01
-4.609623356193439103e-01
-3.191734309360603761e-01
-3.593969339366028803e-01
-5.413319836121025519e-01
1.510221403030525059e-02
-3.653420659332263370e-02
-1.450080276916399236e-01
1.726197465234520778e-01
1.355638775839470012e-01
-2.175066663941440936e-01
-4.772188848084303880e-01
-7.307025401002353870e-01
-1.000000000000000000e+00
-4.120176584002706588e-01
-8.695673966600403482e-01
-8.403730350458623599e-01
-5.821319571976167895e-01
-6.536044967444357701e-01
-8.960253602752749069e-01
-2.375202006102047347e-01
-3.122627871440470382e-01
-6.137915005902625509e-01
-3.734921721308300802e-01
-5.021299015980241753e-01
-2.536498688463605933e-01
-3.838559558607041455e-01
-2.477545123253120374e-01
-1.212402725478454735e-01
-4.135139178683660405e-02
-1.831759887477915627e-01
-4.159787594189753163e-02
-2.645790674323329483e-01
-8.512122231242906512e-02
-1.806850352164706408e-01
-3.228888087884114744e-01
-5.673283542177913752e-01
-5.344715170007796612e-01
-6.624742472624223222e-01
-5.725222009510820831e-01
-3.853561718693128690e-01
-4.233144262890770060e-01
-6.385022668709153804e-01
-3.603053572068063426e-01
-6.951760181227770730e-01
-6.627220850070316693e-01
-5.907364022657948244e-01
-5.627110686108842685e-01
-3.248608405644822783e-01
-1.346282353448279290e-01
-7.000262637132532995e-02
-3.279044157368041779e-01
-4.968550754621736121e-01
-7.280745088323997694e-01
-7.285657719096807483e-01
-7.882918272743182353e-01
-4.412220162541033996e-01
-1.534945887533657460e-01
-2.929688824089404786e-01
-2.825603987664295769e-01
-8.629265794266342826e-02
-1.403970943069821620e-01
2.252080693453638038e-01
1.394661088073042288e-01
-9.991181765468117038e-02
1.274683987231523541e-01
2.864889476514022593e-01
2.764013705923348829e-01
2.994966989550608694e-01
-4.072616521808962720e-01
-4.674074998417123566e-02
-2.836154519124596263e-01
-2.147826557645513001e-01
-5.370600948381909490e-01
-2.930423972364245566e-01
-1.648612001195477739e-01
-2.980134724333435292e-01
-3.675565978244693111e-01
-4.640986710863428955e-01
-3.794775963064355162e-01
-2.040396532722165979e-01
-3.345985026136302221e-01
-3.794376314367772229e-01
-1.991441970757662216e-01
-1.548017688488982080e-01
-2.233513876020170319e-01
-4.511819682268550791e-01
-2.681796572733663453e-01
-3.545918980471114978e-01
-2.916870679847735626e-01
-3.754489276032708100e-01
-4.439975629305701887e-01
-4.863993896340801371e-01
-4.672018411056924059e-01
-5.623139935605269563e-02
-1.636742708775259236e-01
-2.217062244496686985e-01
-1.720313305768090828e-01
-2.470426828194097896e-02
-2.404258513320522289e-02
-9.010316952658571632e-02
-2.825151524826519447e-02
-1.959989536158286971e-01
1.147314061458885592e-01
-3.744513890300703585e-01
-3.543676961134372139e-01
-4.050991655381448453e-01
-4.212660391229188783e-01
-2.637183517937695676e-01
2.768536057570212816e-01
1.609370197925154844e-01
2.703471754377727576e-01
-3.866233149934781427e-02
1.671281878537845267e-01
-1.439292251304530312e-01
-6.541664040988855178e-02
-3.376496768166297735e-01
-2.030187387858987114e-01
1.641931613135787504e-01
1.548060354442375337e-02
-1.043892204530260347e-02
-6.388396389904531236e-02
3.778762483818417506e-01
3.159000592695838661e-01
-3.284791114851492305e-02
-1.904850911323909823e-01
1.140843188347092918e-01
7.769037087781936746e-02
2.660405257118281797e-01
-3.344993065665705645e-01
-2.851717297267948314e-01
-2.449218200112403820e-01
-7.772764499543537153e-02
-2.478126857858312659e-01
-2.427259722063106751e-01
-1.765502296729319076e-01
-1.721241784419216270e-01
-5.031223262722974710e-01
-2.356608336547448834e-01
1.831225690602501233e-01
-8.858030938119355879e-02
5.724004942156576264e-03
-2.441999510925276298e-02
-2.941707986997469382e-01
-1.955595495151818131e-01
-1.479882782798598029e-01
-3.366644162667981055e-01
-3.170253425511022627e-01
1.527469524604119916e-02
4.493341348774584909e-02
-3.761546829448327856e-01
-1.747607150350203031e-01
-6.678223639956709645e-01
-5.062647008307604723e-01
-5.462613043586178607e-01
-5.682989483319241808e-01
-6.952141348323209735e-01
-4.729026307451776323e-01
-2.113856680607650515e-02
-1.012528127601717981e-01
6.149357963294666690e-02
1.701132655597886456e-01
-1.379032488816896718e-01
9.376941199919477943e-02
2.426940235048006267e-01
6.653087422575125476e-02
-9.872170708018422614e-02
-3.259563554492817677e-02
-1.596614757732152667e-01
-2.758769255076191085e-01
-3.347050871049811471e-01
-3.028457718369553797e-01
-2.227002902385902608e-02
-2.974590372068905975e-01
-3.333481888457022202e-01
4.221665456958160201e-01
5.455148787576236113e-01
6.811676364967679254e-01
4.185117743416572611e-01
2.913953044060141329e-01
5.370370439291952680e-01
4.479426084401864072e-01
1.986147969713188133e-02
3.286419123357223748e-01
1.173404689662698869e-01
2.115494784962320685e-01
-7.500061523784261330e-02
-1.511919168860913210e-01
-6.983903899323989917e-02
3.280629903870689867e-01
2.873028546717947690e-02
2.229314892941637871e-01
2.951324956194339433e-01
6.059357750935908671e-01
5.028654437627217977e-01
3.053728056532173940e-01
3.765498264708773135e-01
3.504870890245630477e-01
6.189721368463945161e-01
2.825675180552860918e-02
1.383997473272410850e-01
3.813635173373857157e-01
1.209626582460207045e-01
1.945772031282400616e-01
2.539248577072887592e-02
2.732004494867650846e-01
6.975302389951427706e-01
2.628142379072371040e-02
3.773209138285243958e-01
1.482904721173186335e-01
4.540704470269104620e-01
3.883460171688116191e-01
3.770833893528646730e-01
5.697709316586526684e-01
3.717509882444104408e-01
2.464180616277670266e-01
4.416670636135292538e-01
3.721607164459637129e-01
2.230974920323180455e-01
1.587999469732436497e-01
4.005475668252760774e-02
2.518012265940682837e-01
2.233135747171575425e-01
1.918647291830174739e-01
-1.501643839188739060e-02
-4.222994039875670874e-02
1.095694632879791464e-02
6.993985680351116896e-03
1.118507451630036502e-02
-2.250837550330199721e-01
3.539057973131994883e-01
5.029335565056768376e-01
1.233759092850956335e-01
3.653393346320227830e-01
5.211579354502894335e-01
1.020758402414278232e-01
7.730307818865786440e-02
1.979822522199101709e-01
1.679237209937045616e-02
3.769068407670004284e-01
6.860632893258075682e-02
3.074534980105710358e-01
4.297096260000909246e-02
5.023305482533185762e-02
4.071815563162190510e-01
5.552284776947767897e-01
3.327849877078160046e-01
6.160506092125869193e-01
5.885726646887546876e-01
6.824468132242010876e-01
5.318534651240798272e-01
5.318939822202438661e-01
8.316732959614756560e-01
7.047535423827204770e-01
8.026705355541559062e-01
2.772031619827768911e-01
4.204693748066333225e-01
2.997051076907064626e-01
4.834945095283258998e-01
5.227399107083474661e-01
5.007397729455602686e-01
2.548526148667450419e-01
1.011452380964243669e-01
4.118332305081596756e-01
7.912917839943898191e-01
4.562413051530573860e-01
7.372767418365877568e-01
2.965227013003997047e-01
4.646097680164252841e-01
7.088861399496046989e-01
8.381915057222294463e-01
1.720872310831240981e-01
1.228216944115225751e-01
-1.262242319814688984e-01
6.308074159753479515e-01
3.660044155668986665e-01
2.351081330104742573e-01
5.425551470736966753e-01
4.804577069180189786e-01
4.780143771228127780e-02
1.678560304995488361e-01
3.523766237075451335e-01
2.162817871282091686e-01
3.654924672031681365e-01
2.988682017638966681e-01
6.947652787544561503e-02
3.350820711606831148e-01
3.215443572913079806e-01
1.152885943974156502e-01
1.920386590460740894e-01
3.730078276673469695e-01
5.425696171320074646e-01
5.886188104605870608e-01
6.499237440215348549e-01
5.192394439011510654e-01
6.991168820887746493e-01
6.561511123850863880e-01
3.002243778473530078e-01
3.705982930900079131e-01
6.407783368646144950e-01
7.821103173140500076e-01
5.088622198413990105e-01
7.275208690649954679e-01
5.384218637462412360e-01
3.835838187325369408e-01
6.917487881169426256e-01
1.598954914386457038e-01
7.137496310093595087e-01
8.836477133035599563e-01
4.568347929629916204e-01
5.021078361836506243e-01
5.560720057643036007e-01
5.071242018428554488e-01
3.709565041921142337e-01
5.046643976806403087e-01
3.727667970851195611e-01
1.597011210932298420e-01
2.412722935940063707e-01
1.985332523997521137e-01
-3.029482841330361637e-02
9.528066702414407507e-02
