-5.299328811513464021e-01
-6.095811487270978990e-01
-5.759682642136885189e-01
-7.531729285822714726e-01
-9.553610786322710435e-01
-5.261260626214498970e-01
-4.736986457324533495e-01
-6.026862702085338253e-01
-3.204890833408770012e-01
-5.292546552543672123e-01
-7.413862409335325587e-01
-5.653203699775001256e-01
-7.799575256277003765e-01
-7.887622654738517536e-01
-7.530378702527428247e-01
-8.500559540795545876e-01
-5.013387443638949170e-01
-4.105591975009958983e-01
-3.500261926320016870e-01
-5.274208432613258779e-01
-3.530571283770274627e-01
-7.572309984396539129e-01
-5.882347508098477729e-01
-3.376832770269218020e-01
-2.893494786953355602e-01
-3.365765487543552203e-01
-4.073500898517163904e-01
-4.296677225610504025e-01
-3.275030930864326617e-01
-8.231861176502101030e-01
-6.019879059660756537e-01
-1.000000000000000000e+00
-9.142229419556769932e-01
-6.470163977740560624e-01
-4.289406171637278886e-01
-3.605101900236722945e-01
-2.558693701815973331e-01
-4.330542790826294453e-01
-3.760331457197673144e-01
-2.777853431645673221e-01
-3.416705377324129045e-01
-4.321728122679354689e-01
-5.902965147350603958e-01
-5.422952382256329695e-01
-2.959115249784389778e-01
-3.989131142052636525e-01
-2.200577471410559705e-01
-1.499926393992672136e-01
6.597548260409391574e-02
9.292693484290386052e-02
-8.395609935309894523e-02
-4.960988205001052101e-03
-1.446539733963800589e-01
1.159461786591902271e-01
-1.944014556809903205e-01
-3.698060023952849940e-01
-4.070303881302440585e-01
-2.694285617778655606e-01
-2.915072911277358791e-01
-4.361902071362818156e-01
-3.729744128335214515e-01
-3.009352874636812558e-01
-3.460608249020223903e-01
-1.887270536109341701e-01
-1.937458257638887127e-01
-3.637189745416792852e-01
-3.099460563643617328e-01
-4.569244421311356441e-01
-6.075343130377881540e-01
-5.953650642792255310e-01
-2.079178720028136140e-01
4.662851939233754982e-03
-1.808616304659132479e-01
-4.219837900572763756e-01
-2.572542389039150779e-01
-1.742022948862870235e-01
-2.400450123041564243e-01
-2.725459502647304411e-01
-2.480538761648707624e-01
-1.361866224148760296e-01
-2.973494989212999706e-01
-2.070669554439454607e-01
-2.505278132368531363e-01
-2.258223629996888582e-01
3.187603174783556342e-02
-3.068179080752018728e-01
-3.123787530380445210e-01
-3.859560378081547949e-01
-3.683257076132831487e-02
1.570075469358155063e-01
1.262493462315883441e-01
5.056266270989773388e-03
2.702857190892528627e-01
1.784959393032361369e-02
1.668506562149652817e-01
1.912538086562632078e-01
2.845524059351525192e-01
2.034457518576567592e-01
2.993635953061409838e-01
2.151409748869890365e-02
-3.640552516442983055e-01
-4.390217023211740455e-01
-9.256459498968486188e-02
-3.219624971896872800e-01
-1.915814141265980985e-01
-2.081466947219434149e-01
-4.453258046175826573e-02
-2.006283633173380765e-01
-1.572217669025695874e-01
-7.786202812608380985e-02
2.638981991047127384e-01
2.341052812643759362e-01
-8.709489651794197207e-02
-1.558944871755078287e-01
-1.879709340348499624e-01
-2.057470449862200922e-03
-2.207135141217156649e-01
-4.681789628407596604e-01
-3.104413265679481504e-01
-4.224838467801692587e-01
-1.829246723379717721e-01
8.276946001846101353e-02
-7.935023322557785419e-02
1.049335767910143796e-01
-2.644030213245895933e-01
4.480551924716786455e-02
-1.715785015160362359e-01
-1.318212294522153050e-01
-4.906101007449165108e-02
-4.886689943198506414e-02
3.251873052168001432e-03
-1.845863953270172608e-01
-2.594636283361912432e-01
-6.853949211227425287e-02
-5.845750369820185838e-02
-1.588953679821361598e-01
5.433508886504598290e-02
9.575265555898587744e-02
1.045082411188514165e-01
-1.905860750914018312e-02
-2.868442340912809654e-02
-3.164836879093561040e-01
-1.760706905743238959e-01
3.155552497103024379e-02
-7.567898884782602031e-02
-8.341351667943828390e-04
-6.323787373229313759e-03
-4.391250062771757251e-02
-3.878070821246573097e-01
-4.898602491245088730e-01
-2.934750523476810091e-01
-2.865412701432631382e-01
-1.499965008363344232e-01
-6.693603303299598961e-01
-4.020051959231534244e-01
-5.308961868835119224e-01
-4.672144635473250984e-01
-5.179702397699011973e-01
-2.489376971738914979e-01
-2.656218174860786041e-01
-7.243438952275541576e-01
-5.144792036663674573e-01
-6.794396157990276741e-01
-4.477598142847765139e-01
-3.107429256781272242e-01
-3.911540874991206174e-01
-1.321908519249797853e-01
-1.448764249910375335e-01
-1.117389896106538855e-01
-1.074530193440538517e-01
-4.039666010848382283e-01
-3.784736072549518826e-01
-3.231743756623752239e-01
-4.508093449391548102e-01
-2.170564483195611405e-01
-2.303466885749015924e-01
-5.062479075448980126e-01
-4.606368937988250534e-01
-1.895864706017200696e-01
-2.600632674391143428e-01
-1.254824839308737450e-01
-2.901390034123753625e-01
-3.296237354215046378e-01
-9.587639060720971884e-02
1.225078314886689362e-01
1.362145994220707035e-01
-1.255638947833840890e-01
1.668384059580592382e-01
2.117014490884795985e-01
3.947847470868969671e-03
2.497993012100673330e-02
-8.730671126873740251e-02
-2.494871002833284335e-01
-2.397880604533627336e-01
-3.430499407764874276e-01
-3.141600835125373803e-01
-3.528395184798267109e-02
-1.381531582367905020e-01
4.538353448942281099e-02
-3.450197193235385873e-01
-3.690118642384835335e-01
-6.207612380374004646e-01
-4.784362230965759077e-01
-5.133450223071813756e-01
-3.975582442627152990e-01
-3.898985081703030819e-01
-4.295180982507185719e-01
-2.758698770416557200e-01
-4.352546737399642929e-01
-5.378540642407866335e-01
-3.760704047913364656e-01
-4.722985795272960918e-01
-4.962532761800531045e-01
-3.684998016123108844e-01
-1.220745406397650279e-01
-2.232012859982776543e-01
-1.156016300401590396e-01
-4.465187265148032325e-02
1.511262887174776304e-01
2.369044444140570027e-01
1.022554143791063186e-01
1.606195747522527195e-01
-8.358168094777594648e-02
-2.116870605337174138e-01
-3.658778584141147427e-01
-3.731041001400492441e-01
-5.089170495165971086e-01
-6.672267171268493335e-01
-3.988377545023782389e-01
-3.560376344942456361e-01
-3.400655423892264828e-01
-1.862129134828743038e-01
-1.308568778724407411e-01
-3.462608534917950287e-01
-3.737550782300352870e-01
-3.077481296807568767e-01
-2.380667074364015423e-01
-2.299808498341551488e-01
-3.661684354507596661e-01
-6.005002799615831721e-01
-5.333831720204901261e-01
-1.957283824074265988e-01
-4.480620569608245729e-02
6.664921987373041701e-02
7.497599654943369607e-02
-1.251138103946684843e-01
-7.078556911785513495e-02
-3.145951873791553166e-01
-1.668255882496037790e-01
-2.574369295723233919e-01
1.084185854179710307e-02
-2.511629688298253615e-01
-2.070593592419402440e-01
-4.479710019664291942e-01
-4.050244527442973808e-01
-4.960713359056921345e-01
-3.961700138433352780e-01
-3.016238211586131368e-01
-1.318900527461003835e-01
-3.235987809366641654e-02
1.088278028995868542e-02
4.437449955445147559e-02
-1.318665781234627798e-01
8.326912087882519520e-03
-5.291039270420619910e-03
-3.940202293477875969e-03
6.975973586831162032e-02
8.260665461311236801e-02
-3.143997140226364451e-01
-3.257185887747104935e-02
-1.526560248211591142e-01
-3.423474399641292243e-02
-1.538172969018396785e-01
-6.618984523166870915e-02
-2.506261728484061521e-02
1.670620055844064533e-01
4.281917920190675408e-02
-6.732300719538984735e-02
-3.105368512961956956e-02
1.805857097123394761e-01
6.059568587975269760e-02
1.146450667665318696e-01
-8.058896428515296972e-02
-1.105075777467042775e-01
-1.034767231674254828e-01
1.758245920583112187e-01
-4.341230070511697958e-02
-2.157820892560876336e-01
-2.031831466537664110e-01
-3.119679587011178201e-01
-1.495713160917532814e-01
-1.694120831721819542e-01
-4.633495843564008898e-02
-1.037553125129913809e-02
-5.972149788247544527e-02
-2.927201298930307560e-01
-1.958777415821527923e-01
-2.339546163380017141e-01
-1.450739662994301182e-01
1.316157731657858002e-02
-2.441318668895478827e-01
-3.947363747128815881e-01
-2.543837900511479178e-01
-4.856131245832848164e-01
-6.448357834327094196e-01
-1.407838219304143323e-01
-4.095491753388839085e-01
-2.577234419978865487e-01
-1.659108516500752417e-01
-1.185327788554187689e-01
8.252328352196734718e-02
-9.489320267788586838e-02
-2.896390196383032967e-01
-2.279918197630519949e-01
-4.319799626333508114e-01
-4.156702662703958273e-01
-5.313661966217390065e-01
-4.577226917348450885e-01
-1.189441453012646532e-01
-4.297088290007970435e-01
-4.148563949686311925e-01
-2.020054758688480112e-01
-4.370723828375135400e-01
-5.421830376915386385e-01
-2.916307570657244441e-01
-1.975322189349015267e-01
-4.528845506709233137e-01
-5.091002732078439008e-01
-2.438106107425390134e-01
-1.735003892874360243e-01
-5.096732345501564510e-03
-1.013547535537960391e-03
-3.632740743514899923e-02
-1.057649918940934547e-01
-6.820651668771562925e-02
2.429530084557984249e-01
1.124367694207151214e-01
4.783495203246679872e-01
2.635710584723667815e-01
4.361140351687539107e-01
2.605987686990597907e-01
6.706267347059462897e-03
4.379641833030873538e-02
9.762143842885734335e-02
2.189985630376922732e-02
-1.589984361410962943e-01
-2.259482074077741875e-01
-2.150664151241080402e-01
1.724958265632159649e-01
4.835899443338095155e-02
-9.183235593024642596e-02
-1.690878517740215248e-01
2.402659508491853182e-02
3.387099984696748806e-02
-2.203409570743531110e-01
-3.090734125458555193e-01
4.120131240607585038e-02
-3.359186149910747127e-02
-1.253730683134077484e-01
-5.285085457095668737e-02
-3.077228041254216617e-02
-1.217655260308018045e-01
-1.633221640022338439e-01
-9.869938818348811260e-02
-1.948131876216090130e-01
-1.914093038078251430e-01
2.326254345923260414e-01
1.011544135103051301e-01
6.902343358571122467e-02
2.227898446616155548e-01
-6.082004864630741886e-02
-1.231425364906279032e-02
1.420103882350091939e-01
1.444443137838349878e-02
7.128811575171713211e-02
1.786965785999392389e-02
1.315488037180291558e-01
1.092309402680103070e-01
-1.020613432392971781e-01
-2.006042660937590594e-01
-2.035895310022768911e-01
-1.507361348574114135e-02
-2.609390919093447780e-01
-2.562773413427854030e-01
-1.473480053052595162e-01
-2.024849592352740146e-01
-2.287502587078046046e-01
-3.284290233259595793e-01
2.283480692298466008e-02
2.301664867686747662e-01
-1.426915370308148301e-01
2.629619172695244270e-02
-7.558921351091706098e-02
-8.360057891268091179e-02
-1.510765400274660664e-01
-2.044307244178789340e-01
-2.542896677688554208e-01
-1.923730874725685103e-01
-2.109416161274810589e-02
3.882516876038118875e-02
8.483592575823513393e-02
8.893168995478190064e-02
1.742477494686081319e-01
1.836138429804596850e-01
1.441979855490351237e-01
8.352929135428673046e-02
6.527891481969338994e-02
1.087326375207365581e-01
-2.219690429505895291e-02
7.712346863301272615e-02
-5.603259368353483844e-02
1.766608928151422730e-01
2.642863650822903088e-01
4.662294643871214839e-02
2.304115558332814062e-01
1.339256185654878924e-02
1.671637706719743821e-01
-1.757125772813951381e-01
-4.139722244676156959e-02
-2.549338847077382009e-01
-2.778337198025179200e-01
-2.368256488651888925e-01
-1.728040326789750392e-01
-4.018697403792744205e-01
-2.078037017663939001e-01
-4.788655486470306255e-01
-5.994342333172948400e-01
-2.689850232831246246e-01
-3.222536882359179344e-01
-3.335681949780985311e-01
-2.104092459248983471e-01
2.772600974209328550e-02
1.823996657270711974e-01
1.826381618476285995e-01
-1.128837922607013877e-01
1.464139586815934591e-01
-3.010311078188149941e-02
-1.734696524121842609e-01
-4.663587305387970061e-02
-3.178086896548133478e-01
-2.219955014060840393e-01
-2.652484222846823170e-01
-1.419584661410450976e-01
-2.411300726209025802e-01
-3.141025867329759746e-01
-2.474925727895484484e-01
-2.403178090364867514e-01
-5.376156510804155908e-02
-2.093725821302276635e-01
-2.926426219099398374e-01
-2.612067632353508584e-01
-4.382878671151460015e-01
-4.632181044643660095e-01
-4.860658632505883703e-01
-2.283721837711198688e-01
-2.288209810645494557e-01
-2.598903497088967951e-01
-3.791407678985428964e-01
-3.663673466429778203e-01
-2.853288935828231510e-01
-1.736596746670650004e-01
-1.799343290959974084e-01
-3.159040080280445806e-01
-3.651149839801861446e-02
-2.546438700477604011e-01
-1.842889418427162140e-01
-6.430625537318877816e-02
-1.113883662804039110e-01
-2.705366538545795896e-01
-3.338817466301435277e-01
-2.003820425140423744e-01
-3.414362767107461116e-01
-2.713812911983600196e-01
-4.482563981512247553e-01
-4.881026721695775894e-01
-4.994183523370225863e-01
-2.390727898481231628e-01
-1.217008222375630250e-01
-2.105469880034084862e-01
-3.654234352440556832e-01
-5.498899460914074000e-01
-3.583490693985855180e-01
-3.082448699888141741e-01
-4.681530994354891617e-01
-5.549080874939228414e-01
-2.090390236175284355e-01
-2.102340374984859039e-01
-6.807522229584814788e-01
-4.094066136578676796e-01
-5.051750154117234937e-01
-4.084227248884587103e-01
-3.514042677078062504e-01
-2.875962151273505629e-01
-2.437224867755496405e-01
-1.895886662570084036e-01
-1.171896603521741381e-01
-8.697634465117250191e-02
-1.148526644928437035e-01
5.126380085415048991e-03
5.450923668350025897e-02
1.289106848080695533e-01
6.576925827014494172e-03
-2.250837524575363957e-01
-1.239280236915788064e-01
-2.379266975104846471e-01
-5.205891881235157059e-02
1.986010029455139575e-02
-5.058263562521191081e-02
1.192962676948973455e-01
-8.736284462309375221e-02
-1.501163425169476685e-02
1.841621942562548728e-02
4.539251021707958744e-02
1.440308368420566976e-01
7.542962789582892402e-02
3.264629446613601660e-01
2.749183160117144031e-01
2.257592044471062875e-01
4.055304048767825464e-01
3.298948383094205683e-01
9.209570675586813138e-02
1.014157117483262260e-01
5.890620723258561606e-03
2.255140314180366645e-01
4.678530353543481901e-01
4.869999225979116941e-01
3.612897099353861163e-01
5.345230140881293002e-01
3.716200989454617187e-01
2.581230858943582285e-01
4.631556958614749253e-01
3.302927449989170872e-01
5.720991529247247964e-01
3.550164065889208631e-01
5.243602081395553061e-01
3.270445086402032908e-01
5.027016215192606774e-01
3.068976195940806839e-01
4.790899932028844788e-01
3.208439349157941045e-01
4.196918452676448030e-01
1.424025910136022532e-01
2.021016938968776266e-01
1.854592963624012714e-01
2.702609720332338483e-01
2.437544614116556041e-02
2.607869651580860815e-01
3.193739807300314815e-01
1.188337619847868072e-02
2.774291302975184781e-01
8.060192435602804573e-02
5.581448973032026445e-02
2.948665781702569308e-02
3.217282300912303189e-02
2.073788984594371887e-01
2.493987380264520159e-01
3.437471942799827374e-01
4.092696967963637689e-01
2.132213121198423822e-01
3.588010675928284821e-01
1.277720903076531855e-01
2.027519056372022732e-01
8.214556824699477400e-02
1.947061696969241140e-01
3.013370855863737111e-02
-8.752107164386582761e-02
-1.862280213023239511e-02
8.570109704183706545e-02
4.436989669717779361e-02
2.305856287597302101e-01
1.653191282477785018e-01
1.484759241995253221e-01
7.619419774620576902e-02
1.133128165641253821e-01
1.377159106680911071e-01
1.198516996673715390e-01
1.967983618573587168e-01
2.023046236958996325e-01
-3.230051132555473992e-02
-5.006119343118566045e-02
-1.133033883634032291e-01
-1.959759867249508125e-02
3.352201772629102156e-02
2.185990579577801532e-02
1.157399353870212921e-01
-3.776081723889770231e-02
1.481455927257536997e-01
2.648959983606068436e-01
-8.462799780281572010e-03
2.376217199994127560e-01
1.918389427039129957e-01
1.485662678583232477e-01
2.160114600685488495e-01
-9.778013669145703413e-02
-1.743538122940846147e-01
-1.211764000439489453e-01
-5.424072400438020303e-01
-5.240809788813904913e-01
-4.348946624723238896e-01
-4.850711225441523000e-01
-2.027280389563692609e-01
-2.755200828330457985e-01
1.460789474012971767e-02
1.960103813451255228e-01
7.265714981560911223e-02
-9.569922202358394081e-02
3.503161362736926243e-01
2.401608709115367890e-01
1.848377935278466000e-01
2.364419665968591280e-02
2.117128343436976701e-01
1.479493529342569558e-01
1.081249703572342291e-01
3.655112467850579749e-01
4.199904067070142633e-01
1.133285537230411394e-01
1.484533029692123862e-01
2.061089367728925204e-01
1.373284794337937542e-01
8.970064763843028921e-02
2.487833496301053993e-01
4.431870337443941654e-01
5.005084656952158984e-01
3.688303950435903311e-01
1.650468458632474988e-01
1.012402476351388497e-01
1.614793282112145928e-02
2.864628847221287189e-01
4.107687795625989402e-01
3.694211370403961969e-01
5.263210056359878264e-01
4.542158474955526049e-01
1.521866967771834389e-01
2.496595121059177746e-01
3.155591025232379887e-01
4.270661050974056128e-01
4.292783090794774492e-01
3.451817365406222859e-01
2.549767309644115909e-01
3.434282214256850763e-01
4.182505990153295161e-01
5.114918270746614537e-01
3.785362773768634059e-01
4.075063741878620083e-01
2.193120632514790613e-01
1.056522810211760199e-01
2.419028955694249305e-01
2.248567260737509843e-01
1.118953453076352439e-01
7.195158647611636649e-02
2.490807615179891077e-01
4.071613186226883396e-01
4.028890964140527942e-01
6.380083115434626029e-01
6.417690453576234688e-01
4.324059693229705403e-01
4.974747677567293302e-01
2.349768854285657627e-01
2.458420729227922263e-01
2.676499226741771431e-01
1.800147295460561570e-01
-3.957270562444172718e-02
1.071840424930320251e-01
-3.046103499166484818e-01
-4.075564676895707672e-01
-3.103246446848959561e-01
-4.448462864291219954e-01
-6.797457975366638649e-02
-3.999568045336585401e-03
-1.706461309445026220e-01
1.762603252985543434e-01
2.254843628365056363e-01
2.091891412957590235e-01
1.114147941762982236e-01
4.576533661614161363e-02
2.422469632554497543e-01
3.277784423346596920e-01
4.649008065295867076e-01
3.834502775845375910e-01
3.499509732578696131e-01
1.423671099274020080e-01
4.873874705247985828e-01
3.652934840264404071e-01
5.109587272641138433e-01
5.161560817546347046e-02
1.858346746798959226e-01
6.216618098688643235e-01
5.049746961094447872e-01
3.703160252374408379e-01
2.585769149731099725e-01
3.118072983870304737e-01
3.716892321480077532e-01
2.804244250860806753e-01
6.623089871017714958e-02
1.535629184264208635e-01
-2.484300778237886684e-02
6.405894957064546535e-02
-9.447584768287485557e-02
2.254144426885624497e-01
2.979069227220658145e-01
1.434126271137775577e-01
2.355884402538967193e-01
2.068385790747170050e-01
5.382246040882633364e-01
5.475070359793740016e-01
3.175676013349977289e-01
6.952564043143053540e-01
6.480997542196510475e-01
5.303104267580206477e-01
3.379758783245660481e-01
3.103214784303939822e-01
4.505061303343995127e-01
4.707834883334607312e-01
3.855329173398741593e-01
2.922939357336413746e-01
3.270550701596990767e-02
9.996059120625500061e-02
2.131458921603457124e-01
9.305719124699941835e-02
2.612762724088018573e-01
1.135220223220128194e-01
3.110094670336435163e-01
2.766454459684829503e-01
2.892627262864378990e-01
4.838833483040783784e-02
2.498069030063549550e-02
1.972235584858441082e-01
2.323269501705637063e-01
4.575560535312259147e-01
3.886219439513112772e-01
3.283361398558535260e-01
6.199703372030207493e-01
3.588839676843188498e-01
4.626902429398050964e-01
3.111664768784216384e-01
4.034574339362088091e-01
4.171474728050989511e-01
5.115534293363923624e-01
4.258525628927393725e-01
5.907088386839650651e-01
4.205743639673854561e-01
5.442568013541452254e-01
5.120204571436415275e-01
6.874027113005142242e-01
4.536884744231873268e-01
5.330553768646929536e-01
6.241666877709349803e-01
6.010566425388643719e-01
5.508281341820555621e-01
4.041644444965349914e-01
4.692470961834899756e-01
5.490661852952509747e-01
1.634304668081610346e-01
3.641195656477300702e-01
1.710735199256418204e-01
2.641514746933183444e-01
2.207714288512343248e-01
2.881150550851496184e-01
2.716113755760929394e-01
4.132154445129052611e-01
7.383662624319184964e-01
6.677420951973995766e-01
7.474605672294919456e-01
6.883921490719674408e-01
7.989148244368541318e-01
7.050272195553207721e-01
6.653759463875170699e-01
7.208039222139031033e-01
5.629824433336976242e-01
4.236681916835439710e-01
5.397033555604252575e-01
5.186429886775252296e-01
5.555709097993386525e-01
5.625471163956790033e-01
5.038831843454814052e-01
5.102682598961704175e-01
4.347266940300100746e-01
4.128355457634042547e-01
1.933055216425036693e-01
3.339345695358436061e-01
4.200535149906780563e-01
3.451062780038762767e-01
4.769090076007875822e-01
3.415215702289970401e-01
5.684687965835882872e-01
2.728807236532330149e-01
4.992940706897837644e-01
3.735091176725023887e-01
4.760597971513064186e-01
3.947345122943594631e-01
4.314145631134833625e-01
4.198729377420701292e-01
1.083329333326222277e-01
2.789339116097753757e-01
3.506675818933137068e-01
2.222682948555885496e-01
2.868223918580213305e-01
3.652138641158049759e-01
7.331065665508913476e-01
4.482023672419107596e-01
2.791164254963811597e-01
2.283694641868228847e-01
2.660772341463674834e-02
3.932648249347008851e-01
3.274606292314410916e-01
4.379031897684630414e-01
1.932554377582086369e-01
1.037234099555842115e-01
6.676970959110763160e-02
-8.845859237713857293e-02
-1.024879449238901563e-01
-1.220598375051170498e-01
5.310713837319516045e-02
-3.120684715005984100e-01
-2.226173337529317731e-01
7.644833787225246329e-04
-9.020924779239714031e-02
-4.384219761979016305e-02
-6.487042707105582229e-02
-4.230741804150317531e-02
-1.408769648341507419e-01
-1.623003173595170268e-01
-2.473111764737917218e-01
-1.203651461159365305e-01
-5.608426934506912515e-02
1.050638176551970254e-01
5.592576539695029436e-02
1.947737507324086639e-02
-1.266121736635394679e-01
-3.576961923526084802e-02
-8.395752047284373021e-02
-2.737245512521717106e-01
3.196109749279881992e-03
4.805171501846167148e-01
4.319534176361262134e-01
2.131716043110574443e-01
1.339978629178686376e-01
3.990526733246849700e-01
7.368893722033488525e-02
1.163500244098944064e-01
2.193869558242593776e-01
2.463367330968981306e-01
4.134992983300944669e-01
3.319699253043255083e-01
2.413812804608271023e-01
2.625301225176931985e-01
3.092780582218828678e-01
-1.843411061554561248e-01
4.393961125692879416e-02
-1.885646815507582494e-02
3.130585718858115984e-01
3.841388120445863308e-01
4.064019502651309845e-01
4.268672307333641336e-01
4.349764618366282476e-01
5.458954649509555335e-01
4.591176315001084807e-01
3.517486677379620397e-01
2.678317941356160303e-01
3.737030381162911863e-01
1.757427986550546273e-01
4.036525917083559345e-01
3.115244470908773988e-01
1.113524965986184556e-01
5.169443084277414169e-01
6.230435082003202840e-01
6.699684476405454170e-01
1.581925232364006506e-01
1.052227546440817757e-01
-6.725039177132802193e-02
8.362248240207544037e-03
1.658583854502626576e-01
-7.780835482309390871e-02
3.806838622292575865e-03
5.192042894078442022e-02
2.140735471786680000e-01
-1.766414058400439871e-02
1.248237003928122507e-01
-2.479210274474597242e-01
-1.975920560924433467e-01
-1.230867506866651778e-01
-9.029044173637175430e-02
-1.520413089847105770e-01
-2.714726381534895427e-01
-3.281587182940443603e-01
-2.347506602409851206e-01
-3.826622744786759012e-01
-3.450193687780009344e-01
-2.269112971756144792e-01
-4.618499856857856134e-01
-4.432241635612146347e-01
-4.752190097196565266e-01
-1.970531278969568367e-01
-1.014979449292223723e-01
-3.159578079013468099e-01
-3.014462923291129082e-01
-1.210953756196493369e-01
-1.154725271966863809e-01
1.109267504785443059e-01
1.415084193148608838e-01
1.902552886319560932e-01
-3.586922384724286483e-02
1.798422525380941328e-01
3.199285751379750686e-01
2.744669811803306381e-01
5.531821044966672707e-02
1.616819823583135612e-02
6.299590017577158529e-02
-1.631520504416506812e-01
-1.871356593050480313e-02
1.436133894463821614e-01
-1.662247622895341725e-01
-4.833452834304351187e-02
-1.589592627560701410e-01
-1.885634757301985764e-01
-9.762460796576416522e-02
-1.030198612003982300e-01
-9.155438596941467555e-02
-8.163664823780088231e-02
-1.288184502752906246e-01
-3.921388000593931111e-02
1.607524157964435596e-01
3.097911531618381953e-01
3.016240654814458244e-01
2.360647917050767985e-01
2.452616030246529411e-01
2.394291420125405911e-01
1.519942927067533256e-01
2.264544429160497696e-02
-1.198671329481297149e-01
-3.929965688895439152e-02
1.197028612259328773e-01
9.319853858554770151e-03
2.947807244114101777e-01
4.879955509791494284e-01
4.304837699408070040e-01
4.360159553413027189e-01
1.592312835240181634e-01
1.585111848231562370e-01
2.259436515355561781e-01
1.675706477415612738e-01
3.903028270261746924e-01
5.057836385412982638e-01
3.811737981531082564e-01
5.108760515064627583e-01
4.515536970773791348e-01
3.285051294015123302e-01
4.769884570273434932e-01
4.790650764289760555e-01
3.297469451366005222e-01
5.975955177432076271e-01
5.721361825019094516e-01
5.677022458594599419e-01
4.253339247332834638e-01
3.975680062880985188e-01
6.972546176958421826e-02
1.627794965978451858e-01
2.507659789587216581e-01
2.917727066369765199e-01
4.120349158600981609e-01
2.156006303601241403e-01
2.154106762434383482e-01
2.009942836197608218e-01
1.020892574995647534e-01
2.898262939714183473e-01
4.039886720519164642e-01
3.865793136031674404e-01
2.922397148605428430e-01
1.653937017757686201e-01
6.621213014048404899e-01
4.431837246166860367e-01
6.391169085919885529e-01
4.966382275593068663e-01
-9.679693890113351407e-02
-1.808815065595821003e-01
-2.935947972628226155e-01
2.272332000128019225e-01
2.550715284022674334e-01
5.310920635189831512e-03
1.188310906649650417e-01
1.474197271245790142e-01
2.056823921608717243e-01
1.621348770489867419e-01
3.278023173345275009e-04
-1.311314686968021170e-01
3.945604935163186250e-02
2.204799639627551822e-01
1.962907146910874978e-01
1.187864132049816918e-01
-5.073602555141905335e-02
1.942892196809969593e-02
2.318371364610157317e-02
6.909937908695694408e-02
2.521543295039302759e-02
8.240314430200126883e-02
5.415964315297108755e-02
1.993505255197960402e-01
5.161649778891773677e-01
3.822516723333638788e-01
5.135174130783477509e-01
