5.188307521555336060e-02
3.626571702317085699e-01
3.848735470497868794e-01
1.999885689759272056e-01
4.618743895544105693e-01
5.406128287303930691e-01
3.464171080430981098e-01
2.769637024239977041e-01
2.265081422789495258e-01
2.793055880581251094e-01
5.057754583201474752e-01
2.550992566482837565e-01
8.282892972911008733e-02
-9.472425639429221667e-02
1.042181539686345970e-01
-1.942798402235671740e-01
1.424066438095411558e-02
1.070772050182347696e-01
-1.171450023739407376e-01
3.259914680870775600e-02
-3.384918405194012325e-02
-2.736594892593554110e-02
1.718154736901578716e-01
9.270209538013957085e-02
4.932817640798332903e-02
-1.023136792238453774e-01
-5.394916857496241391e-01
-3.510210439978326824e-01
-1.329871525172789948e-01
-1.531104150824233179e-01
3.283020351305514922e-02
-3.657497569926587699e-02
-9.218017833795694171e-02
-6.743469425938805606e-02
5.741407530325701170e-02
6.587996647197874589e-02
9.692394730531324332e-02
1.783729995826313086e-01
1.730774953102039160e-01
2.303961306681799603e-01
-2.977821481350334532e-02
2.133538589214838480e-02
-6.781455145555419228e-02
-3.481905612197823408e-02
-2.188397717500695921e-03
-3.331725832431040035e-01
-1.847664921799653248e-01
-2.048280361022997986e-01
-1.200529272219523214e-01
2.229396812147623266e-02
-1.215423827216470382e-01
-3.951699274627225589e-01
-2.241160837969218833e-01
-3.739641315117225862e-01
-1.789192738066678057e-01
-5.565919621947904572e-01
-4.048680394825294737e-01
-7.315351604285011966e-01
-6.877301754610101181e-01
-6.507801529816661379e-01
-6.363987821005419043e-01
-4.623103850813060078e-01
-6.527202410601063987e-01
-2.765783136649728191e-01
-5.617582619072181149e-01
-4.221087607483888782e-01
-1.218221146387890585e-01
-2.392004511944382239e-01
-5.565196026627783343e-01
-2.641751123624795916e-01
-2.949725634191050494e-01
3.508261549014308756e-01
5.519017358625800951e-02
2.482781645056629793e-01
2.052465805577393665e-01
2.743945538739085421e-01
4.366606853645756403e-01
7.303411324166118046e-01
4.327615636429807400e-01
5.864411447611928008e-01
3.553005043558882248e-01
3.251879828826806373e-01
1.567040909565376450e-01
-7.200607615582392713e-03
1.984237939660242755e-01
3.281131778170755520e-01
4.019688771851702702e-01
4.184338568618192755e-01
-5.011168307191991161e-02
1.156627917209644835e-01
-3.261156971829516638e-02
2.409606475209925824e-01
2.595109167768977140e-02
1.245706313840494323e-01
-6.376541661957102480e-02
3.580165373629273784e-01
6.490284346143405936e-02
3.441592290807998777e-01
3.836233486098953316e-01
5.013403397251378069e-01
4.362408584518632226e-01
3.408716822853985473e-01
3.506172481798588980e-01
1.490658327824433416e-01
4.733279468831398940e-01
3.628720433185820826e-01
2.383465418442037853e-01
3.227207224604092262e-01
1.873339670166930260e-01
3.573959322974981645e-01
1.291714533335655279e-01
2.435586300247983838e-01
2.304902641648321482e-01
3.028523092929998328e-01
3.072570351028801050e-01
4.271017261626390282e-01
4.191865832172926298e-01
4.040560744876151578e-01
2.063331042648367530e-01
8.959075344967364074e-02
-5.836217668790653207e-02
-1.675119320656226207e-01
1.091642779376470612e-01
-1.293277669287376253e-01
3.291520150155359814e-01
8.516382731924403149e-02
-1.404192257191743953e-01
-2.407618219364236062e-02
2.133195533620261819e-01
2.000904296879122413e-01
8.540725749603607364e-02
-1.755354795556613723e-01
-4.016900534614959439e-01
-2.631932699090784866e-01
-1.449597164998205623e-01
-3.617435678339374627e-01
-2.404609558164962080e-01
-4.532475501865120271e-01
-2.183958333794271955e-01
-4.144985167208762866e-01
-6.008678619226356377e-01
-4.731367403245699821e-01
-1.670323818237335889e-01
-1.091195091530627603e-01
-7.765029278226454057e-02
1.984225274479600454e-01
-1.911305266977109674e-01
-2.984057908236271150e-01
-5.896128293298388140e-02
-3.471105457032536701e-01
-4.160066783675986923e-01
-2.758274728582970070e-01
-4.555401085331066691e-01
-4.369872917483179631e-01
-4.933829948737979976e-01
-6.469241953834905523e-01
-6.082388266373047747e-01
-5.326671330849378494e-01
-4.721139200640865896e-01
-6.542837604506640536e-01
-5.577305432929774431e-01
-8.661577347921938230e-01
-8.465743505541408753e-01
-3.727914255602626237e-01
-5.201980481748905705e-01
-6.308076469646457518e-01
-5.220591585240619975e-02
-1.472421709336038664e-01
-8.446286297583589786e-02
-2.575428651237320898e-01
-5.493501251227191906e-01
-4.704352936273155095e-01
-2.180452375184394886e-01
-3.925376724559802577e-01
-7.419257976363554663e-01
-5.574459107502016675e-01
-6.020657805434835863e-01
-4.799962289831103401e-01
-6.804919743939337184e-01
-4.919512442206817604e-01
-7.421715716243781902e-01
-7.637854943198996160e-01
-6.389634357482995020e-01
-6.567913633700568354e-01
-3.704082974997320310e-01
-1.000000000000000000e+00
-8.820588164929411557e-01
-2.965393166226101829e-01
-5.167666032439810486e-01
-5.310448877716337224e-01
-7.040915434155547992e-01
-6.414393779590257250e-01
-4.785290435398014686e-01
-6.990777486839963029e-01
-4.855969437919319676e-01
-3.102243490454409391e-01
-2.763282627801684210e-01
-5.787478011695061930e-01
-3.485996526047576705e-01
-5.329333607957470464e-01
-5.363748082850040566e-01
-5.114400828830605317e-01
-6.180158260704479156e-01
-3.686761072983005261e-01
-8.900395718499500841e-01
-4.626580377782261166e-01
1.536945930870571575e-01
2.197103715087324050e-01
1.841358814264186239e-01
2.596499227527402920e-01
2.263824776366044345e-01
-1.819925053267878404e-03
-3.175826714654587934e-02
-9.539825181682666522e-02
-7.394662108551679214e-02
-3.207916771694006852e-02
-1.848916248003530105e-01
4.792161275223107836e-02
4.053953612535147744e-01
3.583937737188917505e-01
2.991338908353720627e-01
2.271135213489373639e-01
2.147731152297224499e-01
1.133470835931221915e-01
4.836507379239816662e-01
2.850536988752964129e-01
4.165460102927551200e-01
5.820146411791636831e-01
4.921346209756586876e-01
-1.374817196573319689e-01
4.741843408131177912e-02
-1.212589652142233992e-01
1.397406076222220961e-01
-1.237616534190041084e-01
3.534124358230477658e-01
3.659929704846874299e-01
2.608990586741976037e-01
3.251741754765194448e-01
1.202747610401325162e-01
3.314918407845397486e-01
5.699611900946643939e-01
5.480693360511881274e-01
4.938359676193171954e-01
5.738484361459940120e-01
6.928706699003658320e-01
4.210282348366969352e-01
2.141780807044064705e-01
1.986446565610225090e-01
-1.007638624604673960e-01
1.083874273963236351e-01
-9.417188466262080976e-03
7.570059305746085210e-02
-2.044848831456921590e-01
-5.449059438327981120e-01
-2.959330626951239274e-01
-3.469045506470432860e-01
-5.976152060950495892e-01
-6.058320406572049732e-01
-7.224742469701490588e-01
-6.549406827427205480e-01
-7.279267492903875869e-01
-5.367023331066272940e-01
-6.177696097995087898e-01
-5.412496712447151248e-01
-1.717936037333533394e-01
-2.706041597186623626e-01
-1.844197006052629706e-01
-7.024676745050605353e-01
-2.576209511972166744e-01
-7.336136174614193983e-01
-8.999478087732591947e-01
-6.251018522738699401e-01
-6.950597153957760455e-01
-8.651409471419798658e-01
-8.947590416619509712e-01
-8.793277787166093873e-01
-2.445727700712861941e-01
-5.571579236910627619e-01
-2.458987749404805412e-01
-5.141548936817085247e-01
9.660417976792219294e-03
-2.837939948841926574e-01
-6.654041066210881761e-01
-2.786342431986471579e-01
-2.854991614174310910e-01
-1.112309238732327871e-01
-3.193599974651490370e-01
-4.255567603482270922e-01
-7.051614214720038076e-02
-6.269557983128526413e-01
-3.858414833433828073e-01
-2.812250748114517029e-01
-1.951818892681655426e-01
-2.329969695643531735e-01
-2.288487708090753692e-01
-3.712159085001574543e-01
-1.916486939504114251e-01
-1.576541270047772114e-01
-4.732254961435569118e-01
-7.363193843669858518e-01
-4.429270123829795458e-01
-7.563031922793649331e-01
-8.045818149753622972e-01
-6.952782337485706732e-01
-2.491799634334268265e-01
-3.593918887603834711e-01
-4.170788417957997374e-01
-7.020828701705550227e-03
-1.580722150060912545e-01
-2.030695635706002977e-01
-2.849018248259084229e-01
-3.420292910113640339e-01
-3.467302305848358746e-01
-3.560662539617933664e-01
-5.422777881553373369e-01
-5.766525758497036414e-01
-3.511475464510121491e-01
-3.721403514100498633e-01
-2.297527950361284987e-01
-2.265900402448521589e-01
-1.915530937468148398e-01
-4.301723009987754587e-01
-1.261726899798820134e-01
-3.967183181351877641e-01
-3.091500124850793396e-01
-1.273862256053533981e-01
-1.881373251178486694e-01
2.635299874003625004e-02
-1.845215875142290352e-01
-2.608674488895632582e-01
-1.221893383162286351e-01
-4.781235933704794383e-02
1.475353654547616467e-01
-2.146503611370636222e-01
2.022667099912560038e-02
-8.504517643934389470e-02
-1.182624610623778244e-01
-2.032810512870737718e-01
-8.261175475190798978e-03
-1.625638483802460121e-01
-7.325017181192302988e-03
-1.973202925763472247e-03
-1.256182475135752263e-01
-1.874539513487262499e-02
-4.576526780414383322e-01
-8.203448851097645822e-02
-5.075575253151352190e-02
3.069890940068062957e-01
-1.977351536312991695e-02
-2.970682301313421793e-03
-4.604492586444243196e-01
-1.461549157043672276e-01
-3.839903603810094213e-01
-6.054216845644922601e-02
-1.095064183333736840e-01
-8.439935349214308657e-02
-2.735216039378333686e-01
-1.138946963471698520e-01
9.295818074358819239e-02
1.991923585986927862e-03
1.317747577893822741e-01
2.146126978563458465e-01
2.466589821186485759e-02
-1.551049772595839427e-01
-6.008682599701601484e-02
-2.495751674150285468e-02
-1.911109672758876665e-01
-3.854502119171542840e-01
-6.066713626732406217e-01
-3.846411786556576118e-01
-2.104114160117083465e-01
-3.574456542721122787e-01
-3.744064199291020634e-01
-1.832069871461901311e-01
-1.577801246731855289e-01
1.286838737661770600e-02
2.851490500874020451e-01
-8.684471958990948315e-02
1.543295976569563632e-01
9.292006692696966330e-02
2.253894276523395468e-01
-4.384722257659101619e-02
1.382325556421770962e-01
1.444130418755313616e-01
-3.500067601676153384e-01
-4.423785519573421587e-01
-1.609201094919178177e-01
-3.675596007321887404e-01
-2.391817785939077956e-01
-6.067498369154014082e-01
-5.251640749830953636e-01
-6.374690803064225753e-01
-7.932999607024404654e-01
-7.710698710785711674e-01
-6.902962241123994369e-01
-2.414658194595680485e-01
-1.782983672130823705e-01
-1.114468211934876857e-01
-3.361214699435589592e-01
1.000449434319954783e-01
-2.786786772956833524e-01
-3.341875884354871262e-01
-2.956026770114756341e-01
-2.549372195137964980e-01
-4.183740293330294180e-01
-5.535348179094076032e-02
-7.374624479642212516e-02
6.920093361367507523e-02
-1.121164822800438388e-01
9.826642279727873519e-02
-1.303371269932410148e-01
-3.599613492500526590e-02
1.531429987066955656e-01
3.982292339898278050e-02
2.580975551119873423e-01
4.535714219578972084e-02
1.774622516824102825e-01
1.185952798498059041e-01
-7.197249181065888679e-02
-2.427547864616397544e-01
-2.928363361090089989e-01
-5.218394570045954417e-01
-1.294374270557099860e-01
-5.146522078883517676e-02
-1.440143847056953030e-01
-6.059910307629161608e-01
-3.236939184577719009e-01
-2.834053521124150210e-01
-4.243982157237454755e-01
-1.861525549026986914e-01
-3.456080409293316724e-01
-4.633883659409178679e-01
-1.155842695937715353e-01
-2.139141742463282758e-01
-4.060506804864480457e-01
-5.944823002159892456e-01
-6.514641774851295253e-01
-4.387135072341835640e-01
-9.625029763164517638e-01
-3.775300443673271222e-01
-5.702026990983309895e-01
-4.359308367943833806e-01
-4.221864179530923633e-01
-6.015933659638736941e-01
-5.466962352946982406e-01
-6.473070061485811655e-01
3.294436253561393302e-02
5.731441357246165325e-01
4.191830324112376660e-01
1.881494857809917765e-01
4.580658050000876447e-01
4.903096674312958370e-01
4.711205841964749563e-01
2.960633635004885633e-01
6.615941553347576276e-01
3.890057768234986280e-01
1.800366099646737994e-01
1.628617660325839267e-01
2.149648454682383247e-01
3.436368292110429934e-01
8.421028601593705254e-02
2.401244773523154019e-01
1.807909148946303668e-01
3.527729292070899136e-01
1.844470804453875179e-01
1.514830450349962110e-01
3.725252853981125267e-01
4.105153255565494042e-01
2.078043310102471453e-01
2.354864134578700807e-01
3.908072473438602146e-02
-1.017493491050977944e-01
3.273834252880481518e-03
-1.322091487836310753e-01
2.058565059801734931e-01
2.419535724419874245e-01
1.595577191906167036e-01
1.460547989379240401e-02
1.429156569981104019e-01
-3.925268876938634716e-02
3.007119367067190852e-01
6.351245015811865513e-02
1.082590088966677994e-01
3.627719258777399869e-01
2.142960433643683327e-01
2.706378732539754806e-01
1.235609677663208339e-01
2.045474746640940089e-01
3.202884465120742208e-01
3.508987473948723679e-01
2.747683106917154783e-01
-2.202553633882619599e-01
2.438069937914387753e-01
-6.722904325756079436e-02
2.443419707484992542e-01
3.307036238450606902e-01
-1.562095887592604426e-01
1.396519216573877953e-01
2.606058491661371046e-01
3.280565145068288224e-01
2.856289709370997132e-01
2.738123182695953450e-01
3.290122069890037970e-01
4.378507551320227620e-01
1.216754162685880492e-01
6.108927871335321225e-01
1.414496209252233960e-01
2.669013724693248268e-01
-1.947399697948242001e-03
-2.399835252677116060e-01
-9.005387661290403800e-02
2.551739115365890265e-01
1.781519908909551253e-01
7.598634342005607112e-02
-1.141063093234114950e-01
4.360030200104372117e-02
1.106996393206183260e-02
6.029194470012469442e-02
1.663911824916683088e-02
1.937290762738661312e-02
8.223302281923004775e-02
3.455456412424256357e-02
-1.336157554245916840e-02
-1.450597265471587072e-01
1.986764117362730120e-01
-5.892015754318456061e-02
-2.257110054200845706e-01
-1.533070462570001180e-01
-8.122247781702755798e-02
-7.519165305378966435e-02
-3.062753326390979178e-02
-4.125408890331431766e-01
-1.571598958277019842e-01
-4.229453955033328771e-01
-3.171774783898799743e-01
-3.050704952720419971e-01
-6.219908759190977826e-02
-2.757915540086614548e-01
-4.713530807499444752e-01
-1.997628202916114926e-01
-7.620753034005355031e-02
-1.031548815392260982e-01
2.371280154364065196e-01
1.834295246336652419e-01
-4.736166166111459991e-02
2.378692940755207097e-01
1.804294159540349163e-01
1.838099225467825226e-01
3.324754672677018852e-02
2.881241422320006684e-01
2.935317327984689473e-01
1.084912847273951375e-01
-7.873684806921406321e-02
1.234565894221764833e-02
-3.727069331125575785e-02
1.734000648201957373e-01
1.586046410898992176e-01
2.868127026132108459e-01
2.512668109454588850e-01
2.095208483903844843e-01
1.997410691200648680e-01
8.304643159155292165e-02
4.247653992067775830e-01
8.099968612726186901e-02
3.067867523511679240e-01
1.304836330013943446e-01
3.167068647181978114e-01
1.664724690194914203e-01
1.058025390738702443e-01
3.832413002313423966e-01
7.470125346360455276e-02
1.046616435334842832e-01
8.408541728806098736e-02
-2.023670762709459114e-01
3.568315850166278030e-02
-6.327964230553126401e-02
-4.828113257913326656e-02
2.292293648261144873e-02
-1.335906349726521947e-01
8.173923194207917409e-02
-7.228164712737339404e-02
-4.123238251902410223e-01
-2.875889950292891215e-03
-1.148288175859710984e-04
-1.170481155562552167e-01
-7.292247449267472148e-02
1.471484519502079535e-02
1.601791377511048720e-01
-1.722167862224025514e-01
-2.093698923247924448e-01
-2.034013818331579238e-01
2.004871061568866408e-01
-2.481186513666995899e-02
2.865173642999071027e-02
-1.024668610341004094e-01
6.473476284236601153e-02
4.260138758912280776e-01
4.282996334090785062e-01
3.635683645286259535e-01
1.605716174195294943e-01
1.725813174399423444e-01
1.558337702435549643e-01
1.864082223208654299e-01
-8.218680011766493765e-02
3.288425086544401466e-01
4.912730797750863299e-01
2.289209486190530995e-01
2.562883271227478499e-01
3.328675821336606888e-01
2.869320427317433309e-01
1.051896086808150887e-01
3.315678325880777599e-01
2.018631341827284084e-02
4.873120837796130478e-01
4.624843541553681492e-01
2.802622870919508902e-01
3.918098538797957220e-01
4.351469820472905203e-01
2.666822284691041101e-01
6.223420617899536045e-02
1.301526426664807168e-01
2.326873945449706715e-01
1.064897646471558990e-01
2.200345441172994188e-01
3.289195113525246739e-01
4.078025426903801876e-01
-9.202448500842311252e-02
-2.504339161557634849e-02
-2.115061410150795573e-01
4.345754295738267214e-01
6.497905798943489630e-01
4.417640748195599265e-01
8.035213021078062567e-01
4.452884130714835909e-01
6.584755484488337141e-01
7.018243830161264851e-01
3.034880651782707051e-01
4.071114243014308798e-01
1.402488905209373360e-01
1.497391278322473818e-01
4.063747608499854724e-01
2.930888551381763407e-01
1.723206826686211057e-01
4.706854546219581548e-01
3.137497599919653601e-01
4.237240676259143024e-01
7.277818241439312219e-01
2.671608425173642165e-01
3.689593578412145858e-01
2.480977216296550714e-01
2.512053526303979489e-01
6.309297150684651800e-01
8.144751089292354695e-01
7.127218670333662631e-01
5.866586539940218392e-01
6.620761578676467307e-01
4.866482826021106267e-01
3.489235933337585527e-01
1.159025229725992312e-01
2.941916726257055581e-01
3.180922497153784168e-01
2.213900389717134154e-01
2.572027378694242694e-01
3.440336228945243824e-01
9.944504323258293588e-02
1.567299025507851440e-01
1.094903598960765279e-01
2.221189009621325761e-02
-6.766839516973917334e-02
-1.584794479359680763e-01
1.475583862706102145e-01
-1.354312974826815674e-01
1.551334544634087598e-01
1.455812539125022620e-01
-6.294863774412208512e-02
1.325857961852978106e-01
-2.364848028506169875e-01
2.635507646069417120e-01
5.510923068381060608e-01
2.197061145558422690e-01
3.188422275370714765e-01
4.477001509244037947e-01
-1.305470795338297962e-01
8.165867238638936654e-02
1.091733624293942384e-01
1.108231219871985140e-01
1.380315079441973014e-01
3.586623786314450113e-01
1.768870052897469625e-01
-3.195885478679384023e-02
-1.584356095039646251e-01
2.404303243608726937e-01
-9.389194793789447380e-02
1.119194087006809696e-01
1.211877286692900901e-01
2.197579412430357981e-01
8.049158767125259850e-02
3.443560813932188269e-01
3.736416522370781257e-01
-2.016418204607696996e-01
2.986978598305495280e-01
3.764461199920693946e-01
1.742627097708431827e-01
6.056801237460737730e-02
-2.638610816258299060e-02
-8.795704579709169579e-02
2.930671620208999753e-02
1.802021900626740031e-02
-3.345250104829808335e-01
-3.636909719582635814e-02
-2.560157963968893169e-01
4.747312925563847430e-01
1.124677634817784627e-01
2.521918679116884054e-01
1.057216379041284599e-01
2.184500552874965584e-01
2.364756612686455817e-01
2.160912537680296786e-01
2.682863449884095308e-01
5.196740019715537784e-01
5.473152846168582997e-01
2.619684571272209994e-01
2.476306378607047443e-01
5.117351888964879469e-01
5.695051271113973357e-01
3.926537366093618697e-01
3.202256882813523386e-01
3.849524513160740291e-01
3.158220788862584616e-01
3.118257014121876836e-01
3.145641758381175768e-01
4.752174213870968833e-01
4.519800233615779983e-01
8.885444754619825636e-01
6.764578648736168098e-01
8.065498495711935778e-01
7.459727776372709895e-01
7.675095347950992020e-01
-8.293438501885604108e-02
-6.901663481994965710e-02
4.295175915757266649e-01
3.991383113600329158e-01
5.156367182472253868e-02
-1.659103680791207402e-01
2.339473498130527906e-01
1.857483832160207460e-01
1.830604443103326096e-01
1.279046569062114447e-02
2.056999454769989355e-01
-3.528061048840411273e-02
2.299353693647017971e-01
3.703998713941931697e-01
1.493586604485448999e-01
1.752740247803960816e-01
2.243101631016639341e-01
-3.449172348048217679e-02
1.223933662988528105e-02
-7.469729879447896403e-02
-1.679570614146271013e-01
2.340515420664450175e-01
2.121954160110231802e-01
2.269969803993011903e-01
2.021359082488160819e-01
4.441066420438598561e-01
3.364314886646521674e-01
5.480402044201228007e-01
2.664945591149097126e-01
3.950566067135420911e-01
3.460315149705519566e-01
3.989905979889685206e-01
4.080155757539175587e-01
3.787137009673227084e-01
2.537280647157740820e-01
5.442556967527318879e-01
8.586249031076979843e-02
3.538865408417253278e-01
-4.705901184598022813e-03
-6.607661926790460438e-02
2.186046511246573232e-01
5.163001173691537937e-02
2.404913207441084499e-01
3.240005621666791624e-01
2.873344110268032936e-01
5.390942140288935702e-01
4.252955354180688596e-01
1.713802263518099944e-01
4.039562823317819351e-01
7.133633470165662294e-01
3.740393867135937689e-01
3.078667987138362649e-01
3.550778762449136594e-01
6.101053450533471256e-01
4.420514195333873908e-01
2.140716990605901482e-01
2.050001812499603893e-01
7.725570419564782576e-02
1.008884331469373646e-01
2.477454775729787118e-01
5.249884805982003577e-01
1.078792595620404332e-01
-4.889069270592973082e-02
9.397748611853884437e-02
2.980268270260997276e-01
3.350601229417218274e-01
3.263961629558350674e-01
2.077805532557635004e-01
3.466815469796846738e-01
2.454958019899838029e-01
3.507474962566327625e-01
1.775415501881170144e-01
4.902222890012843115e-02
3.028445852335016619e-01
4.036092822082384957e-02
-3.421006222141252384e-01
-1.138564123959540930e-01
-2.287005858704506123e-01
-1.704906577797287992e-01
-1.113055656783812630e-01
1.921926981190749673e-02
3.567784214070552490e-02
-1.155521540045099937e-01
-3.023454333691849572e-01
-3.914208813790075875e-03
3.552722817764102786e-02
-7.289596669183932842e-02
-3.211625506244408790e-02
2.004507070805000013e-01
-3.605701745566770589e-01
-2.961152761616400904e-03
-9.111139988015688751e-02
4.046950600978407864e-02
-1.924271854896859035e-01
-2.552341209552853596e-01
-1.050622961112887693e-01
-1.044870137861556025e-01
-1.425601113980590239e-03
-2.542145738365729213e-01
-2.055486433069432795e-01
-8.198815017610495970e-02
-4.248924567856217638e-01
-3.961401041406530932e-01
-7.290391692601753959e-02
-3.018525292193774967e-01
-2.985411024791823076e-01
-9.345427113018590914e-02
3.894453020987121566e-02
-2.011910747954259032e-02
1.575691427093538211e-01
1.103129252343016953e-01
3.068880635616410557e-01
6.619977078867704812e-01
3.808852622122254616e-01
-1.760291101380634382e-01
-1.426470874651952769e-02
-2.377556191687371367e-01
5.339997348329689891e-02
-1.338704607579206673e-01
-3.072594123173726932e-01
-2.089969046619907511e-01
-2.951062171012185931e-01
3.658876399468815044e-01
2.147506841029497293e-01
9.534627735305534202e-02
8.073064764500670343e-02
-2.011696337476071711e-02
2.350561756469589647e-01
1.868442898643397632e-01
8.315554468848990188e-02
3.716043912066788191e-01
4.375400478814201466e-01
4.253659625938590594e-01
-4.720435335258574283e-02
3.619980042870740451e-03
2.949085064056827452e-02
2.208532773440001762e-01
1.975054648778147848e-01
1.639738392549870138e-01
6.170820926011410384e-02
-6.503907019484239660e-02
2.992859442143573356e-01
3.547730292408496910e-01
1.182454811054858140e-01
-3.342186193999484578e-01
4.147922849078393148e-01
4.897985987821047993e-01
1.133797360069725424e-01
1.742056770862873971e-01
1.706275509529175394e-01
7.665669024333089665e-02
8.552925977881589703e-02
-7.724605335147299856e-02
2.741636331718558806e-01
-2.358005629503981057e-02
1.086459148397555946e-01
-2.230338011163715203e-02
1.694198160242148254e-01
1.578901150281835919e-01
-1.108386228474689400e-01
-2.112407949651175787e-01
-2.530919655814022895e-01
-4.319448724343034618e-01
-2.311990742376625607e-01
-2.684375775673832898e-01
-1.267874068048049918e-01
-4.756290455150410934e-01
-3.372740970223923607e-01
-2.435160862711852059e-01
-1.747914491748768506e-01
1.255995454101951556e-02
-2.884158209970363873e-02
2.617841943811197725e-01
7.801294756903798255e-02
3.609409338102604475e-02
6.694745584537672989e-02
3.030000791793943660e-01
1.720527613416004409e-01
-3.417093479587964833e-01
-4.668872279600395914e-02
-1.916643012091641118e-01
4.406343277748685228e-02
3.864888324111763196e-01
2.116986873916804623e-01
1.451333723055233949e-01
1.429077009488995131e-02
-2.361404016136431638e-01
4.119392393293744986e-02
-8.330735386757052996e-02
-1.760300684377407165e-01
-3.125641393827563452e-01
2.534422322312741560e-01
-2.305710457387914192e-01
1.211249484683209615e-01
-8.158405656327440136e-02
-2.333584256679900604e-01
2.343453097308917377e-02
1.527658519819728722e-01
1.615436116828390389e-01
3.314272577999575198e-01
-1.907736341523595322e-02
3.292369417092365080e-01
2.086429776520628276e-01
7.356708311935571121e-03
3.320360262356070180e-02
2.746885804459196501e-01
-8.739022735908527628e-03
5.547574823853893694e-02
3.098886155257553066e-01
-3.090641907745239614e-01
-3.851665857476713195e-01
-8.801290630276209503e-02
-1.954412032150538436e-01
-2.116851723700163834e-01
2.790389166974355586e-02
-1.229351466738082543e-01
-2.995885097056993351e-01
4.789225834984948277e-02
-5.716491116247257587e-02
1.321113033996284825e-01
2.622199043586582734e-01
2.486610154659819327e-01
2.145056996925782389e-01
8.965002496795146381e-02
-4.097269481587028500e-02
-3.276815954911981715e-02
-7.973104657379955981e-03
-1.221991723620727277e-01
3.666328340069103325e-06
-3.178135521727660229e-01
-2.499586370616432851e-01
-3.605488637727253809e-01
-2.835147031516961902e-01
-2.044831172162199229e-01
-2.559969381489049511e-01
-1.643833450628909010e-01
-8.698302819844541678e-02
-3.229398632323844387e-01
-2.492146241743771473e-01
-3.069336774183434660e-02
4.380934452507820875e-01
3.500560092578344773e-01
5.189806180736602492e-01
2.325397870351361695e-01
1.294555700103608153e-01
6.561966158572828112e-02
2.556276582326857394e-01
9.804702419773915489e-02
-5.004366481206016549e-03
-2.258765473479949076e-02
-4.589634943543805523e-01
-1.231046282440569940e-02
4.508952862595874134e-01
-5.788661226328839504e-01
-2.200900437702950907e-01
-4.102633627086271773e-02
3.725759666349297006e-01
1.827163951566526945e-01
4.332760482020645565e-01
4.015870520933724208e-01
1.750970946635051484e-01
4.663689447158967383e-01
