2.545584064846667660e-01
1.424082613066704750e-01
1.721446579518446374e-01
3.410726569089812532e-01
5.244448010345066358e-01
2.912873697987751198e-01
4.359115857995950472e-01
3.655044797330271877e-01
4.570301547127578190e-01
4.679341527609094942e-01
3.087059597917264364e-01
3.473448841586879166e-01
2.759535011970262186e-01
3.446754193171211456e-01
2.964575018753008440e-01
4.508587478915326852e-02
2.434180682851772026e-01
5.555040175127083923e-01
2.822020385835738998e-01
3.600173896537062213e-01
4.600024034376695714e-01
4.497030346174299975e-01
4.075377478996998204e-01
3.093617059871102137e-01
3.623199164336903255e-01
4.798456554008180275e-01
4.962429081071223491e-01
4.433099929292862451e-01
4.973439836952164850e-01
2.929053517937000861e-01
5.453183715669673859e-01
5.705566690888377313e-01
3.321478513178615644e-01
2.247659113887906512e-01
4.584155743555032303e-01
7.535244426356338954e-01
6.342488231355017936e-01
6.932497723500957720e-01
4.181116993615593413e-01
6.896322002268741036e-01
4.617114434030680226e-01
2.333884854093546957e-01
4.008163637465413931e-01
2.950741261878110921e-01
3.996631897122142063e-01
4.459293181257393823e-01
7.069149336542071005e-01
7.753910961384123945e-01
6.742235344224873916e-01
7.291031457522167969e-01
6.662446706395761531e-01
7.149268247422840838e-01
7.302499869130170129e-01
2.164532963615181382e-01
5.169602515534640341e-01
2.315147680946169628e-01
4.735077627603945793e-01
2.495969643868253818e-01
5.582317233712271731e-01
4.797470496924224337e-01
4.932579481706362290e-01
4.722222717281814308e-01
4.507394553020601657e-01
5.391900823592070680e-01
4.129643840727478810e-01
3.570403201697497364e-01
5.307581179538339855e-01
5.036480603647200960e-01
6.858501852421582390e-01
6.018724627133659189e-01
5.200270299590085132e-01
3.704756772783182051e-01
4.107009625615659076e-01
4.682377320298606871e-01
4.559881818306407708e-01
4.344661127157883329e-01
1.243341395027862673e-01
3.808675979401003331e-01
3.506529671116368485e-01
2.353742416940882154e-01
2.519088689003194936e-01
4.075850776883478965e-01
1.779105190498202899e-02
2.685587359205545144e-01
-1.490932311572096269e-01
2.030326401452639262e-01
1.765436860166959832e-01
1.969901426462143113e-01
1.912724911061124689e-01
1.340649409901560341e-01
1.196471011376562810e-01
3.261945060539727520e-02
-9.731137049921669002e-02
1.494614922805950763e-01
8.256641413336776592e-03
1.953535484109152343e-01
-5.202841449734616625e-02
1.616031895615082647e-01
5.175828114801498542e-02
2.181217569738780060e-01
9.445408323803620998e-02
-4.907527011217527324e-02
3.231849717182071480e-01
4.937107887978811616e-01
4.904565541216475699e-01
4.982378247156397655e-01
6.819374218752118910e-01
6.169362565536877785e-01
5.077025638923245987e-01
1.912860953128117381e-01
4.064805970583433847e-01
2.370672960191173295e-01
3.915485672357160718e-01
6.123594313795468480e-01
4.108927401712232363e-01
2.952259403927355863e-01
3.739370163681058901e-01
2.391709957887057370e-01
5.065435461577564441e-02
2.788415121839954991e-01
2.368704163002152696e-01
2.469725795510101518e-01
2.107221589602990830e-01
2.254130465622473101e-01
2.080468030348189834e-01
1.824279797607288034e-01
2.645244767949412323e-01
6.784535352428394672e-02
-1.121852957731218382e-02
9.318374536404085140e-03
1.612862266827256863e-01
2.761754215934123652e-02
1.024138985347528563e-01
6.154764254511117111e-02
1.494023905952411024e-01
9.282123341884364331e-02
5.560949114405853988e-02
-3.259204009107493499e-02
1.109551662763264002e-02
7.150205936584971833e-02
6.016376157828443733e-02
-4.923389394754652815e-02
2.233217556836973039e-01
3.252620281798486168e-01
4.614695060998287857e-01
2.679506856978480789e-01
3.206464363678623863e-01
2.912634553226906564e-01
4.611692496657788243e-01
3.580667474804800632e-01
3.765752793826143141e-01
7.655612427918317975e-02
7.520823172591768746e-02
1.309053778284628156e-01
3.461260260354775964e-01
8.133103573038517886e-02
3.382714558851367403e-01
1.762770255389421725e-02
2.641916242615829358e-01
6.784331821764940651e-01
4.993773404607989019e-01
3.092000548294659978e-01
3.574179758185553335e-01
3.208043966850124828e-01
5.934726925906884665e-01
2.777075548654769355e-01
3.685290389396329580e-01
2.792878578441515547e-01
1.703811349718831469e-01
1.932147496774824780e-01
-2.332357721292833627e-02
9.643998342212777020e-02
1.287446945415472443e-01
9.341645143619474803e-03
3.780607185728110942e-01
1.797465452391480978e-01
4.343336101038943742e-01
5.654428770371987545e-01
6.026377772949698119e-01
4.278764508739272832e-01
2.711257467104811747e-01
1.462053956158916312e-01
-1.079323120837387268e-01
2.637476677483832077e-01
1.042880946005960707e-01
1.234199372118897076e-01
3.896648951676536660e-02
-1.649300712626616816e-01
9.611996245817883144e-02
1.387010841812465478e-01
3.283357347135567039e-01
7.499509796895771629e-02
5.769556157770850541e-02
1.613457012959214898e-01
7.553876621979457862e-02
1.937485291640546337e-01
6.955166411344369803e-02
3.233968823854895258e-01
1.712307181677036050e-01
4.506605692070483893e-01
3.359926571125657069e-01
1.968075577164773438e-01
2.734802334506767352e-01
1.136775068542722894e-01
9.733397710581986884e-02
6.423066013605541191e-02
2.614822908238038646e-01
1.731441802166739097e-01
3.428191974549693599e-01
1.077095249211294237e-01
2.323315778706971646e-01
3.933718995079954484e-01
4.825034251630767046e-01
4.778189353968971820e-01
1.894979148781471556e-01
5.034170711440111995e-02
1.387226066046941542e-01
1.604903262956882681e-01
1.195592834152659351e-01
1.272347686243298637e-01
6.406956450257829394e-02
1.709251562411643610e-01
4.523353892959313671e-01
6.332804895250661037e-01
4.312979462569678235e-01
6.426174951354099996e-01
4.346849644109409549e-01
3.035905153181268079e-01
2.945054567323704409e-01
-2.894688762854938477e-04
1.026013750529238128e-01
1.915877632259689323e-01
2.470960440509813449e-01
1.531553400407788534e-01
3.410039707841126116e-02
5.006246507087099007e-02
2.050072948632465641e-01
3.181385389967887611e-02
3.521490456634130406e-01
4.496821593128443317e-01
4.486162408701349080e-01
3.827049766793966246e-01
3.658912283044546965e-01
3.615504656328887290e-01
2.509611104112912106e-01
2.279423664252372694e-01
2.944162474007891439e-01
1.160604554483831014e-01
3.897188541680319251e-01
4.631943019330429512e-01
2.148897601713632144e-01
1.818563478239519082e-01
-6.390774833493466367e-02
7.348200957750732065e-02
9.047378949472753562e-02
3.138621488985838398e-02
1.451001187614768817e-01
2.608983248627421703e-01
2.640176117480850793e-01
5.719474858117802596e-02
1.694726787007470870e-01
1.706338095306386415e-01
1.803512301438860710e-01
3.049975608745367217e-01
3.318215102763498736e-01
6.353561244796372687e-02
-8.416465320332179589e-02
-1.644007138393266676e-01
-1.158810291909143364e-01
-1.292988037264950485e-01
-4.402387357507331345e-02
7.626761849092623946e-02
1.331180319764050934e-01
2.462116942991047219e-01
-1.834800070166749467e-02
-1.990228757275502858e-03
1.021713825003369748e-02
3.286050488871956055e-01
1.299900958777508164e-01
1.309359406012502447e-01
2.881994742227194095e-01
8.699151891121846905e-03
1.122446259645293876e-01
3.934045237583400773e-02
-7.682384865482468073e-02
3.309205137053431445e-01
3.087786052549508845e-02
8.151767332703140079e-02
3.236124861171230660e-01
2.040624726904965436e-01
2.430718113065310770e-01
1.065269720080454369e-01
1.693292880125608357e-01
3.510830350748229689e-01
1.162619978502463514e-01
5.694747506570955325e-02
-7.558776627245050728e-02
-1.621635437965443516e-02
-2.428913050660989892e-02
-1.547579198590484303e-02
-6.357706516377656381e-02
-2.308508548927659387e-01
-9.910574256253477932e-02
-2.877408771648256799e-02
1.441358777162196347e-01
1.618382067456336226e-01
1.348170555635532508e-01
2.931673390292489634e-01
2.561445202285108635e-01
1.607987703197580331e-01
1.130537689345296332e-01
3.455637101274619538e-01
3.421462447593300316e-01
2.865673566869529898e-01
2.291422042534053127e-01
2.799585916741536562e-01
4.209832687305434806e-01
4.256341896699629701e-01
2.374143320490847975e-01
3.308070128014664046e-01
4.882350808060907932e-01
2.142255684800162541e-01
1.991654728343050518e-01
2.995702124912973385e-01
3.407404612055582316e-01
1.355698880184981747e-01
1.419977170332862582e-01
2.912108781532912194e-01
1.322376786295526296e-01
2.824059929242423439e-01
1.980808172831179659e-01
-1.981234097814530207e-02
3.517580691663216297e-02
1.193955465002885102e-01
3.480908462089511990e-01
1.999321741223265836e-01
2.727259982441367914e-01
2.052445051182457403e-01
1.512618335356633870e-01
1.959903486511979931e-01
2.061216626883639602e-01
1.635361015671567553e-01
1.626401216041095943e-01
1.838082052728396143e-01
2.106645034794810689e-01
-1.186608976625038031e-01
2.146304283451574979e-01
1.764037869978347939e-01
1.522615051631625582e-01
8.981090547509247568e-02
5.766385425188077368e-02
2.490912911743927149e-01
2.342485662550004566e-01
6.115176813618971620e-03
6.648849228041404935e-02
1.802104056840169166e-01
2.268217770236663766e-01
2.787588555948737334e-01
-6.342732958179665703e-02
8.853384252383346420e-02
1.021707821229006219e-01
2.336316196389483235e-01
2.321954488676927497e-01
2.792966562358217275e-01
4.218738537782705800e-01
4.529303846619531781e-01
5.096576433763035929e-01
2.572342000711677623e-01
1.380427343982174593e-01
1.557429745430546630e-01
8.408310372217479844e-02
2.455108716951465986e-01
2.896265107923924331e-01
2.069326570968923473e-01
9.215915750297531961e-02
2.454117890536010593e-01
8.247352512077063547e-02
7.001693063345319767e-02
1.913121291662432388e-01
2.484205658540493133e-01
2.020259504012209550e-01
3.496320193035738766e-02
3.222697089380344160e-01
2.051613781170160133e-01
1.673165739419657794e-01
2.068916966277516423e-01
2.417403985678767964e-01
2.965248016517627594e-01
3.351984535318647818e-01
4.096832673686126025e-01
1.620827780497660631e-01
5.408752905181982706e-01
6.635225384199997523e-01
4.423932817419537478e-01
3.575175921159708392e-01
2.505456406010089232e-01
5.253573286310677659e-01
7.316964544910857793e-01
1.000000000000000000e+00
9.462868965649532393e-01
7.792360256590992185e-01
8.445542983268822246e-01
6.700551199626761933e-01
3.979475203429823638e-01
4.022661918526091451e-01
2.913612417269404453e-01
4.388699703501108274e-01
4.129743382952321129e-01
5.374266034747082754e-01
6.019538549648074666e-01
6.318603307006006586e-01
6.032249535702041143e-01
4.571419114043870913e-01
3.653058216077629261e-01
5.801153199629495161e-01
4.536418998235373645e-01
5.915488727483080300e-01
5.648440941989452124e-01
4.164556991223969384e-01
4.918697736070795634e-01
4.180641086857388444e-01
3.760819052521730543e-01
2.330225722707585656e-01
6.585384800896275648e-01
4.557043892207350289e-01
5.830031313521469860e-01
6.475742080497134401e-01
8.412855880588232527e-01
7.744959346013230439e-01
9.585741354566440497e-01
7.270016958539327057e-01
9.207262027199721866e-01
7.562230903983666597e-01
9.837209095225512012e-01
9.104011911001074209e-01
7.538131699947852038e-01
7.385446451895983921e-01
6.631578915390315965e-01
9.776671642273438989e-01
4.407874692154709617e-01
3.792230468343397720e-01
3.800496797151333706e-01
5.757570885548330963e-01
5.163993500865234898e-01
3.720724772399572888e-01
8.979442703207347887e-02
1.851858818213316937e-01
2.669482948067956052e-01
-4.729990775248812257e-02
-5.759764537114687305e-02
1.634114001923029358e-01
8.057454329074022203e-02
1.054566704368793406e-01
-6.184996333010037151e-02
5.674524258850009023e-02
2.863580599526087678e-01
2.161936879235310249e-01
2.879804218065786792e-01
1.354283668044894973e-01
1.260934069071402985e-01
3.388643992375877101e-01
3.100475987327835914e-01
6.104042328926494176e-02
5.374213110610517180e-02
-3.523978776238267940e-02
-1.923360404774556442e-01
-1.181002411193137203e-01
-3.595155354694040128e-01
-4.125533404991983955e-01
-2.566796740782146258e-01
-4.723215507602190333e-01
-4.726782397111694012e-01
-2.808490845682659054e-01
-3.575879644513468847e-01
-3.420559758844611276e-01
-2.250037193714923556e-01
-3.667845442818393753e-01
-1.576633100011490540e-01
-9.028167364845938320e-03
-1.431467318368565278e-01
-4.372599451320769992e-01
-4.593172331189934177e-01
-7.309281808219186827e-01
-4.623733773585565476e-01
-5.915430745168144266e-01
-1.969562523680696564e-01
-4.826079266614042296e-01
-5.943929101353814248e-01
-6.581431453709580826e-01
-5.350922254864206584e-01
-4.330490223158345309e-01
-5.569576768248227783e-01
-4.970245489323878441e-01
-4.847565682485748262e-01
-6.271936256569209389e-01
-5.096456355117900960e-01
-2.901365503277262836e-01
-5.553902112355707521e-01
-3.147596516768550456e-01
-3.955910925628012276e-01
-5.936409512536835464e-01
-4.394137427967441112e-01
-4.709976616626152524e-01
-4.273605345569222447e-01
-1.713160780777736591e-01
-3.293082920766535193e-01
-2.665077094906565525e-01
-1.739469410373915559e-01
-3.315834146658897530e-01
-4.174963454023772336e-01
-4.970647755372488708e-01
-1.487325306573886174e-01
-2.023904176958025991e-01
-1.477058235664444052e-01
-1.514024294267278525e-01
5.989351247802293665e-02
-1.098849738618410121e-01
2.555298420501001672e-02
-1.161903801575746575e-01
-6.204533077219021725e-02
4.723773854676500961e-02
-7.837961954311044310e-03
-3.036101058540480874e-02
-5.534662088911887490e-02
-1.782588217077526460e-01
-1.401125739341320953e-01
-3.213293594312869317e-01
-7.241713961476306527e-02
-1.084036458209136633e-01
-2.180747123569442003e-01
-5.203545450782520732e-01
-2.358149199058283407e-01
-2.720031399986724829e-01
-3.109435963598358721e-01
-1.738652882628957952e-01
-3.389659748668714112e-01
-1.960490754409114356e-01
-1.756380299118942834e-01
-4.707811012798285982e-03
-3.172641861112148187e-01
-3.433591784335481845e-01
-4.583894038108179969e-01
-1.962830944752464446e-01
-4.476490797289615631e-01
-4.757954923022280069e-01
-4.772620369692232023e-01
-3.156848702388316830e-01
-4.854670524466342396e-01
-5.560725848313979869e-01
-3.564732879156659040e-01
-2.360269549677515843e-01
-2.600868929304531729e-01
-3.065141370141027388e-01
-5.439063916516809760e-01
-3.860958953549787354e-01
-4.131048467478763975e-01
-5.427257520058363927e-01
-4.625512668633392499e-01
-6.536968433395936584e-01
-4.749703111015678436e-01
-3.643378898382840236e-01
-6.256611953077488852e-01
-4.272475378428519099e-01
-2.539384619796747344e-01
-3.847992917696581028e-01
-2.977468927936182674e-01
-4.157510416763392502e-01
-2.916584403934369130e-01
-3.340340673911437741e-01
-2.494041022384692052e-01
-4.465986754988352514e-01
-4.070034724263398296e-01
-6.217258433915096028e-02
-1.337029835897704799e-01
-9.457560523895364168e-02
4.548909044395092055e-02
-3.153574989516531868e-02
1.409518938163478174e-01
1.103283469051736659e-01
-2.622042182589737203e-01
-2.305192001111278643e-01
-4.499372897237551711e-02
-1.257706438634850765e-01
1.734644410194858266e-01
-8.752527860874509402e-02
1.375802521119462996e-01
-6.511890270377766743e-02
-2.086756210653336885e-01
1.271421210297130344e-01
1.793213703101117357e-02
-1.174530730349292174e-01
-7.204405749096426392e-02
-1.701902995854154554e-01
1.013849202675128902e-01
-4.148241166512208616e-02
5.795983822799365831e-02
5.762765776408661916e-02
8.200722241447304384e-02
1.840878144092700230e-01
3.086917531355742872e-01
2.514805970125329471e-01
2.013143644909048124e-01
-1.990997651420133852e-01
-9.126850684412846082e-02
-7.732182340469874460e-02
4.162207083090446735e-02
2.787384915701754395e-02
-2.322681146575064914e-01
-3.597041529665914728e-01
-1.302927277511632120e-01
-1.662950482831129784e-01
-3.151366606556913474e-01
-1.650457885661770208e-01
-3.684821922934753552e-02
-1.477649937134065672e-01
-7.839757476862312113e-02
-2.853537915415898518e-01
-3.138082049455630240e-02
-2.903814620905909583e-01
-3.311099983527507340e-01
-3.080810586340255730e-01
-3.586138134113456832e-01
-3.678577888489399927e-01
-1.701220778156114222e-01
-1.166845708256302322e-01
-1.400265389700204866e-01
-4.553454015852103631e-01
-1.022434000391131276e-01
-1.783506413149457959e-01
-4.672320020120855275e-03
-8.348266037675092233e-03
-6.441365596477824362e-02
-2.479055323435475633e-01
7.958137490207921327e-02
-2.339519444993685277e-02
1.017846760953386998e-01
2.820286077748433984e-01
2.661590028269774644e-01
4.708527145920225754e-02
-1.030067980276147821e-01
-2.409283040405815410e-02
2.209030325167413503e-02
-1.098093382129161216e-01
2.982347768994447201e-01
2.837387983537049685e-01
2.362859349912697082e-01
-1.200826449708272542e-01
-2.511796250850026890e-01
6.079077190838561538e-03
-3.477706282484083755e-01
-2.739991167942508188e-01
-1.930082042394639652e-01
-1.454213707244566278e-01
-9.317428925888360247e-02
-3.238271569410325901e-01
-1.884863476544045846e-01
-1.579216755865231470e-02
-1.820301742427934411e-01
-3.081364707494939695e-02
-3.921440315225329515e-02
-1.318528743756710309e-01
-1.870028757769210959e-01
-1.525532530579807866e-01
-2.193474385482279687e-01
-1.900050210484317270e-01
-1.773029270148464842e-01
-2.148396068954930571e-01
-2.793258461717811336e-01
-3.544949377270552593e-01
-5.557451313758673406e-01
-4.896718918723850233e-01
-3.034148851715557926e-01
-2.532786369123249393e-01
-3.728364610364671150e-01
-2.302690819863950356e-01
-3.437799617255520301e-01
-1.333978387031212465e-01
1.305604931279935599e-01
-9.179072338182819868e-02
-6.520018938104148176e-02
2.262104372971135771e-02
2.229221973756985095e-02
-2.452040383768550325e-01
-1.690047211116698922e-01
-4.289457504335723037e-01
-1.424559928041051471e-01
-9.825766424170347124e-02
-1.357157292274537193e-02
-1.522645539596536451e-02
-1.220699519080737788e-01
-2.154692745909124463e-02
4.095440948088423933e-02
-4.311174057329982268e-01
-3.791956178610065287e-01
-1.254571767149244566e-01
-1.636768842607077556e-01
-3.512249077882276249e-01
3.410736872640262457e-02
-2.111501195783215268e-01
-1.083573339890290671e-01
-2.567227634103441125e-01
-4.437123019167029669e-01
-2.373290770346690726e-01
-2.383854631849573746e-01
-2.467091158076857305e-01
-2.852986414149275007e-01
-1.963051016206208976e-02
2.286368902513982379e-02
4.766722532238273913e-02
-2.203895464721095654e-01
-2.123885088740769533e-01
-1.469762714644435794e-02
-2.967064753296990709e-01
1.376676596982011891e-01
-2.753506817097936196e-02
-7.119887862428639358e-02
-1.399051352178010132e-01
5.509922842479237498e-02
1.095658948266147042e-01
8.611917101649675665e-02
1.234184206385244148e-01
2.316758038157843702e-01
-5.685430974755536354e-02
-1.313910826108433405e-01
-2.868472362585061108e-01
1.025875608629851776e-02
2.581649341025415434e-01
1.033562223099400018e-01
1.996333917462180529e-01
1.425841591406688535e-01
-1.366708287623484286e-01
-2.466481131124230730e-01
-6.359486268071960768e-02
1.775093826281568254e-01
-8.784846213325330725e-04
-2.625342474672774928e-01
-1.453303929791702198e-01
-1.444611509348119049e-01
-2.059582770020702003e-01
-1.853028647270689167e-01
-1.702018499006254515e-01
-2.018019451759844873e-01
-2.418462473201831164e-01
-1.742693569818748178e-01
1.174826312819157725e-01
8.943568197081044890e-02
-3.230890749837742049e-02
-1.340984542042955863e-01
2.721875442642856038e-02
-4.933687267755861028e-02
-2.445175479969275700e-01
-2.023236302031619638e-01
1.683280706405165250e-01
1.932155098071517696e-01
1.251477309891432244e-01
9.445885368192293019e-02
-1.815335656110417251e-01
9.382296924354870116e-02
5.021599641071047143e-02
-9.788789360259182726e-02
-3.384504084658864209e-01
-4.100779390281179548e-01
-3.463365347719105092e-01
-2.452017534214940286e-01
-2.927214466199879947e-02
-3.516287412935666934e-01
-2.077609139612187905e-01
-3.269469115397057313e-01
-4.498313895205381385e-01
-5.400806955159355160e-01
-6.619128131811652382e-01
-4.935385533978088879e-01
-3.232753666046844776e-01
-4.079286875337326257e-01
-6.612154124788183207e-01
-4.471701054885698912e-01
-1.157139451851951495e-01
-3.502670739027790581e-01
-2.326266745507018230e-01
-1.355531190191564539e-01
-4.363047500544583457e-01
-3.622541767568884241e-01
-3.154410756172099650e-01
-2.441442736750746301e-01
-4.573962889144431720e-01
-1.340560657533936342e-02
-2.440738225984885046e-01
-3.787409611196660419e-01
-2.710335599181156185e-01
-1.583969361271773402e-01
-1.727799567666589431e-01
-1.465577822128733554e-01
-4.146706554096151187e-01
-3.728121252179691925e-01
-1.561257278318195496e-01
-1.797770654443305860e-01
-3.044902028479394215e-02
-3.693083088133383707e-01
-2.504743525630220291e-01
-3.083767491452277243e-01
-3.051574641859821635e-01
-1.388520057581489331e-01
3.913683280821316640e-02
-5.075732310505821632e-01
-5.109188896102313526e-01
-4.254889408408416007e-01
-2.204404550282665354e-01
-3.833456880165597713e-01
-2.717051087966440015e-01
-2.036592812555212684e-01
-4.805591429679584858e-01
-3.858950961966322590e-01
-3.724993135798045918e-01
-2.195330260179181314e-01
-3.093544426877581910e-01
-5.391257432936311655e-01
-4.016439732463946699e-01
-3.777857039266811490e-01
-2.172262704442206593e-01
-4.612724068960019075e-01
-4.269431392415987681e-01
-1.629245718691351152e-01
-1.436804385201867484e-01
-2.903181380813306678e-01
-2.853512731173925010e-01
-2.184329999420776547e-01
-3.205058330395367250e-01
-1.373670433048550799e-01
-6.991452487872934496e-02
-2.000131607950402512e-01
-1.248354238319556164e-01
-4.968726294550591671e-01
-5.605294069287196645e-01
-3.883476244610966632e-01
-2.553135852282193419e-01
-2.721289304991511004e-01
-5.273938098899566551e-01
-4.688180385721312238e-01
-3.263028589436415272e-01
-4.550413468500565939e-01
-4.115529406361013165e-01
-5.887444046255152497e-01
-4.023331521513756059e-01
-6.457090056603490558e-01
-4.614867331273808659e-01
-4.370819785228414189e-01
-4.374405237029183047e-01
-5.047069848288819882e-01
-3.306919135800187592e-01
-3.288960630340314051e-01
-3.148958879398068289e-01
-3.394150655680869821e-01
-2.284175717749508394e-01
-3.702185511035262500e-01
-3.049691324888629818e-01
-1.454513977615123355e-01
-3.019723080685329797e-01
-4.136551478924676561e-01
-4.254819061608606234e-01
-3.906569776127877258e-01
-5.626147641735647076e-01
-6.567762931417064909e-01
-4.047595676245716589e-01
-2.995545923116375575e-01
-5.036991274718156664e-01
-3.049112508264871235e-01
-1.890943434665400269e-01
-5.778948193729871452e-01
-4.272031113915810696e-01
-6.402067395580790521e-01
-7.123241062041394400e-01
-6.876922692363569567e-01
-3.862275433661552237e-01
-4.600373930246885457e-01
2.299695646891779938e-02
-1.359377354861928712e-02
-8.305817248996344437e-02
1.829803238785095432e-01
-3.303954825818144342e-02
9.401310246165455603e-03
-2.264446219343146938e-02
-4.110896231210061508e-02
3.803293136911495721e-03
-5.084918737454270643e-02
-3.028259842740505525e-01
3.654369782602156363e-02
-1.342927798897432766e-02
-6.672230530391790038e-02
-3.103505252909600221e-01
-4.564992542558434785e-01
-2.832660998203953007e-01
-4.215469785792531066e-01
-7.814223359137658642e-01
-5.968499165024790942e-01
-5.427405728341374580e-01
-5.111631940618387437e-01
-5.609075959966667302e-01
-5.159650591512626727e-01
-3.280989567606333868e-01
-5.343296583448450265e-01
-7.194422347045102972e-01
-5.934455474527666752e-01
-5.778691689966057865e-01
-3.060104349087350850e-01
-5.063014683680654437e-01
-5.606210813883184541e-01
-3.765795557835645568e-01
-4.292832045559615284e-01
-5.018980485757184029e-01
-3.863757917743376180e-01
-3.377457328685769533e-01
-4.471813059314141969e-01
-6.625939593583448639e-01
-5.284821887305335419e-01
-3.565838617788726905e-01
-4.834940225667743730e-01
-2.672521676041687000e-01
-3.968438695720922227e-01
-3.580997432620465215e-01
-3.847331075079906682e-01
-5.229202703706096189e-01
-2.068115262558956058e-01
-1.780565966846836545e-01
-4.439980502286433595e-01
-1.448088525296297759e-02
-1.848078460350197350e-01
-2.965523863000969484e-01
-2.679764266345132651e-01
-2.312546509985877186e-01
-1.647513413605317389e-01
-2.470869734129938766e-01
-5.174335346762014565e-01
-3.459490256178666123e-01
-4.668658750561388016e-01
-3.506053500540154411e-01
-4.656851592798338380e-01
-3.553301800384116027e-01
-5.708243942720186981e-01
-4.805599611470090515e-01
-5.542875163987270870e-01
-5.555072734363248887e-01
-7.160193514531754122e-01
-1.314699411018842579e-01
-4.692556718661903825e-01
-1.952899114766860345e-01
-4.025247419412538163e-01
-2.910774797330405450e-01
-5.331852035890897179e-01
-3.962089024355561206e-01
-5.984972978309510694e-01
-5.691624921644837798e-01
-7.052127032280389729e-01
-6.952663427723032585e-01
-3.754246152077373999e-01
-1.704427931281539133e-01
-1.924916383653197671e-01
-1.307372748750491864e-01
-1.935463477666616861e-01
-2.963465990935899019e-01
-1.718100074750386341e-01
-3.658464772577225133e-01
-2.222044751357464543e-01
-5.759942429503538408e-01
-4.017343501709382259e-01
-3.982588982709609482e-01
-4.556446049872738269e-01
-5.735357256865740716e-01
-2.877955065020829095e-01
-3.079925248841340335e-01
-1.596845711625194120e-01
-2.817257931216010092e-01
-9.667574731491185291e-02
-2.614972387875263982e-01
-6.641664383470280431e-02
-3.639738170605883449e-01
-2.808277373317389358e-01
-2.137721993113671226e-01
-1.703305953241336934e-01
-1.730291627454258185e-01
-2.686067999486352886e-01
7.516893080743097290e-03
-1.440728219818234457e-01
-1.716860695255193192e-01
-7.774778928067498096e-02
-2.330655976975669064e-01
-1.078467771491297827e-01
-1.988187128513201063e-01
-2.168662021768345827e-01
-1.507241561912416039e-01
-3.192439147880608008e-01
-9.077495223474334185e-03
-1.783077945898556976e-02
-1.735435080754409443e-01
-2.490242819950888586e-01
-1.419483754005754217e-01
-1.377225966405728197e-01
-2.100960910658060676e-01
-7.833636900660410560e-03
-1.042369580858484718e-01
-3.791816754622511221e-01
