-8.618856997356265370e-02
8.253497753365773848e-02
2.435086246304244417e-01
2.787710416358152865e-01
4.077531612034800412e-01
7.729942950779929156e-02
1.761940286881886475e-01
8.661751471527738555e-02
1.950511569644926557e-01
7.917174272642882316e-02
1.474597653833479016e-01
2.867083552109831457e-01
2.800684950455282207e-01
3.393654415917162631e-02
1.209774197154595415e-01
1.590533221188963342e-01
1.493246782300646780e-01
8.640964851082010012e-02
1.177383227559025136e-01
-1.030720519875017865e-01
1.601250010471874999e-02
8.388460562994065617e-02
-1.016229814167708689e-01
1.429467671161657460e-01
8.913199062248897131e-02
1.862942267260834228e-01
-1.165565906413242592e-01
-1.024787642058755111e-01
-1.162633028794519685e-01
4.016241975636149208e-02
-1.069877845840476738e-01
6.130884309729817128e-02
-3.089856480312367509e-02
-7.405582155294421209e-02
2.168339138585899384e-02
-1.745728157658207047e-01
-4.469242157949879779e-01
-3.683285425500512633e-01
-5.216197850252191071e-01
-4.991451979891504687e-01
-4.507913328725141056e-02
2.107648997603293536e-02
7.346101677380760531e-02
1.787551171281493573e-02
-6.572231628233907164e-02
-8.437339171294243323e-02
2.655887424538836972e-01
-1.516273936257194199e-01
7.051424436550120245e-02
-9.189298734686571213e-02
-4.163132530208400461e-01
-2.030069478141202366e-01
-1.406840022495900455e-01
-4.461818793584108184e-02
8.509833982700831800e-02
1.151763712882869495e-01
1.547774482562744025e-01
-1.200733925251841125e-03
-2.032186513053641785e-01
-2.713844891890562425e-02
6.337575677818231557e-02
7.467615371231120514e-02
2.047816881234878761e-01
1.546079143316134441e-01
5.533923252200274867e-02
2.037280399317343421e-02
1.797060803001899743e-01
1.368873112674604507e-02
-1.173511378966692054e-01
-1.706450145812335797e-02
-1.689536247341045239e-01
-8.458517695843893736e-02
1.244448699510302125e-01
-2.173144741233233868e-01
-5.624764477072988905e-02
-4.991546279378908935e-01
-5.402048821600289319e-01
-5.426903351897883754e-01
-8.779275459846651586e-01
-3.493405152588094364e-01
-5.833507281384378018e-01
-4.559826948926992141e-01
9.997701053379570713e-02
-1.272042419024922155e-01
-3.915966257441638038e-02
-2.829369567980191680e-02
-1.945263724586692167e-01
-4.027004589961229453e-01
-6.184754784318367005e-01
-5.720571671956630189e-01
-7.289123882846313407e-01
-7.360871103467275800e-01
-5.246250748860926683e-01
-6.236557894022047854e-01
-5.057487147982471232e-01
-4.252293454956513896e-01
-4.478068373078146758e-01
-4.829121616706010256e-01
-3.309179924138344608e-01
-1.995686536424045310e-01
-3.572175455004002464e-01
1.553046587373531906e-01
4.276842244703345924e-02
-3.058376894420409275e-01
-1.078887229642284395e-01
-2.008395102299115331e-01
3.455125831208209763e-02
8.687496039856526520e-02
-1.482970429902027709e-01
1.568547137576829786e-01
-9.833193786873441200e-02
-9.695229253246444301e-03
-3.321742517702108710e-01
-5.419862218459703396e-01
-2.463443604725478187e-01
-4.847109938023146936e-01
-2.333347386623163544e-01
1.096429290883257635e-01
-2.366260776275144473e-01
6.601962454537869951e-02
4.815352653328869997e-02
-8.418354828163827908e-02
7.670946800677444499e-02
-2.177035052397076689e-02
-5.496761772474112462e-01
-3.102315155860275175e-01
-4.368707884323757562e-01
-1.699648693032548008e-01
-7.046698273461531742e-03
-2.460396160558092904e-01
-1.517647351749930873e-01
5.159310921397057548e-02
-2.106269318816934299e-01
3.501289881949575661e-02
3.630059291985966996e-01
-2.142763793130081640e-01
-1.734839616441907761e-01
-1.390499672003629728e-01
-2.457901291391507703e-01
-3.391055141312177695e-02
-7.722052302882434494e-03
-7.122774896373082476e-02
1.212849899179202842e-02
-1.871729762125051155e-01
-8.308556787265347632e-02
-1.440271998168926870e-01
-1.373262643055262744e-01
-1.552415619654665124e-01
-1.665737543889946048e-01
9.160844344601737355e-02
1.448061260305194275e-01
3.583971296398018591e-01
1.083737536746082891e-01
-8.527000580483151682e-02
3.212405759208628031e-01
2.113790257440777420e-01
3.060204727858777951e-01
1.483037532370751477e-01
4.438753092266790046e-01
3.359250804548124525e-01
4.705816872295073838e-01
2.353465273124153434e-01
5.341237654040855709e-01
3.478999865107642031e-01
2.266919393811392125e-01
3.827192232369069358e-01
5.000266701091858890e-01
1.598611560702579149e-01
6.856387063502177026e-02
1.743514441161043149e-01
7.503508457140938004e-02
1.633031589122256044e-01
-7.203911725793943344e-02
2.548837419814832528e-02
3.070613859247313671e-01
2.000803291904782732e-01
8.053140427581555183e-02
6.619198691338532003e-02
-1.088007473978133965e-01
1.585998025690606994e-01
2.167239349621963296e-01
-2.002908092665297429e-02
-3.968707785895701085e-02
5.674071018654849308e-01
1.319327561662831660e-01
3.307021911591192381e-02
1.424642523966355122e-02
1.559884234766227562e-01
1.293567119993816461e-01
4.586692290056043064e-01
4.966190030058225124e-01
6.043813495892608190e-01
3.959919004663958741e-01
5.620447191422228705e-01
3.201935476475782916e-01
8.244319152570022124e-01
6.215777317516709699e-01
7.234788552906571413e-01
2.891649826584253291e-01
3.156118914400003472e-01
2.305965001952547389e-01
-1.255194498973154216e-01
-1.894445155885473853e-01
1.304905235587668078e-01
-1.075236944846095638e-01
-2.261184983947007732e-01
8.112289613348623585e-03
5.256064692487226464e-02
6.261019406951358335e-02
7.193492212072272185e-02
-2.242213919382054499e-01
-9.390850244084418541e-02
-1.850420461290389618e-01
-3.005973703306325656e-02
-7.121833284258262398e-02
1.497412926932446542e-01
-9.292280678361594312e-03
-1.614566833755437802e-01
-1.503721232293784849e-01
-2.498632026362040404e-01
-6.950552707513928119e-02
8.388524729341206854e-02
4.333538053596683870e-01
5.654173737408147576e-02
9.412743888372071543e-02
2.973298466298568421e-01
1.893943331200857727e-01
4.358852824146431382e-01
2.630262914419908560e-01
2.272545745686270491e-01
4.311313059353687471e-01
5.626865187215113195e-01
4.025676549651762137e-01
3.843882772463083630e-01
1.507629291753476430e-01
3.396525493497300485e-01
-2.508077756251793078e-01
-3.014266003009757333e-01
-4.337076918440827544e-01
-2.056187461278979334e-01
-2.944175933942193638e-02
-5.216840301884437953e-02
-2.659822901348108948e-01
-4.510177725139059013e-01
-5.499956504161012116e-01
-3.233921253642335070e-01
-7.031177896306605168e-01
-5.037458028122945297e-01
-5.318914035259832973e-01
-3.099673003445933550e-01
-4.906357169819255404e-01
-2.695557212441965778e-01
-1.220333529132241190e-01
-1.935961026447443889e-01
-2.352798765279208171e-01
2.162483671235298707e-02
-1.408326685453343760e-02
-2.509695104848678193e-01
-3.383744751568657505e-01
-1.996133989070295739e-02
-8.992383646093639327e-02
2.360651375425187326e-01
3.747857586247396178e-01
2.911296131647252428e-01
3.170782932153236033e-01
2.555832486474109433e-01
2.093216378352002749e-01
4.428108325289573655e-01
-1.670769045465960168e-01
-2.662842038489355440e-02
-7.067521305511743727e-03
-6.458666017951499028e-02
1.746153375833709998e-01
5.856829393458977684e-01
5.171915816984939962e-01
5.222628706701203383e-01
3.467367997120193723e-01
2.426749972098527219e-01
8.808901280567167646e-02
-1.189737898260577048e-01
1.475249432689167139e-01
-1.122840148828510749e-02
2.353148580940088164e-01
2.646772313770905938e-01
3.717799243037262502e-01
5.259125022633350799e-01
7.569437058165114918e-01
7.902684180752757026e-01
5.580153201448952993e-01
5.194702064778066175e-01
3.380624338665577655e-01
2.087956524569289374e-01
2.533146282659864967e-01
3.863763684019665412e-01
3.564902183388568013e-01
-1.278756861903017905e-01
-3.483134051358217215e-02
9.763361021940641926e-02
-1.838336705115380942e-01
1.646003666743900140e-01
3.790695796176768440e-02
1.030756884237251092e-01
-2.833054068686430282e-01
-1.752932620074677816e-01
-4.008947606501234162e-02
-2.763507376606144650e-01
-2.905735271879730797e-01
-3.538536228649824533e-01
6.689139019811637943e-02
-2.415557663320687110e-01
-1.430170701547301415e-01
-1.715808696174352943e-01
-3.800668212194603934e-01
-1.277133080436932966e-01
-4.861667811309177134e-01
-3.639487408571223659e-01
-4.908357371667473878e-01
-5.479443957894071238e-01
-4.397135870409629166e-01
-4.599232821814543959e-01
-4.033075414371125600e-01
-3.197193060350433380e-01
-6.862846162293186891e-01
-3.770769952835019700e-01
-6.014674563573843002e-01
-3.197908306573100101e-01
-5.600672762023212181e-01
-1.000000000000000000e+00
-4.060672638664424849e-01
-5.189217526253688817e-01
-2.153187559664885842e-01
-2.369691214708643523e-01
-1.016535532966477695e-01
-1.637756972714505821e-01
-5.040873132428616010e-01
-5.979887287675828000e-01
-1.651445122228239193e-01
-4.887908181134258401e-01
-3.573089908835113682e-01
-5.099853016448190335e-01
-3.897327552753018787e-01
-2.621927849936739330e-01
2.965366943859690241e-01
2.863851189310333556e-01
-2.103034526117189273e-01
-1.066600759505337420e-01
-2.074471447220052889e-01
1.398870368011746398e-02
-5.142596169035080350e-02
2.471620036175991436e-02
3.634691107188685599e-01
1.602043696145087071e-01
3.472144348667437208e-02
7.753122738835026284e-02
5.109460922045081649e-02
1.060734049659865091e-01
3.058785777403126224e-02
9.995684863459938785e-02
2.903194623787983507e-03
8.094380001825143833e-02
-8.145212665920043005e-02
-6.154841088254046737e-03
9.127357744712637916e-03
-2.067249525725509823e-02
2.896880309403349410e-02
1.810830565456057473e-01
-1.861944331297029631e-01
-2.303028731346211666e-01
1.050754457215312826e-01
1.024572051719280508e-01
2.731289619676587899e-01
2.711712899522517595e-01
-9.903747674967695869e-02
1.964674567631001234e-01
1.938634646012555099e-02
-6.972577466378253319e-02
-4.421186294708229214e-02
-4.057511543982499358e-01
-4.983798430874512575e-01
-1.751718708033276617e-01
-2.635136182271106131e-01
-1.653797881982612961e-01
-3.129072074166999728e-01
1.240083768067431480e-01
-1.836247570123369921e-02
2.376711088214197576e-01
3.033274410993926917e-01
9.610701613505792662e-02
1.361299286602155878e-01
1.012672036953004423e-02
7.753257985292863474e-02
8.659272866756012599e-02
-1.186302827123065229e-01
1.256287674724310965e-01
1.992634026237878608e-01
2.740211734785818337e-02
1.636174532837087955e-02
-1.800253522835322528e-01
-6.283256725085560601e-02
-1.510864225706212705e-01
7.145762479207608264e-02
6.369872722312716617e-02
1.877003477479286531e-01
2.141543029336848425e-01
3.428097940466313248e-02
1.858531533796052015e-01
3.691722010395961234e-02
3.320720641868695755e-01
2.110476587177868846e-02
3.465611339245427969e-01
-4.856340276692439062e-02
-4.629229338594276211e-02
1.090051876667317565e-01
-1.034129571527718089e-01
-3.260357063440922493e-02
-2.751406050435823980e-01
-1.484416454120226769e-01
5.484076397475551312e-02
-1.848077740906858002e-01
3.206282984688760829e-01
4.284267146716946861e-02
4.319595755409385007e-01
1.033776669539763771e-01
8.104585650736743224e-03
8.891689439873698420e-02
8.103920058907296275e-02
1.592606426409997888e-01
3.807796245094822729e-01
1.893299272498996932e-01
-2.277923108653797865e-02
-6.387487698254390445e-02
1.031192767630759004e-02
-1.212889366362107924e-01
-4.237910968708086812e-01
-1.616374575792755841e-01
-3.353364442323992223e-01
-3.779094383257595724e-01
-3.693119588948299836e-01
-3.874775270611415245e-01
1.805676112590147084e-02
-2.187735244958839143e-01
-1.938349085535980287e-01
-1.387714506376280243e-01
7.840379183145198411e-03
-4.690055506302932553e-01
-5.222729302553433817e-01
-4.364272834907166332e-01
-1.675014309976729510e-01
-1.989647489084324893e-03
-5.864268277212630193e-03
1.493517721014166744e-01
2.125615392946799895e-02
-3.914683832185227863e-01
-3.576149242887303736e-01
-1.253337856857174581e-01
-2.265548432474012996e-01
-3.160277206883438939e-01
-2.521476298408595329e-01
-1.785595628690412051e-01
-4.027929238012747937e-01
-4.743538825347255461e-01
-1.931528492088158411e-01
-1.591715417646731578e-01
-3.107291257010685315e-01
-7.685509474863271018e-02
-2.352071731795436216e-01
-2.861249350853163897e-01
-7.007251853987124524e-02
-2.488363866047559048e-01
-4.252955986048915366e-02
-3.771672609525576481e-01
-3.533605484291873489e-01
-2.511644437558441245e-01
-4.174895190776400922e-01
-4.565367505521735203e-01
-2.767888835369460288e-01
-3.804127605832497427e-01
-4.304370138576362192e-01
-2.308286683229487657e-01
-2.672574699179742219e-01
-3.290275197390715167e-01
-3.543252458349371858e-02
-2.328007803725733182e-01
-5.293324964521893827e-01
-7.974521166306106634e-01
-4.065127431238449440e-01
-4.927221972959081597e-01
-4.067693807235162051e-01
-2.533419277634060829e-01
-4.342218385077535880e-01
-5.518872989805412299e-01
-2.303357280992341105e-01
-2.094293769998571697e-01
-3.692369985340800964e-01
-3.173001582099613249e-01
-4.317578400361171687e-01
-6.189032661208522246e-01
-4.634194477477311946e-01
-6.454042763687672934e-01
-5.122914025623293011e-01
-7.830110377364044583e-01
-6.128192892176252959e-01
-4.445311356781442846e-01
-5.177408369170531932e-01
-3.908264993776917051e-01
-4.854447961964782343e-01
-5.056298237922235428e-01
-4.114818496408026438e-01
-3.340516819704072438e-01
-1.338618187293196815e-01
-7.115903210974842963e-02
-3.886644871527262235e-01
-1.891765558544529213e-01
-2.664768510434771254e-01
-4.651956458523824889e-01
-2.978457754569323601e-01
-2.758138772564767693e-01
-4.427826987364062994e-01
-3.001749311472753923e-02
1.945039482762587479e-01
-3.679037313023870159e-01
-3.516586176132563413e-01
3.750078607869154063e-02
5.796391958291638447e-02
2.694878649275939675e-01
-5.652150252270420061e-02
-9.243081937669624104e-02
-3.725865200409277100e-02
2.909088797143060540e-02
2.238059244488578570e-01
3.384251292165924574e-01
3.087829564074929811e-01
3.209037596215706944e-01
3.398149844381994633e-01
3.439562702871479249e-01
8.824573260142456466e-01
8.782663136211272814e-01
4.450018055527267258e-01
4.307713679916163052e-01
3.752190399586011194e-01
-3.007321530413596677e-02
1.560443252611968534e-01
5.756054823154745925e-01
5.878630668852959928e-01
5.243102901116701853e-01
4.119681889828105681e-01
6.972311506967872052e-01
4.532616106273620327e-01
6.736105313606149947e-01
4.415385944877389668e-01
5.408669246747261905e-01
4.125016957898846592e-01
6.447388232671614761e-01
4.464680895285035311e-01
1.852015403889060996e-01
2.891809619361210282e-01
4.961295972510688657e-01
2.157967141671179312e-01
1.977331775064988528e-01
5.301797426229767352e-01
4.024410756527279642e-01
4.060917320297907085e-01
3.919682002773867691e-01
1.147043955935488357e-01
1.545275888602909709e-01
2.167569986773575097e-01
4.670052120950931029e-01
2.792339281036544385e-01
2.346987488509987008e-01
1.669819928804281151e-01
3.142977912267194140e-01
9.381035468763533614e-02
2.974590003894064250e-01
3.846099837268981414e-01
6.248099327649191403e-01
4.656979656196065798e-01
4.043488867399504527e-01
7.518113661779910473e-01
6.915081758307535242e-01
2.686706652197871636e-01
6.219181624982693668e-01
2.952939186764899637e-01
3.264415782577332337e-01
9.783863565511258242e-02
1.674759837972630838e-01
3.836222050389759275e-01
4.427605725538588666e-01
3.465808977643246580e-01
3.089618129732341623e-01
6.336304744242883258e-01
2.548688432811980209e-01
1.341385485106602882e-01
3.567479578220159042e-01
3.010149722710339648e-01
4.014351687412066050e-01
2.348919999703371342e-01
2.947979078273660347e-01
4.096032791154355923e-01
2.169173149517793220e-01
6.129779126469820927e-01
5.916149990544635751e-01
5.517136309250845194e-01
5.292382628798861788e-01
9.725981294918413511e-02
-3.421913612143864802e-02
3.910560860353083368e-01
2.549295065818724115e-01
6.766192620349374964e-01
7.689985646045915946e-01
5.707276885517743592e-01
5.084867459512958376e-01
6.077454168817534447e-02
-1.262633648618360638e-01
1.263212626294438756e-01
1.699760711399196933e-01
3.371881025119632391e-01
2.318391130267573041e-01
3.023407385820741089e-01
1.386429707670710221e-01
4.923167695850811515e-02
6.467223230137170153e-02
-8.849276686079012022e-02
-1.726714041116095277e-01
1.624354447373291266e-01
6.356489377172107325e-02
3.722510847911802423e-01
4.487070419467995008e-01
3.444133349945169842e-01
5.120320978266724998e-02
3.168574569726859691e-01
1.644407371198094159e-01
2.301445347368967220e-01
1.416760167887183286e-01
3.864017344259776388e-01
1.450803333261804495e-01
2.809993934129872972e-01
-9.554061788597340010e-02
5.546067545427375151e-02
4.943081627109165155e-03
-2.666903244074945167e-01
-2.674279592919875936e-01
-5.638726876989064857e-03
-2.225314862434143309e-02
-2.107654946134332741e-01
-1.753453763440708246e-01
-2.445639494374250156e-01
-2.110745422452182107e-01
-3.443632288296133992e-01
-4.324323033194672067e-02
9.712147354207621708e-02
5.035451767213079688e-02
-6.486938099295536109e-02
-2.404737881876770900e-01
-3.476072080480716586e-01
-1.451690461457751657e-01
-2.610322091117865395e-01
-1.115909174647317786e-01
-2.009405371330217627e-01
-5.229812697711256897e-01
-1.136960444750441945e-01
-2.859229665510401586e-01
1.865737541122863274e-01
1.231695231442687805e-01
4.151232833552232493e-01
3.265803325954704239e-01
-5.846724925720570010e-02
-5.634977230505325979e-02
1.949273237825214777e-01
3.095631898745311861e-01
4.506847012604135450e-01
-1.225844571007158323e-01
6.051225421417366634e-02
2.800018643841437616e-01
-1.596123060058070586e-01
1.148090247488846027e-01
-2.248389204370329630e-01
-1.301356240831373356e-01
1.677546020733267362e-01
-6.677301658573486613e-03
1.156779378849051992e-01
1.583651558333421805e-01
3.487096085301977788e-01
4.461821937862914811e-01
2.831128373128111719e-01
5.151041748065702253e-01
5.345808938408270761e-01
5.914055470220193067e-01
5.234366576302473817e-01
2.079802636027359708e-01
5.528423392073614773e-01
5.343414154678330918e-01
3.235115093251494933e-01
3.615165709834596841e-01
3.532363656494317827e-01
6.243318890926279341e-01
4.133722354935322474e-01
3.112126543514341370e-01
1.995535324982952441e-01
2.656894216899012284e-01
1.105267320997016106e-01
6.498367393169006412e-02
7.131944612616394896e-02
2.842472619805000433e-01
3.171331306113477355e-01
3.819366833291055752e-01
6.440497991060224470e-01
3.737786140968675230e-01
4.494185994703558396e-01
1.819544291287776561e-01
2.107944096617531959e-01
3.196826997441295504e-01
4.663304084495301649e-01
2.793181888966910775e-01
2.196829435443187761e-01
9.829278610385856763e-04
-2.491219615560633371e-01
-3.307596042730401309e-02
2.183598556682569691e-01
-9.563246038092201862e-02
-1.973910676246879436e-01
1.245246218947544947e-01
1.522189639922075788e-01
1.484762766185984961e-01
1.203344778069711379e-01
-2.778869895239453047e-01
-1.710085287979388469e-01
6.833349609228180771e-03
4.952092044666642906e-02
2.049436168517729251e-02
-1.138002482097912049e-01
-1.471455037561783530e-03
-2.469345623146038948e-01
-2.864819319351508686e-01
-9.967659164032106889e-02
-9.008722222669260371e-02
-8.721191177248521081e-03
-1.687158449815525374e-01
1.001482941222937018e-01
-9.662815223630036310e-03
-2.350554111326595141e-01
-1.301688800340045082e-01
9.773549887300950201e-02
5.126222576945839438e-02
-2.701053111050709665e-01
-3.237279305507064775e-01
1.777903122279095027e-01
2.945776493517293093e-01
1.274587166539911491e-02
-1.904294623104454132e-01
1.020235711046471871e-01
-1.478942531217955214e-01
-2.165282015626295298e-01
-1.397843626959426044e-01
-1.190474405407829367e-01
-5.522997785075504928e-02
-2.578927468901855841e-02
-4.826405732446908958e-01
-4.717126911310677295e-01
-3.684479717447395331e-01
-5.598832011684051757e-01
-4.078110272759855048e-01
-9.896694265800566603e-02
-3.887860427530226981e-01
-3.395990067882986296e-01
-3.672816126933525771e-01
-1.849903594516368321e-01
-3.181855006835425659e-01
-1.212857674040374867e-01
-3.092901664249070870e-01
-1.615087828154488925e-01
9.790652424093931883e-02
-2.005604030477070032e-01
-2.081190774520072506e-01
6.022113409521318711e-02
-5.476891951815498344e-02
-1.002722869839105940e-01
-2.930775282901478818e-01
-7.306206708303626396e-01
-1.705325411929886348e-01
-1.257036641552823075e-01
-4.795540629406308542e-02
-1.830238981087721206e-01
-2.900809873681984424e-02
-9.730548664730116759e-02
-1.383598838544761733e-01
-5.210102148086003249e-01
-4.225639270931703106e-01
-4.691596781084821921e-01
-4.948754274460279157e-01
-2.047862005697252408e-01
-3.269246330607278872e-01
-1.177794875864068141e-01
-5.152590391137706893e-01
-3.001766459413914290e-01
-2.700598008847654996e-01
-3.555392429264907506e-01
-2.905159242332832140e-02
-3.288852783414140113e-01
5.422020874619534053e-02
-4.208289361554951730e-02
9.617502120531921939e-02
-1.625684673913525558e-01
-5.632805784698252660e-01
-3.284931129239146985e-01
-7.062918067185125492e-02
1.012262640537889280e-01
4.312410110842251898e-02
-2.888894932401300242e-01
-1.042673448260156982e-01
2.045161957740339667e-02
-2.278921810831732730e-01
-5.922383624798734786e-02
-9.209457445565442935e-02
-4.336828346298305381e-01
-3.580802152227598456e-01
-5.193123792954917883e-01
2.593164561408169422e-01
5.772161888065532875e-02
2.822550287329775309e-01
3.306470645094847227e-02
7.739694744503955448e-02
1.169507244981070060e-01
7.830639136429928815e-02
2.640808385932074120e-01
2.816284566280410906e-01
-5.342033536165944341e-01
-7.246533592917284716e-01
-3.267222206237481719e-01
-2.626416555973991318e-02
5.029152103144044483e-01
-3.660384546406308254e-02
2.309897182561684165e-02
3.333301811941448700e-01
2.904583863693859791e-01
9.156516571895415013e-02
-2.844151855141826071e-02
1.720590775183891696e-01
-3.334191864305951353e-02
-2.140604529931670885e-02
4.845469018151167817e-01
4.243662723169099316e-01
2.929943061742449895e-01
3.825563582833947929e-01
1.549483510512589812e-01
1.763293918339706168e-01
1.657032918947981825e-01
1.036704763213670416e-01
9.104812903360813559e-02
3.786425151911868014e-01
3.455056787318088185e-01
2.350386938417617921e-01
1.972581429242021844e-01
3.141431766878608478e-01
3.558244111035360757e-01
2.764417941132077394e-01
6.272349784349753876e-02
2.092332033280949188e-01
1.977126814325496154e-02
1.756621197210585794e-01
2.045880623748691507e-01
2.020953876178204489e-01
8.867683762339914622e-03
-5.500930079591367233e-02
-2.717215184593402971e-02
2.651195624608579382e-01
2.165555702824095430e-01
1.595842934234091293e-01
-1.389370162070587278e-01
3.312984456955818825e-03
2.888146819115948727e-01
1.735067105614478133e-01
-2.231703615673301389e-01
-2.488744225933993970e-01
-6.177954400513140376e-01
-6.186839885551604912e-01
-4.088785293632869466e-01
-4.387909852143015987e-01
-4.519689790817726371e-01
-4.353621034690419722e-01
-3.097658420192149764e-01
-4.730653774147551283e-01
-4.060988021037322815e-01
-5.234691651855245542e-01
-4.190076534644186501e-01
1.744878122058850789e-01
-8.288283930901449437e-02
-1.229013563810645027e-01
1.237593084825874545e-01
9.871747762382622471e-02
-3.101326027410285513e-01
-3.482186148543189308e-01
-6.599786743957325452e-02
-1.340074920578877560e-01
2.979207262814672075e-01
-3.171491261461263644e-02
-9.702116128045983057e-02
7.222768551064544240e-02
-4.711291394028004759e-02
2.503382664979456607e-01
2.744149577532134510e-02
1.560557241908011039e-01
-2.491076125396167740e-01
6.680613568906798366e-05
-2.462588401601806254e-01
-1.284509174336556370e-01
-1.111258338452280475e-01
-2.072130193175065749e-01
2.939404933362392836e-01
3.267717498337914805e-01
-1.590218711341247898e-02
-1.612106207874926256e-01
2.298611228224890779e-02
1.171582456573468621e-02
-1.503558337349605867e-02
-2.500969884127867138e-01
-9.540916301041783842e-02
-9.032198602884647376e-02
-2.965774347466837435e-01
-1.510242149955774438e-01
-3.507081762110305090e-01
-2.914215896527608818e-01
-1.766490426536351521e-01
-4.146589869201290912e-01
-4.154981281342240984e-01
-2.236433750368125584e-01
-2.485873715442624976e-01
-1.175489421263238576e-01
-3.506706556726251756e-01
-4.700958233774751166e-03
1.213701263752680337e-01
2.324221410411972666e-01
-6.880432757459707671e-02
1.471090350791521284e-01
5.094136198596085352e-01
5.314755874675133884e-02
3.791809928458585444e-01
4.215790875225222667e-01
4.094944309805633176e-01
1.661644491649263977e-01
1.527113928719124325e-01
-1.202683819009688765e-01
-1.340549377153400501e-01
-3.602082144559527466e-01
8.403445130141326547e-02
8.845411526898927512e-02
9.308277219596526597e-02
2.194321749197726545e-01
1.882043161664777031e-01
2.410644330417612280e-01
-2.719536267355258247e-02
1.947754384532414673e-01
2.324818233997207051e-01
3.212111506791933691e-01
3.050482722825587634e-01
1.334035591603217330e-01
5.919215860739476115e-02
1.254667032654172010e-01
1.284409773056473802e-01
2.099047323518241637e-01
3.309581839179292495e-01
2.864646359450927493e-01
4.420609844998079074e-01
4.274357879535352067e-01
2.979349262775511376e-01
5.222769393711670372e-01
3.345684843178757806e-01
2.435051320503082983e-01
-1.639596715412923178e-01
5.516241224721862846e-02
-7.704819322113056618e-03
4.712648977475112910e-01
5.631644640611986885e-01
1.196177663885723413e-01
1.498061829536146417e-01
3.338835925967538198e-01
7.416313736226544384e-02
2.326439271886970028e-01
-1.923436170118590360e-01
-2.015213215867222019e-01
-1.522387291363260786e-01
-7.450731649312256066e-02
1.123831064809371477e-01
3.496165205601164255e-02
8.571823052714661745e-03
-1.938596703754931483e-01
-2.920098370334776594e-01
1.331614674005670851e-01
7.482410757157022252e-02
-3.347053877615591699e-01
-2.993055095075387029e-01
-2.599895912744938364e-01
4.557044518963954127e-02
-2.652419984389186580e-01
-1.605335573052013298e-01
-3.685311975847616051e-01
1.676987783950207311e-01
1.369247385006421534e-02
2.258520614208102406e-01
4.591602699583466896e-01
3.384736678774976637e-01
