-2.707420106794942716e-01
-3.185266167384958463e-02
-1.829995867214262995e-01
-3.909542330729187665e-01
-7.157162955894967871e-01
-4.461756879116626218e-01
-3.688514390610466709e-01
-3.023641932157245527e-01
-8.897275155935840951e-02
-2.285199830942827304e-01
-3.158721270979431561e-01
-2.377931263953027563e-01
-8.384579514785915899e-01
-7.800975314945501893e-01
-5.357280643523256725e-01
-2.827652871134084811e-01
-4.368561009836830489e-01
-6.433391928973821727e-01
-6.436978189006473672e-01
-4.318199268124586765e-01
-3.666182861731543952e-01
-6.957967307141568747e-02
1.260481839253708158e-01
1.634421863680615150e-01
1.123560890944180629e-01
-1.169650057012497218e-01
-1.479747533240207968e-01
-1.802355572257508531e-01
-3.772025443668828304e-01
-3.030525177799269221e-01
-3.620048958637971936e-01
-4.484615187556111882e-01
-1.456873930257696348e-01
4.483925099335797637e-02
-2.710900897064342230e-01
-1.303560722055704946e-01
-1.223646489627307904e-01
-3.009791898773495067e-01
-1.729415058794140370e-01
1.759507520241908665e-02
-1.918279173043587749e-01
-1.346143903053541591e-01
-8.336812390334677469e-02
-1.061148584937096767e-01
-1.148620501764954088e-01
-2.246547070063454610e-01
-3.128676328812345919e-01
-3.486082363104230364e-01
-5.124361081413691260e-02
-2.739660971710617954e-01
-4.367231074519051237e-01
-4.351710679310146213e-01
-3.014002344292115998e-01
-2.438589303419370635e-01
-1.603214685695354136e-01
-4.437934750299067921e-01
-2.561550751432837281e-01
-7.362446674398422930e-01
-6.478706329449760437e-01
-7.915011835898280168e-01
-5.106873563243080616e-01
7.947708420399011986e-02
-3.882968796947761092e-01
-4.129680342837355744e-01
-6.413388731256955966e-01
-4.966983718620381905e-01
-3.352505383063354993e-01
-8.610603146485552584e-01
-7.448629121245557982e-01
-8.283847130626420530e-01
-6.293650142345706966e-01
-5.998084784533397329e-01
-3.259665763474355049e-02
-4.263021921931308689e-01
-3.669849706949429580e-01
-3.811092157684808912e-01
-3.069778716830725007e-01
-3.175171419031941333e-01
-5.256044476049557268e-01
-4.330428735041740862e-01
-2.802949242736615387e-01
-6.897810076715633620e-01
-3.431164073670605053e-01
-3.135844316965111789e-01
-8.444333473475798546e-02
-5.248387690784694914e-02
-1.058064276500676748e-01
-3.480821866419862021e-01
-1.598971848906047821e-01
-1.033012993586344686e-01
3.703039433928513591e-02
-7.272056856169145655e-02
-1.674376363830557546e-01
-5.802334762499461451e-01
-5.206049132306630467e-01
-5.366309924708273504e-01
-7.055624878653796728e-01
-4.322960390275569220e-01
-4.835294297322012547e-01
-7.191457805338749010e-01
-4.687016252263274119e-01
-3.162760237061884028e-01
-4.873579082338455604e-01
-3.585501194873521036e-01
-3.653867272506550190e-01
-1.132176277117511037e-01
-2.036920967052977816e-01
-3.988424602894109494e-01
-2.312609823189037406e-01
-4.195586854129038090e-01
-2.664445837520809657e-01
-4.404507591037421510e-01
-2.021944516587204088e-01
-4.710134117005220222e-01
-1.910548200112202333e-01
5.833181386644308714e-02
1.633008945455954875e-02
1.897734723273392099e-01
-1.525771573428284789e-01
1.738699557293037212e-02
6.522672468730565942e-01
4.734049463249938583e-01
1.991781878553071372e-01
-1.258852812234161067e-01
2.311510681364643827e-01
1.900871156335200152e-01
1.208838973450948734e-01
2.427565719994088100e-01
1.143429573367763519e-01
2.681980652859297098e-01
1.581913375731305860e-01
-8.498801177096908244e-02
-3.944125861099669339e-01
-3.228174948032762615e-01
-5.474496093829123861e-02
-4.383711408885371252e-02
-1.588055443819192669e-01
1.266442157809167246e-01
-3.873249549224405675e-01
-1.224812424633791308e-01
-4.246730904051246869e-01
-1.463529126044872675e-01
-1.716504199182959378e-01
-2.347533400417967098e-01
4.109406562739991234e-03
-4.152998189765295112e-01
-4.952079844221764504e-01
-1.667382459498780722e-01
-3.046627112098535851e-03
-2.015021490974071294e-01
-1.917302737180416605e-01
-1.186583299181031004e-01
2.637496087451145499e-01
4.876641754681957375e-01
1.070758963982516507e-02
9.051973657703911436e-02
2.776927929757875280e-01
2.151378324883901627e-01
5.297939315224172059e-03
1.362528854607352180e-01
-1.894664553553007946e-01
-9.410504716801212227e-03
1.095112556139431342e-01
-2.763958614409810222e-02
6.779981317330226187e-02
-5.813471075358954687e-01
-5.112853755079804774e-01
-6.563185784224290220e-01
-4.688506286700451220e-01
-7.224519585515262188e-01
-4.506591832214018045e-01
-3.583161766820579519e-01
-6.032388938259749533e-01
-3.639956954135081801e-01
-3.903563243814489603e-01
-3.283131055512106822e-01
-3.920722143461482512e-01
-1.703336776935316377e-01
-1.699283322435209409e-01
2.939914390591311100e-02
-1.437174299047710435e-01
-1.674067764800150730e-03
-3.369262743706953334e-01
-1.293758474055655139e-01
-2.169480194738165890e-01
-3.052498983871232419e-01
-1.005232563928915440e-01
-2.484600348076590193e-01
-5.965093921493082318e-02
-2.761950151172079537e-01
-2.106935417660689980e-01
-6.858352348080059002e-01
-4.313992441371163333e-01
-6.892477281713353943e-01
-2.997192708612109735e-01
-5.910368716993736893e-01
-4.410860844156399008e-01
-6.454481144775428003e-01
-2.845750887637053528e-01
-3.026203205097248161e-01
-4.121953589190044953e-01
-6.790225541071143178e-01
-5.812846873856295504e-01
-2.976132182748767452e-01
-2.563311909355180385e-01
-5.730186411320405959e-01
-2.255645864379381971e-01
-1.929350295044471031e-01
-3.491924171606529126e-01
-4.413607591559172150e-01
-3.169755035624984840e-01
-3.386103728508760291e-01
-6.254499377574460617e-01
-6.411937127909627110e-01
-3.560089624867104896e-01
-4.332438059411983788e-01
-4.299032760505299700e-01
-9.293325342013930568e-02
-4.004712945702756932e-02
7.616924566562324750e-02
-9.859544896768455968e-02
-1.869250684335599655e-01
3.382877781617511098e-02
1.959325901062517958e-02
2.474900504716955052e-01
1.193377397034734583e-01
-3.102993998311840418e-01
-2.264538421525231771e-01
-2.167666755695469849e-01
9.922716429233492674e-02
-2.368951880094932738e-01
-4.346663209049306253e-01
8.707874833059421615e-02
-1.963760373873625065e-01
6.937875845120568263e-02
-3.378591389596567740e-02
1.714580244964386824e-01
-3.662068447593085363e-01
-1.168042108896531900e-01
-3.917717279277461717e-01
-2.411834325516626076e-01
-4.981998604676398656e-01
-3.652309007492854365e-01
3.340019266171687616e-03
-4.622194822233663958e-01
-4.356536869116822697e-01
-1.317829258125495784e-01
-2.098173187275155782e-01
-2.450477998582725470e-01
-2.032858097441988809e-01
-4.732932053727775118e-02
1.932430425002139573e-01
1.899666436335857300e-01
-1.603880456377110852e-01
3.275702331442523901e-02
-5.370229267267236095e-02
5.969149390580125170e-02
1.398227114552123285e-01
-1.745872582640264625e-01
-1.672902732908579659e-01
-4.869294008532534107e-02
-1.196637378595757223e-01
-3.179993065827440711e-04
1.272220343841953816e-02
1.326287746639498791e-02
8.076722928978057048e-02
-1.367504777045265296e-01
4.990390447111157229e-02
-1.385920240583019269e-01
2.096853986924009650e-01
1.600504016385642936e-01
1.751847899731128477e-01
3.092502064851384257e-03
-9.883806894809036084e-03
2.804016081757091383e-01
3.986867935674076602e-01
3.940574526678712886e-01
1.914596766803645100e-01
3.734846233869958398e-01
2.699071836055771945e-01
5.706412845997256289e-01
5.656747125732348724e-01
2.161759335472930033e-01
2.151159234168802670e-01
2.300293825314531915e-01
2.411008767159303900e-01
2.481306191237273862e-01
4.845862333656310583e-01
2.750337500167268079e-01
3.068303446807824630e-01
1.820317172642956505e-01
3.917748502250634757e-01
7.835197508916463827e-02
1.142739398773401777e-01
2.833967164634676461e-01
3.439946928734516352e-01
-1.065739600565326212e-01
-1.336688901733578683e-01
1.693941943433620312e-02
-2.035036888301096913e-01
-2.668233950193422133e-01
-3.854066640279420475e-01
-3.182276005698893573e-01
3.996588315114606160e-02
3.212333080037728106e-01
3.857409427568674332e-01
4.310758090769555850e-01
-1.402141677950561049e-01
-9.824221264657020947e-02
-2.390416893211614602e-01
4.430673725334827173e-01
1.267697873786790275e-01
-2.315880219246766944e-02
-3.144409351041786427e-01
2.742020675772382718e-02
-3.681162973837738550e-02
2.109498853792183826e-01
-4.660882272154991401e-01
-5.468043127253572472e-02
-3.007824398587968240e-01
-1.076021345390087841e-01
8.138393393185231611e-03
-1.761454320196251255e-01
1.217992862334355830e-01
1.794446016093417251e-01
1.490051173564259090e-01
-2.509573969928886872e-02
-2.063446419426378520e-01
1.637740647010575146e-01
-5.257039431934686785e-02
1.663751628218632372e-01
3.774562686103100778e-02
-1.481520355745861162e-01
-8.434748368518815709e-02
-2.697061164067924288e-01
-2.205312780581702436e-01
-2.976542352309686223e-01
-2.050719277235429072e-01
-4.414748835462415921e-01
-2.849431300848418586e-02
-5.891649971615207093e-01
-4.344404099510009165e-01
-2.545106727351328924e-01
-2.309349804585120736e-01
-3.009226486403566714e-01
-2.037201642937725987e-01
-3.636798545642492414e-02
-1.124707861553619348e-01
-1.082097157117136582e-01
-2.350992692333171707e-01
2.011399564608533086e-01
1.228494925159375091e-02
1.388226755197309037e-01
-7.957271904949318742e-02
1.513558949017839717e-01
-1.681490714602445202e-01
5.052628708915667816e-02
2.151238296655069993e-01
-1.912602791940274383e-01
5.586007558634153991e-02
2.314087581395553317e-02
2.269049094287567125e-01
1.737608531275052492e-01
2.516549639431495122e-01
3.833296873510479846e-02
1.908291130258523982e-01
1.585277453508391055e-01
-6.662040318885290024e-02
2.198114771182841654e-01
1.871601962101981098e-01
-7.400401496103893584e-02
3.484273142153657687e-01
4.735992330502792891e-01
1.820141947440963859e-01
1.760136831889998199e-01
1.134387366031524152e-01
3.864965717763288455e-02
-1.728838685219527549e-01
-3.544293827230322047e-01
-2.340360291147834670e-01
-2.899500487973863949e-01
-2.135913243616754664e-01
-2.609560560902248194e-01
-9.877944470775760870e-04
2.576311575913391438e-01
2.572637312870667547e-01
-1.310415775627246648e-01
-2.326640804118689232e-01
-1.430222718226924761e-01
-3.993064951484014968e-01
-2.479175373722057596e-01
-2.469825581534778325e-01
2.419708442433801329e-02
-2.101302485039245327e-01
-8.135719221044386551e-02
-2.880938021870142474e-01
-1.979421965726126387e-01
-1.465103122752154652e-01
-1.261692902829257279e-01
-2.788185735413723498e-01
-2.442304554171653708e-01
-5.548514289043053882e-01
-4.474161018285890967e-01
-1.758419188199446814e-01
-2.985936143372557305e-01
-1.699112942057779893e-02
4.142061891603768253e-02
-5.687969575228633834e-02
-9.073442779310598181e-04
2.674649785887502768e-02
-2.194304461057234312e-01
-2.959623318027480021e-01
-2.944959698758355948e-01
-3.914408954862977907e-01
-2.908695205151651253e-02
-1.363690770981945966e-01
-7.590205726047662138e-02
2.877630592539955900e-01
-8.632004894635458142e-03
1.635047456684103340e-01
5.000762882413677113e-02
4.994435169253639423e-02
2.630292832409845682e-01
2.161635768105073518e-01
1.540596409169372738e-01
-1.149216254231446160e-01
3.700320082659392384e-01
-1.642786180892034376e-01
2.337821782454130651e-02
6.168388998903513720e-02
3.759820882929268970e-01
1.405251971940356392e-01
-7.065772564453193065e-03
-3.199394455378065660e-01
1.411491272000579278e-01
3.454417899665104263e-01
4.305863355026084277e-02
5.602262087287502856e-01
4.554142772494368385e-01
5.704653235093402053e-01
4.553332172205599715e-01
5.686688702427845632e-01
7.403071116465645973e-01
5.525195355215990478e-01
4.833975712311440742e-01
4.920638094094643145e-01
1.760687799403905518e-01
3.589526762221795231e-01
5.363491955631050079e-01
4.660042548798739581e-01
6.625242795142034513e-01
3.842684236638831963e-01
8.166894293378430536e-01
4.454401771800257093e-01
2.152429124448278219e-01
6.147991167406878787e-01
1.301569330605611419e-01
4.658643168751232244e-02
6.774224100591838549e-02
-2.503859573379090264e-01
-3.345520014506599416e-01
-1.061697566406222260e-01
-1.354926569744222542e-01
-4.102926311741245807e-02
-2.897151062910272579e-01
2.483835314858542920e-01
-2.246995563331218859e-01
-3.548023197225643605e-02
-5.097770606140142324e-02
-1.298273199344686102e-01
-1.037322328655780057e-01
-2.164767929438367600e-01
-2.105925618500173804e-02
1.818572386368110527e-01
3.876436346438001390e-01
1.568824563752991008e-01
4.728151497273718196e-01
2.714530512205755031e-01
1.061351063930325855e-01
3.911407398223428200e-01
5.116907052463827155e-01
4.857159832764687546e-01
4.796310995365389296e-01
4.628939732376170513e-01
2.104350101248558258e-01
5.455265909251776346e-01
6.479454513054442311e-01
4.996967425261534812e-01
2.783170294491441599e-01
3.979070723511028418e-01
3.258579788487573903e-01
3.443069316498190702e-01
4.610564555607880033e-01
6.026081955900042253e-01
7.210384267119708257e-01
5.749447476970706017e-01
4.098132657820962033e-01
7.641388949329783742e-01
5.787200164339789676e-01
6.874979599752123471e-01
2.407548556149462227e-01
7.850715375590001655e-01
6.988822272770881527e-01
4.251983061980028067e-01
5.531991289060830264e-01
2.558026780419968560e-01
2.374552885337455344e-01
2.693580989279171223e-01
2.571986564181231172e-01
2.423331330221709101e-01
-4.537673824999177014e-02
2.771984419564272883e-01
9.016499385076452711e-02
6.633658777465280265e-03
4.053602212535818428e-01
2.498748092639261620e-01
2.704061889333963520e-01
1.835291138843614667e-01
-5.602574194911313574e-03
3.156489203344109429e-01
4.028718533133963109e-01
5.557625951195892533e-01
5.752613270916032695e-01
6.221084545630527485e-01
5.217888590798153148e-01
4.811969016055109849e-01
1.800451541791075472e-01
2.912623945285012783e-01
4.130940588426705307e-01
3.474975531332039069e-01
3.503676240688146093e-01
3.924947485743833231e-01
-2.185135469251419521e-02
2.403612074079583827e-01
6.314520448964077159e-01
2.011825885445737705e-01
2.899371821487064377e-02
1.268885658479411427e-01
7.846690611598014509e-02
3.460748764492984492e-02
3.257896073364630607e-01
5.625878669214722239e-01
5.792450947148279905e-01
6.200182121856566697e-01
3.466179483989159094e-01
3.221480279862674045e-01
-4.058898148090258062e-01
-2.228812583041407669e-01
-3.912245913276469200e-01
-2.306098344983302517e-01
-3.795163790438857432e-02
-2.168170784714509303e-01
4.999818620385636930e-02
-2.173105280734599076e-01
-3.391108845345040534e-01
-7.949014877964082348e-01
-8.669041495139753195e-01
-9.143339748474865747e-01
-6.042618067486702493e-01
-6.238261864722364214e-01
-7.910222110378024585e-01
-4.569602972545530051e-01
-5.676969595806150570e-01
-3.679624386807658354e-01
-6.013109933695219844e-01
-4.003088075528397072e-01
-4.566693543124018539e-01
-1.634470197183612583e-01
-4.615038239600920411e-01
-4.321948058383193181e-01
-4.520782114893926451e-01
-3.271882889975743502e-01
-3.929757702161539301e-01
3.052272122246263986e-01
3.207590996458849486e-01
-5.198460300701424064e-02
-3.718571867749058402e-02
-3.040177454750449537e-01
-6.895354938405547085e-02
-4.392866918865988013e-01
-3.598817371184239722e-01
-1.954469934339145287e-01
1.160219221021465547e-01
-8.198853369828161888e-03
-1.693914888041629652e-01
-2.282188806068254361e-01
-3.861085705846309946e-01
-6.569629064567771293e-01
-6.092488184000801610e-01
-2.638918389115272878e-01
-4.818813271260383724e-01
-3.051659691530284602e-01
-1.365756636738744423e-01
-3.890506415220179592e-01
-1.421674444007694771e-01
-8.450105322035403321e-02
-1.456778361626334395e-01
-1.264572950977139731e-01
7.132090879546300333e-02
-6.676553936601330452e-01
2.019757438862297971e-01
-1.273301915329844991e-01
-2.522574571677571598e-01
-3.389345669236055181e-01
-5.895250847187343268e-01
-4.821078536771081779e-01
-5.434218696741026644e-01
-4.920422790722055462e-01
-6.234436756395432822e-01
-5.767170056758407215e-01
-8.403680489011094989e-01
-4.864722254959547576e-01
-2.165717707792120805e-01
-1.212595554385069718e-01
8.448944506126929155e-02
1.219188838024007349e-02
9.540809190536699014e-02
6.956171378477819800e-02
6.525591837603564871e-01
3.196386010919396448e-01
6.041266066492175790e-01
3.305208943043556613e-01
3.874965862521480009e-01
2.558541709982730672e-01
4.774421827776520466e-01
5.743555630597121375e-01
2.780148625694120468e-01
2.040178131953486462e-01
-9.111209151618339386e-02
2.242020541918200716e-01
2.490650378414867305e-02
-5.849162282140146080e-02
4.801768687767248300e-01
4.411745102472329760e-01
3.784359956085932009e-01
1.534134559290823430e-01
-9.107317037961364103e-02
1.654924573312008262e-01
2.636142221707665212e-01
2.546625708511344732e-01
2.717127085534115291e-02
2.160570985677081890e-01
-1.828635703002113033e-01
-2.100282745857980637e-01
2.062381271086275170e-01
1.575789707166989628e-01
2.346966007426683487e-01
3.863756840112990698e-01
2.493764633411325593e-01
-1.023862022518360615e-01
-1.381694631349607572e-01
-4.134267573723365147e-02
-2.041395027916924898e-01
-1.543861087997600301e-01
-1.363840951374380994e-01
-4.387985769343402676e-01
-2.626718238922526871e-01
-4.906825991225307049e-01
-5.510758936561696020e-01
-3.858473605176189203e-01
-6.490239166878761790e-01
-3.096222003398935718e-01
-6.138837273229679203e-01
-5.644851025421925295e-01
-4.542733087492479283e-01
-2.764994357190253549e-01
-6.125693666515772406e-01
-5.629607078268784592e-01
-6.078997975894248063e-01
-3.204695414742311788e-01
-3.394394009140279667e-01
-6.264361068851242997e-01
-4.967954614135791647e-01
-5.189119440665612704e-01
-5.505887400890633332e-01
-7.506774381905876314e-01
-4.020309679186461205e-01
-3.562843398110044357e-01
-3.709268558756467771e-01
-1.612080398798980407e-01
-3.744761175008067822e-01
-2.421436728165700381e-01
-1.619709703021270653e-01
2.880233528609710963e-02
3.946959114542905600e-02
-7.973142816189091042e-02
1.396730754530537133e-01
1.378989138586116103e-01
7.775110500588214117e-03
3.094658728792715752e-01
5.618396384587713566e-02
4.238669913462462385e-02
-8.226751137426321914e-02
1.718881999413360284e-01
2.608961455694533416e-01
3.931116088587096463e-02
2.698926870020758595e-01
2.580912475128015540e-02
2.858158347368976449e-01
1.146194776321803055e-01
8.402840781451396610e-03
-2.173987258360218500e-01
-1.073809034203829504e-01
-9.497447452897181397e-02
-1.761710247325898593e-01
-6.241320185947244470e-01
-4.944023983151266677e-01
-3.655842725127414483e-01
-2.589005139109878395e-01
-7.112289094439470105e-01
-4.325212197708564466e-01
-4.957165994837451350e-01
-6.341959845640914306e-01
-5.005679292545598402e-01
-5.277366190053066619e-01
-4.741206144836654368e-01
-4.372208341934664677e-01
-2.393257254113793642e-01
-3.017084762635067752e-01
-2.943190123202684694e-01
-5.474930467985861249e-01
-1.472209379456169420e-01
2.832124032318624751e-01
7.537915840841236115e-02
-3.011816431722970089e-01
-1.336006047002227248e-01
-1.268971538480813677e-01
-5.020886491500926169e-02
1.126840486430208815e-01
-1.334705696127814201e-01
-4.904812247749622961e-02
-2.312536307174267447e-01
-7.660351961128968046e-02
2.806907232278693654e-02
-8.313696914088944401e-02
-3.054603890286995416e-01
-1.903591113533770751e-01
-3.768795853206675650e-01
-2.918428995817060612e-01
-2.911114545846775203e-01
-2.041654004704313019e-01
-1.374593946927462618e-01
-4.482969431999213050e-01
-3.660946897471093475e-01
-1.918048678176104138e-01
-3.539126244930697052e-01
-1.916175890128018755e-01
-1.986534358205669371e-01
-2.407861099911815239e-01
-1.482191259006597761e-01
-2.624890608232979261e-01
-5.346804161336754513e-01
-1.657025644061638214e-01
-3.777141794849805390e-01
-3.407400560367853659e-01
-1.356085305510134065e-01
-3.103499683496874773e-01
-2.394330151064214263e-01
-1.407099345121499145e-01
-1.904674486578625259e-01
-4.080491293321186069e-02
-4.186992701447267429e-02
-3.868191595515840242e-01
-5.316791263291584801e-01
-2.862680819090008266e-01
-2.669352710269430884e-01
-9.549037190084298798e-02
-3.028276285306305549e-01
-1.807457393988679550e-01
-5.478025492604595703e-01
-7.353178254265287928e-01
-1.322066975125588961e-01
-3.421007253280823890e-01
-3.131830062020231620e-01
-3.221943349138455259e-01
-2.410144589706079976e-01
6.098401083172411141e-02
-8.959301985886966579e-02
-6.086938067901372096e-02
1.820454641044446376e-01
5.534031259159426508e-01
6.647354868225062718e-01
4.255135052804637774e-01
4.412161342991722801e-01
4.507863939758142147e-01
2.741533748573478646e-01
1.834431962223011248e-01
2.123851006882653270e-01
6.529004449446996761e-01
2.716239430862395499e-01
5.283908360542995952e-01
4.351645388898359723e-01
4.121206848773493747e-01
1.273036195662831382e-01
5.899076422963169808e-01
3.481290716618505865e-01
6.503271665412743152e-01
4.075195393674377331e-01
7.813025106449265900e-02
2.331162002470449357e-01
2.437501064273370488e-01
3.439892595331974778e-01
4.693073941248231962e-01
-9.212791844525325402e-02
2.550028211688775692e-01
1.015131066983082503e-01
3.278138033693846487e-01
2.580625087631769343e-01
5.919667284254555017e-01
4.957419019146604156e-02
6.370023458104759895e-01
5.140354127227079184e-01
5.199198724716195263e-01
2.180310915328840526e-01
3.948182337546173870e-01
7.755575846593844025e-01
5.183313345832188945e-01
6.573000626875749042e-01
6.285084209771564234e-01
4.108711236844020398e-01
4.555961943241783052e-01
4.193140284958324915e-01
4.697785048772808447e-01
5.084014930195736026e-01
5.235175637473299393e-01
-2.826330877057158073e-04
6.169247397530055327e-02
3.017685325980176136e-01
4.593167178518284960e-02
1.363072620097306453e-01
2.703956914566180703e-01
7.809353514131415208e-01
8.657264651233569364e-01
5.045810276807798367e-01
3.906285772670706757e-01
4.475621544266834007e-01
4.684626026735892457e-01
2.924360500178936895e-01
3.885880340080886675e-01
5.108241467870112684e-01
2.952696976788019567e-01
3.674506501986278817e-01
5.431164718675682984e-02
1.337460762591473618e-01
4.637763206894881390e-02
4.316850215702664473e-01
1.883941859018719439e-02
-4.394066830047616695e-02
-4.241732376343417821e-01
-2.837106710273986643e-01
-1.435556200949992256e-01
-3.826969348754915012e-01
-2.458067973416622753e-01
-1.591587385769513419e-01
-2.164383653137000596e-01
3.274322248967118099e-02
-1.591111657240399102e-01
-1.885968139217798489e-01
-2.880545506235143716e-01
-1.624646793324860672e-01
3.334349240605748166e-02
-1.725045703219059701e-01
-3.090398776260832037e-01
-3.516773506516783776e-01
7.691645210710733316e-02
4.878968614455207742e-02
4.477714850120986800e-01
2.989816450684364413e-01
2.799508817319851239e-01
1.441813775308702361e-01
3.477552431282480982e-02
8.084353148267776901e-02
2.088456783225271507e-01
1.751337938454927967e-01
-2.135515603769030657e-01
1.928265078025539758e-01
1.576367852480285714e-01
2.906986281143814077e-01
3.296969474336784445e-01
2.507831136446405651e-01
3.930095963918774915e-01
3.921281178348505203e-01
-1.989879194653434991e-01
9.453617818484674751e-02
4.330236420912626089e-02
1.229258700150444306e-01
2.278353548190709676e-01
1.118556770131636929e-01
1.674395723058276775e-01
1.438275063908273643e-01
2.807284200287944453e-01
3.382847931351678494e-01
5.375897438374400705e-01
5.072926894811403686e-01
-1.163752390563439487e-01
3.104062793737895620e-01
1.944880032236643019e-01
2.686051198618573665e-01
5.248896710878970806e-01
6.475174461412532834e-01
4.904378011769947587e-01
2.607556460960841482e-01
6.185053988241011602e-01
6.467119694313500089e-01
5.972021274764968135e-01
6.000613589493191125e-01
7.350197487675933505e-01
3.818844839514248246e-01
1.755989244511445557e-01
2.212211842041925114e-01
4.279271214405903079e-01
1.627067760496786822e-02
4.703868408783991595e-01
5.283293837622113909e-01
7.165625614832198398e-01
6.944603858672326879e-01
5.799865292316936927e-01
6.640553477962574114e-02
3.958032871526204755e-01
2.856677679840100570e-01
4.443857759380767658e-01
2.415674690367078659e-01
5.473366680603750645e-01
3.923151544098110732e-01
6.771876544252487529e-01
2.780813461387295904e-01
6.711299058548223506e-01
1.000000000000000000e+00
8.611821717668158849e-01
8.395336102427884972e-01
4.035602141983157254e-01
5.925142416441306903e-01
2.521718908000871728e-01
3.673462332421684184e-01
2.804291598149131204e-01
-8.085592406589628411e-02
1.807377681322543464e-02
5.199422774515763956e-01
5.163561111658571123e-01
3.439078588000045178e-01
6.734461416089804198e-01
3.453715335976056400e-01
6.037874674420060650e-01
4.991383464956137272e-01
7.858201302480062322e-01
6.375958222903578276e-01
5.595075706571861485e-01
1.410139921921593487e-01
4.874203436700552117e-01
4.655170289939635636e-02
4.798377064441498585e-01
2.957090568711073786e-01
1.820231434559521633e-01
2.995725203762497624e-01
3.781894470512230932e-01
2.516385155025241405e-01
2.761144410360254486e-01
5.319221492043701982e-01
2.404666005692215058e-01
7.521155900867686483e-01
4.379148589229570621e-01
1.915839763250079542e-01
4.148411482054256139e-01
-9.860465982981474545e-03
6.237991219199436749e-02
-1.205732555153955776e-01
-3.698412133701055038e-01
8.429548999811649346e-02
2.182318376732472476e-01
2.042596562003885785e-01
3.532083659841395856e-02
2.516895748782179820e-03
-1.546428256646402259e-02
1.541535522071182072e-02
8.235365469182991394e-01
5.871620388187082096e-01
6.941977287374525574e-01
8.061817258682789644e-01
7.752399134619247789e-01
7.082963215240878352e-01
6.595817763566668157e-01
5.501886598381923177e-01
8.263170990984967101e-01
4.127599568473624969e-01
4.510594028164267022e-01
4.137608689534120199e-01
2.962172690606360015e-01
6.546139625056963673e-01
8.642238319339226038e-01
9.039538205357364742e-01
4.481095839338765097e-01
5.495192501843133570e-01
5.819727154801130897e-01
8.722418209677190726e-01
7.544611171611592670e-01
8.681141641618116411e-01
6.388521695215606533e-01
7.186590781938367867e-01
8.608892246739687781e-01
4.614201767971231050e-01
