1.181732437507767991e-01
-4.694280092660808035e-01
-2.527917646513221372e-01
-3.631970791772057283e-01
6.177180621941600475e-02
-1.510745119134782218e-02
8.978600675522575847e-02
-8.293312173396652498e-02
-2.069271229026767023e-01
-5.229532424675439189e-02
1.997451779096240665e-01
-3.480519313725949360e-02
2.016638332144733703e-01
1.822459681597536352e-01
3.576787724949808123e-01
2.926187587963089420e-01
5.866627398047487285e-02
-3.639566899728381971e-03
9.160224441818017038e-02
3.176380866028506722e-02
2.660888704807714555e-01
-4.822501974761782967e-02
3.346488015979843800e-01
7.193443513726330285e-02
1.168640026068364091e-01
1.744302681065919292e-01
-1.629352142072512388e-01
-1.174079409307195315e-01
-5.065841670036997507e-02
1.563104403832119363e-02
-3.911062399955695518e-02
-7.091453387220027216e-02
1.976270769370578884e-01
4.009115928277011132e-01
3.081262587854362578e-01
3.473893781085703458e-01
3.071741674210072270e-01
1.902750540813685221e-01
5.816257715050711374e-02
3.492718002143339016e-03
-4.747842060048839685e-01
7.727650924774306929e-02
6.555058348143259772e-02
3.562668635181853727e-02
-1.236088070982370585e-01
9.076465210473806666e-02
1.048633126615636652e-01
1.438592290691277946e-03
-2.609683844607726400e-01
-2.807261445605466754e-01
-2.274260158301059098e-01
-5.025970544811078078e-01
-1.621427032954407266e-01
7.272910093870529891e-02
-1.658304693700058882e-02
1.397410813013527930e-01
-4.642200442576104313e-01
-4.549949665964661549e-01
-4.948305936062833976e-01
3.879713636820635303e-01
3.883362360465330565e-01
6.608267269418642842e-01
5.088802028442227510e-01
5.145318186871093991e-01
6.184045830199939170e-03
-3.463188842795149325e-02
1.341048370277316271e-01
1.427373781147208420e-01
5.956973729514113136e-02
4.348327121034691323e-01
6.434357294974715202e-01
8.155397785812682487e-01
7.583489465263442142e-01
8.602099787830853606e-01
4.639628466264104079e-01
2.285723242727136229e-01
3.384629103530139016e-01
4.306862346967566535e-01
5.533039762760680880e-01
4.896965267271564670e-01
1.608335946817789630e-01
-1.948059319258080568e-01
7.596177210380490596e-02
-1.135713409843891880e-01
4.397463958078005053e-01
5.520944525969533334e-01
4.548606809985226707e-01
6.255056130035671069e-01
5.918087977239709918e-01
4.202852109831803351e-01
-3.559902594878869894e-03
-3.571822253951972836e-01
1.506331147998133668e-01
3.562194550387399739e-01
8.562077272132631589e-02
-3.113167353996348918e-01
-1.017927887035690315e-01
-3.416873608900244941e-01
-2.221472309831115377e-01
-3.428674100075694842e-01
-1.309144102656533970e-01
-1.381609810721950438e-01
-1.609352707346639877e-01
-3.296585531934198565e-01
-2.063650853163367105e-01
-3.304848871717433467e-01
-3.854132885748362547e-01
-9.815392713134109270e-02
1.665507448672625401e-01
-2.224376319060002993e-01
-3.251270323044873067e-01
-1.663509568829312224e-01
-1.493740073391813528e-01
-3.580351841605283747e-01
-2.462264557806019549e-01
-1.430022154643655341e-01
-3.836749723687382096e-01
-3.246407576064738176e-01
-2.600875779866246296e-01
-6.155839868239420393e-02
-3.737492441841923640e-01
-2.057494390613767710e-01
7.124212693706703792e-02
3.589479969280439109e-01
3.090351858094086968e-02
-9.998509085200389668e-02
2.564489964839878899e-01
-3.891538699288212833e-01
-2.508439050792714009e-01
-1.952534692075698908e-01
1.418876866298672546e-02
-1.859385110040376599e-01
1.731198162339272206e-01
2.746885197340307450e-01
-3.514591317364588324e-02
1.207141885090246974e-01
-9.095287801997782584e-02
6.690382642145281666e-02
-1.670809213841785157e-01
5.571545985258707229e-02
3.389680790518876524e-02
7.840651506442912477e-02
1.327407538765457834e-02
1.395548367694318392e-01
2.050973724861725467e-01
3.713886337561560502e-01
1.014704504251613126e-01
4.386890049686973936e-01
-4.953894383292811905e-03
4.796722136683108650e-01
5.391781165123141761e-01
4.257503106442058760e-01
-1.711899622472245475e-01
-8.668294448858675921e-03
-1.070825923956604253e-01
3.638044721197675746e-01
4.286108059460931319e-01
4.478711854595396891e-01
6.117751681065836111e-01
7.779701098589373309e-01
5.700576960079951627e-01
4.064244692939976145e-01
6.928327852241916718e-01
1.870794668065419442e-01
2.057442301693795661e-01
4.158805666931269518e-01
3.082065616300093125e-01
6.306677122772591515e-01
5.100877261690852649e-01
4.882309822761735085e-01
4.601748231390613841e-01
5.305638292850083371e-01
3.294389801710606025e-01
4.229542771890776320e-01
2.896073748368733769e-01
3.583034497699399412e-01
4.540121322783295388e-01
5.987887367126312199e-01
4.354511054884530608e-01
6.157147606653390337e-01
6.371705783919937582e-01
7.666854208009662441e-01
4.649366990924259091e-01
3.449468107229374247e-01
1.813494168938877826e-01
2.690041730450313806e-01
7.546786704836581927e-02
9.732514174815624919e-02
9.935990251327325717e-03
1.609281363929929709e-01
2.853380625464007059e-01
6.106311554847635437e-01
5.091371455182003292e-01
1.426707538301845712e-01
-5.267224355108568457e-02
-7.550944382075880368e-02
2.126270758123647298e-01
-1.653813341164568351e-01
-5.735119166872828383e-03
2.322247220465536721e-01
3.994977063538689144e-02
2.575033821540267942e-01
2.298513533167642897e-01
2.631875101724223120e-01
2.772568278009254761e-01
-5.573881299155195035e-02
-7.248474346139283098e-02
-1.305250712435782889e-01
-1.089280806752473130e-01
-1.758323999422597428e-01
-2.149953930598427210e-01
4.440562432275824839e-02
-9.581665767133035194e-02
8.913801475490366888e-02
-7.120202081676269001e-02
1.203742661116144474e-01
-2.990082727747024327e-01
-2.021046191736070308e-01
-1.100701200088306797e-01
-2.433279834504330497e-01
-2.410254199830091093e-01
-2.261321966093648717e-01
7.941709968311931600e-02
-3.786311310919629990e-03
4.571487020770378246e-02
-1.046513971773252588e-01
9.948620616107391179e-02
1.673394764844999549e-01
2.153381557807768076e-01
-3.218771473547043637e-03
6.846672047186094234e-01
6.471109502475155262e-01
5.575224668450208254e-01
7.072560312014753992e-01
5.549987904801008121e-01
5.148602896837384257e-01
8.883056851841535373e-01
7.693839200369028131e-01
7.043434802583384835e-01
4.239440671813867190e-01
7.466757706286482055e-01
5.018447633451738055e-01
4.585193773538555617e-01
2.916685449534301977e-01
5.310934678549218413e-01
5.221562364212073426e-01
3.958399642928299711e-01
3.940927655388971051e-01
1.920168662946143134e-01
2.736474504530250762e-01
2.616425385756814270e-01
2.931728191303877851e-01
3.757943396819553028e-01
9.198172216197916806e-02
2.407012884550710219e-01
-1.409951305967896418e-01
-8.199568296380297869e-03
2.053664654488791541e-01
1.994123810725536572e-01
4.271667245351895570e-02
1.136016956868351885e-01
3.483958836907263823e-01
3.127345096016974635e-01
4.056954171938967346e-01
4.785065035296856006e-01
3.231901812017274334e-01
6.077923452343292343e-01
4.835730295382000832e-01
-1.409753924290149951e-01
3.940449349175919463e-02
1.146712484323556686e-01
1.596205416512939679e-01
1.279394746405756178e-01
-4.136673691405083619e-02
-1.545087818420161352e-02
2.242299565863111743e-01
3.617801791492055163e-01
-1.215693175884668097e-02
6.045476938905243458e-02
1.999376923134237316e-01
-5.467861827916379452e-02
5.226406612469795820e-02
3.713658081293952917e-01
3.447346758530140942e-01
4.591117347800133253e-01
-8.641375059174447038e-02
3.872588656860603828e-02
4.345402929916118706e-02
2.992791294920406076e-01
2.797791995393683617e-01
4.049855998823397307e-01
1.493357483134186980e-01
1.471590932687849573e-02
-4.040505372054335465e-01
2.726320418451773087e-01
-6.627048406444852567e-03
1.225177962331793768e-01
-2.687116220253414900e-01
-9.115251725524373128e-02
-6.116947727576811378e-01
-5.801322523445472390e-01
-4.238142403354567267e-01
-4.455288206688838293e-01
2.712918902427327583e-01
-5.352569040144173895e-01
-5.525506167433479332e-01
-6.428303809374439348e-01
-3.765399970786938444e-01
-4.900397707603109665e-01
-5.808130993596827274e-01
-3.877934911555618314e-01
-2.525442261686586809e-01
2.722668206849938183e-02
-4.757089363094255119e-02
6.062480969894399035e-04
3.907899425210363716e-03
1.443428147942515949e-01
2.582132051602739620e-01
-9.239288715308296984e-02
4.814711716456888772e-03
2.996198126947108298e-02
-1.688151341845705866e-01
-5.224757399280034742e-02
6.070391177011413841e-02
-1.355702149784177302e-01
-1.397818913582670186e-01
2.237746635466797973e-01
3.199987666504669481e-01
1.510771190920824347e-01
2.662263505050986856e-01
1.812398869937293933e-01
-1.025472709292312018e-01
-2.173706076052897285e-01
-2.338713398517156539e-01
-1.906050131471285769e-01
-4.379958991265514578e-01
-6.132153585922679451e-01
-4.588959310765946542e-01
-3.690189809271617882e-01
-6.387824141173095160e-01
-6.782078967554183713e-01
-3.808545597654173775e-01
-6.244379930936755363e-01
-3.451840210147099630e-01
-2.785797246644021730e-01
9.550523989048551043e-02
4.699416156402759503e-02
8.408837299147702005e-02
4.095557944095330472e-01
1.530997879459205513e-01
3.361397306490990777e-01
1.912481288823639214e-01
6.660435241219551938e-02
1.462801080065323153e-02
-1.659930638667755920e-02
-3.073575491908468460e-01
-1.692032953957545161e-01
-3.973747479075613875e-01
-9.658558244292035633e-02
-9.380213350329723657e-03
6.343573407192563962e-02
-1.757970059444846633e-01
-3.855770633193010277e-01
-6.684906751411782144e-01
-4.824987181522343849e-01
-3.901091686135349512e-01
2.970194138931513475e-02
7.125666952734789616e-02
-3.240935297520507880e-02
4.988639221026183040e-02
-7.678846497992192210e-02
-2.292477737715202524e-01
-2.038763752383908057e-01
-1.411054413843869926e-01
5.200010043037951724e-02
-2.446600133361636342e-01
6.831181447300657683e-02
-9.523321181213911801e-02
-2.632873303771741114e-01
4.499646191622246050e-02
-5.405451811028824105e-01
-2.732140573731252076e-01
-1.779025472054857615e-01
-1.996096107934271224e-01
-3.956608532181683513e-01
-3.332460474046532450e-01
-2.642526052750380772e-01
-2.365811167884026341e-03
1.305085133134029352e-01
-2.647821817784865583e-01
-8.447130944134358110e-03
1.185012336967783964e-01
-8.833075548672809918e-02
1.537523238660243041e-01
2.324299340192708396e-01
5.927351253514732271e-02
-2.757626354000922708e-01
-2.600268847046859899e-01
-1.044314441610764005e-01
1.274545998828434945e-01
5.870968390986088664e-02
3.091287742918031878e-01
1.375681564982583760e-01
-1.691051310822077880e-01
-3.501872297275421264e-01
-1.436376527299772499e-01
-1.793778698053963561e-01
4.111052170037356179e-02
-1.348441468670907584e-01
-6.407753568582577608e-02
-8.287311187496324005e-02
2.034456787858452964e-01
-1.257695111615856065e-01
-1.546349762305422315e-01
-1.591631203934331662e-01
-2.452634558619670446e-01
-5.493627980722539661e-01
-7.102338412954248281e-02
-1.809473087509768097e-01
1.330608554264595990e-02
-2.101581483083057034e-01
-4.411311997875969615e-01
-4.728791124021075598e-01
-6.621342878029551349e-01
-5.079921755056536758e-01
-3.968432803395021136e-01
-3.409290201378012974e-01
-5.680239885774690523e-01
-2.908246543136281947e-01
-6.982896105943136034e-01
-6.504700734601660539e-01
-6.569602177045772429e-01
-4.436910532812428087e-01
-5.084797625138908206e-01
-4.792160257281473101e-01
-5.711705993266715797e-01
-3.556087108088131776e-01
-6.329116727628298911e-01
-3.135985640781864259e-01
-4.587395459859449631e-01
-4.426888836755802359e-01
-3.740349581186846462e-01
-2.690642517540716705e-01
-5.256622928775210868e-01
-4.289439033235786791e-01
-3.441094542427723391e-01
-1.628441777623783338e-02
-3.746479440856536614e-01
-5.720397001924789615e-01
-3.641763722718450169e-01
-7.812586261611156324e-01
-7.472055070574556979e-01
-5.536380173015067463e-01
-2.169415475865077991e-01
-6.265305910221884433e-01
-3.477789130165114817e-01
-5.516872380273687426e-01
-6.964306664912689460e-01
-4.555233698808067722e-01
-5.074516099701590344e-01
-3.644544094145819590e-01
-5.437958717983416568e-01
-2.492584388555114938e-01
-4.727207950765531241e-01
-4.597740438396572538e-01
-3.690372052818381987e-01
-2.340892901009389571e-01
5.985515319800006201e-02
-2.956686442923804892e-01
-5.709224922118081441e-02
-5.750926298140233289e-02
5.076412764694881313e-02
-9.732321216359447746e-02
6.794641370725755351e-03
-1.408405335133843528e-01
3.750575933356649627e-01
2.683536380041487979e-01
-6.725037584225698750e-02
-1.139742600183665938e-01
-1.711173085066127197e-01
-2.376191271898682456e-01
-3.423882858064627999e-01
2.197790054024550618e-02
-5.264366606699513729e-02
-2.499466737820637066e-02
2.186401245581638675e-02
-1.418085759427485937e-01
-1.588625994148546716e-01
-2.803111808296442770e-02
-3.972650574549971281e-01
-2.468776115798780868e-01
-5.231137350187653468e-01
-4.018969549784221496e-01
-4.062925980430327488e-01
-6.244049009375864934e-01
-5.102443017556183014e-01
-2.335874629573668204e-01
-4.406387974503777616e-01
-1.910224412739092992e-01
-1.719565450522297090e-01
-1.243989924496702593e-01
-5.064206525941155057e-01
-1.347436539184453663e-01
-3.308489590616793263e-01
4.706382644114679575e-02
9.685082529636093469e-04
-2.257156953748614692e-01
-2.946795466725640189e-01
-6.015442463646921700e-01
-7.362251641499497623e-01
-7.910505355241075343e-01
-9.735734603701790002e-01
-1.000000000000000000e+00
-7.475976164224549247e-01
-6.518950945218212611e-01
-2.751476540101691626e-01
-3.780536642084243448e-01
-6.411287549835535948e-01
-5.739577253096638243e-01
-5.925293400154649781e-01
-3.579346430323168127e-01
-3.067554375495213370e-01
-1.787012939336885542e-01
-8.136896573557508838e-02
2.112282695496633667e-01
2.538277648996759561e-01
2.178759635597088962e-01
3.779090218333616691e-01
2.791515785359933166e-01
1.028197002575147352e-02
-6.061128662252385571e-03
-3.501020905754870932e-02
8.234791964072861459e-02
-2.118685072140724657e-01
-1.042396566439860450e-01
-1.794918526221227495e-01
-3.138919682949164458e-01
-4.198517629406682272e-01
-3.199965503551628898e-01
-7.319962932038280579e-02
-2.749455618005589574e-01
-8.729523816850962015e-02
-1.159767332176374899e-01
7.401416704002836133e-02
-4.159343888366677511e-02
1.669354497020339168e-01
7.859062668988084366e-02
-1.162197113756337080e-01
1.062004961429000999e-01
1.421329762206565428e-01
4.377036836110103080e-01
2.511291706203410135e-01
4.190770238457423025e-01
2.968165719024344340e-01
2.033979456032316557e-01
5.955905561578916929e-02
3.153128659867609485e-01
3.706493485291837420e-01
-4.260205780950925003e-02
-3.790243389879305869e-01
-5.220137415644729995e-01
-1.484815108140600248e-01
-2.324841560895286874e-01
-1.194501242863519330e-01
-2.602357145186570131e-01
-4.623962106584452725e-01
-3.445130516756487737e-01
-3.843363242426085097e-02
1.084732965149144551e-01
9.876195732673039018e-02
1.538587606278183639e-01
2.144103954158048386e-01
8.191064905801885565e-02
-2.378673078852248102e-01
4.095667016473424765e-02
1.026774584181606997e-01
3.456576752527939500e-01
1.698655660224248076e-01
3.564475468078679432e-01
3.475839724327339231e-01
3.538015173847022798e-01
-4.982753674151914336e-02
-1.485654233024342671e-02
-4.273078473532627708e-01
-3.155104215870054851e-01
-9.193390526663644535e-02
1.733684002721777861e-01
1.332178819823744143e-01
3.691919840208296999e-01
2.546549531377225173e-01
4.505258080718320679e-01
2.780926287995741930e-01
3.488062023824636815e-01
5.333503307135949445e-01
6.053458926163707982e-02
3.421661186997158044e-01
1.816521765353057982e-01
3.208453488985582025e-01
2.348578800841075453e-01
3.187196647506190250e-01
1.029170392608760448e-01
1.564005385872479781e-01
4.022927273741911947e-01
3.114304151066822346e-01
1.506545730299088670e-01
4.825142421950508465e-01
4.135033629328048743e-01
1.416201397717113952e-01
2.921209445899448642e-01
2.922089526433294115e-01
3.673422871241767140e-01
1.464666838400477955e-01
1.561922235313236151e-01
3.109631664521131933e-01
3.131616884506934761e-01
4.084597471460887225e-02
4.600435926682953092e-01
3.248392559699694870e-01
3.425582606584189338e-01
4.647876328009247771e-01
2.734021379674186902e-01
5.434533774140073992e-02
1.874020179269888509e-01
2.464883184713711206e-01
1.125037149629884020e-01
2.478346763010757792e-01
2.685672483739242056e-01
5.111273359718621068e-01
1.307391156141753386e-01
1.283933992279353564e-01
-1.383115065232165541e-02
2.818837591631265238e-02
1.832856777148145905e-02
2.057653220607552069e-01
4.549251276606358640e-02
-2.166708887049018373e-01
-4.154234819308605386e-02
7.348636449299594808e-02
2.278338329484641267e-01
-9.029863381363051333e-02
2.115763221968073593e-01
-6.490902395382373846e-02
-2.409844060968620652e-02
-8.344644587485143539e-02
-1.858006155605726739e-01
-2.073046345745092334e-01
-2.810543167939421050e-01
-3.653599143879777134e-01
-2.154380503835460481e-01
-1.148625997163870149e-01
-8.555010519960355719e-02
-5.792862686447944331e-02
-1.638004208844475590e-02
-1.292035132833545263e-01
1.837289336066639522e-01
-8.830545373374441842e-02
-2.118548356124554388e-01
-1.019734315378339612e-01
-3.024334989646597083e-01
9.373352111563824918e-02
2.331996820901706055e-02
1.538384539676183882e-01
1.492726955853534336e-03
-1.959564034466601545e-01
3.226895481823039563e-02
1.438653491006390561e-01
8.665542937417175517e-02
-1.598395357132673944e-01
-1.149298264361574007e-01
-2.609508906723894128e-01
-6.005728359166030011e-02
-2.532391589417972155e-01
-3.418179718252326582e-01
-3.130774121318495862e-01
-3.428585243780146730e-01
-2.706187507206057052e-01
-1.312591162955607238e-01
-2.882808510434499150e-01
-3.996628163787679378e-01
-1.318402951036230231e-01
-1.445691460207942092e-01
7.338220503782880155e-02
-1.439068792511483119e-01
-2.756611464827165570e-01
5.085269014028648976e-02
9.261668243513943022e-02
1.678089268257651201e-01
3.335561985713036970e-01
9.100116150196625731e-02
2.172782942003802231e-01
1.104706887148617089e-01
1.628486337615682178e-01
-4.214541155476497075e-02
-3.526704601932836858e-01
-1.652631551692043399e-01
-1.965150372656756239e-01
-6.898571014640335342e-02
-7.809844381021190107e-03
3.972410970908178685e-02
-4.836465893607522770e-01
-2.749948229654871623e-01
-9.864542450468360979e-02
9.059031601762786157e-02
1.340135893059225258e-01
-1.793856414228351542e-02
2.913701828577139330e-01
1.054139526351851597e-01
-7.044062280062425574e-02
5.673966593665925873e-02
-1.742262497027005641e-01
-4.675986905696889462e-01
-2.354225486071271634e-01
-1.494675763801727730e-01
1.227981503087493924e-02
-5.169619507625138333e-01
-3.492625930146619484e-01
-3.649126429871158983e-01
-5.285564450091019273e-01
2.542643704436516050e-02
-3.435594675765749617e-01
-5.267044485404197562e-01
-8.589057264622553811e-01
-6.613105463516129046e-01
-3.781612256348210743e-01
-1.698308917369972249e-01
-2.266645054899290301e-01
-3.424313097397466699e-01
-5.933760094166207200e-01
-5.065679633346035216e-01
-4.386590113961233994e-01
-4.853796060744692276e-01
-3.685636911979165431e-01
-4.081838657626984945e-01
-2.101022061864383228e-01
-2.125586877456626667e-01
2.181424592695334619e-01
1.711947066900007808e-01
7.623060426772092224e-02
3.906563151841207365e-02
-1.298621084998930614e-02
1.702360603728759331e-02
-3.597643778378113444e-01
-2.367362416197452413e-01
-1.331002071464217895e-01
-2.610783904842939318e-01
-4.930357966682939047e-02
-2.309986573311904601e-01
-2.098912813742417616e-01
9.123811158057157367e-02
1.784193758375494099e-01
3.010990027483246845e-01
3.007794799631749449e-01
1.486161949139370719e-01
-1.615754861278307086e-01
2.316566530333629692e-01
1.567498068113415133e-01
-1.121826317224498271e-01
-9.845417714876124327e-02
-2.035070696292844705e-01
-2.094973201285153519e-01
-3.172198424115112436e-01
-7.098204700426714864e-02
-3.438076490358288884e-01
-5.628402999817061492e-01
-5.749369872308189577e-02
3.422779312948989738e-01
5.347576080175034940e-01
4.122599719203580149e-01
4.621080250945443502e-01
6.001276943814595199e-01
3.759820543866453924e-01
-1.116835227070960140e-01
-1.366282546287289068e-01
-8.590828491096233477e-02
2.067602995409135724e-01
3.869345210428656867e-01
2.507118252001560577e-01
3.300924517844058825e-01
4.785442887139069318e-02
1.252483109295308428e-01
2.332301399993920721e-01
3.601804356983345223e-01
4.420093687814066058e-02
1.508814274139306383e-02
1.211355286800734066e-01
2.509066465450059957e-01
2.924957887502966924e-01
7.486536079051285542e-02
5.607150912440576063e-01
5.480496813351750651e-01
4.570306073109244860e-01
5.126051015285374435e-01
6.496490215852716021e-01
6.930762306433859710e-01
1.424455662754976482e-01
2.885434825027831662e-01
2.742198699353689539e-01
1.983227506894732206e-01
1.821893497135902429e-01
2.717123596942457864e-01
2.250851912330039117e-01
1.267362268786576818e-01
6.006831908688241572e-01
3.375402555620721223e-02
1.878128676783059614e-01
5.264890890364618548e-01
2.540114749302715413e-01
1.245546278616813385e-01
1.215332754129449938e-01
-8.307983276817773599e-02
-2.023093053377913730e-01
1.258304186958562332e-01
-3.858595155540392452e-01
1.718639228689883003e-01
1.358626261103804828e-02
-2.402408806208115866e-02
-1.664952337618667566e-01
1.677970805192370296e-01
4.574465767163967550e-02
1.776129242867244273e-01
-3.250563428153535606e-01
-9.670155920584688758e-02
-1.143750669396167152e-01
-2.962737220590217491e-01
6.513841335893347240e-02
7.271402971081668276e-02
-7.772023505379214471e-03
3.235677447756284131e-02
1.369097773552815367e-01
2.554159616211015282e-01
6.287611832294720537e-02
4.483654218133620306e-01
5.361583656540087617e-01
4.133321415186058112e-01
-2.384302449705472463e-02
2.262159289392747796e-01
1.871176975101820350e-01
-3.142444589506869224e-01
-2.484907208139196244e-01
1.954676296430515534e-02
1.523475938228177895e-01
7.420886549651893593e-02
2.732993336414925589e-01
2.716563696913905090e-01
-9.232756952920299909e-02
3.353902931529915699e-01
1.734541618927353257e-01
-4.715028030548890775e-02
-2.895841732815873648e-02
4.040811537478742332e-01
-3.040693272544971182e-02
-1.108176675932704830e-01
-2.898401431793528049e-01
-1.528124551093925920e-01
-3.693907044916234783e-01
-1.006986949652742130e-01
-1.939046048271405032e-01
-1.905766286336737780e-01
-3.187427382389177236e-03
-1.615130357203529987e-01
-3.831927055452455932e-01
-1.361654493926850729e-01
3.855600960179920156e-01
3.601748713885252751e-02
6.096490361877845987e-02
4.334271209118285839e-02
1.685012345438356152e-01
2.831383708751730177e-01
-7.479263219091933715e-03
1.166851619468403517e-01
3.623757769562727105e-02
-1.463258526234845203e-02
-2.595372809545696269e-01
-2.350639891225227152e-02
4.580784751279026734e-01
3.757925285689053818e-01
2.736140154204837471e-01
1.957444729068927858e-01
2.694236743436635995e-01
-4.066170932608692556e-02
2.802289527580081319e-01
6.295427018297240773e-02
1.558507795327477019e-01
-9.149274130158076279e-02
-1.217148436056002953e-01
2.226395209406754339e-01
2.197423771002772475e-01
7.831370526374793750e-02
2.236862342552904670e-01
2.745706708152404474e-01
-2.547609771944982573e-02
1.339188880198365073e-01
9.535669230748440584e-02
2.572814457405464550e-01
2.152468074440440915e-01
1.538853229098951225e-01
4.102146532272356316e-02
2.925177822375803205e-02
7.074370224218619330e-02
-1.980475894492482181e-01
-1.471625148842810316e-01
-2.790686526616792396e-01
-4.367504257516275357e-01
-4.096384779704276835e-01
-1.692771886233727652e-01
-3.579268243090444335e-01
3.504928820264718858e-02
2.252968276808978709e-01
7.135746444239216002e-02
1.616442360794979882e-01
8.367500993928274344e-02
5.373385746381047212e-02
2.402622573681708895e-01
1.273006068833671123e-01
6.070025324394373936e-03
-9.343843908473793702e-02
3.113421922077994619e-01
3.789180135050677634e-01
2.392334622887715145e-01
4.118545478397350190e-01
2.894331536132686011e-01
1.790838901337189759e-01
2.217162543449035517e-01
-4.550370764636452736e-01
-3.428271594250436038e-01
-3.197690278480084247e-01
-4.222234573852688411e-01
-3.440178517539217440e-01
-2.980857897895451969e-01
-3.291608893103905586e-01
-4.508608920135214748e-01
-2.423324468395714471e-01
-2.214896220092140433e-01
-1.265311036152214630e-01
1.218969519943425145e-01
-1.276975284423714774e-01
-2.906025644993710522e-01
-3.893555141979019307e-01
-2.625880629491180174e-01
-1.675958669313968030e-01
1.865056957637687141e-01
1.571203756717295397e-01
-2.820607170497209382e-03
9.845387445946422733e-02
-5.428977541853546168e-02
-2.665353845111263498e-01
-3.736806742476578291e-02
-5.834464696524620519e-01
-5.892680948034171307e-01
-2.543698466737155384e-01
-2.579394116496296907e-01
-4.672844672130189725e-01
-3.325627280713444045e-01
-9.974622959097630137e-03
-5.353923180939942905e-02
1.443658196838500662e-01
7.616917055376025425e-02
1.120441618268837869e-01
6.863596751750657143e-02
3.126354516144659312e-01
-1.340808721725297858e-01
9.262802025597739741e-02
-2.732605440888275297e-02
2.177052859947527230e-01
-8.866334938426556622e-02
-1.242285009751533942e-01
1.133571227854499389e-02
1.361578152948743903e-01
8.777526318188526300e-02
3.862423760852055910e-02
-2.762762159623275218e-02
-2.633325806007455819e-02
2.795171982346345355e-02
7.284680741790351688e-02
3.424311181424892492e-02
1.609436011436412017e-01
2.179542991309688649e-01
5.891004723230251761e-02
-8.050246291170137791e-02
1.571020053955351770e-01
3.258455781320986899e-01
2.171510258145902261e-01
1.192113352957299977e-01
4.562693854697011386e-02
2.754270526180073175e-01
9.124600778158120651e-02
-5.137075994736883117e-02
2.079228686669278847e-01
2.915402933236617145e-01
3.089537680042066942e-02
2.294889639897784370e-02
3.005108331398507748e-01
3.047219463841721043e-01
7.198845807108381067e-02
8.224470267372023524e-02
-3.951447627334470081e-02
2.599876325955994272e-01
1.600359092392730498e-01
5.976881767702737352e-02
4.707160920167298701e-01
