-5.234998916578979117e-02
1.172977055729240436e-01
4.679446116748230133e-02
3.366733225089779680e-01
2.543369889152133356e-01
1.147351074065535298e-01
2.480650115497646802e-01
1.335419724310891454e-01
1.723373708612054578e-01
2.071867062417021566e-01
4.306806030655420670e-01
4.762509884559092965e-01
3.663413767591219838e-01
5.567912084405323148e-01
6.394410552080352916e-01
3.744259866145444593e-01
5.078575625030460339e-01
2.132052494413932131e-01
2.186504212789652513e-01
2.089423515418842650e-02
-9.919103832295513012e-02
-5.780405635224434846e-01
-4.407571266682172029e-01
-5.540042124151433045e-01
-5.456430040472121101e-02
-3.383295919534975438e-01
-1.491746550101001045e-01
-3.005353707169852728e-01
-4.301794544809029452e-01
-2.639586099790330320e-01
-2.330321851666260768e-01
-3.980265409946087685e-01
-5.127773357486687944e-01
-4.848715368470830622e-01
-5.233572472503393858e-01
-2.393010515855947817e-01
5.504430842188399314e-02
-7.653684319718428997e-02
1.547011683940243687e-01
-7.315196109596869278e-02
-3.373670843538176811e-01
-5.223678415961152677e-01
-3.206891933485903068e-01
-4.151722529581946541e-01
-4.551915067797011605e-01
3.215455272923817970e-02
-2.348947026079898359e-01
2.370382003300185864e-02
-3.633693341131888355e-01
-4.758494462052193508e-01
-3.429316627443509957e-01
-7.162628786615622412e-01
-8.017802890764906543e-02
-1.309003602321360260e-01
-3.494863557849283153e-01
-4.472848117406142965e-01
-5.662312421777109250e-01
-2.352798707435378722e-01
-2.590800969415171795e-01
-1.603541584671993037e-01
3.010647758606694105e-02
-1.018127302814863244e-01
7.868202003070257078e-02
-1.178345926054389925e-01
-2.145328298268365519e-01
8.026417038599828468e-02
-4.871964468312461188e-02
-1.351891319961553983e-01
-1.375296600930537017e-01
-1.775319299396043160e-01
-1.465342749982978809e-01
-6.667550617396839074e-02
2.690610308075091495e-01
-2.792356375766309740e-02
2.541227463328594172e-01
-4.776197316818385150e-03
-5.578449038387941344e-02
1.359150407683320794e-01
-4.896859473242479860e-02
-1.407414117036422663e-01
-1.805319384506592628e-01
-5.164219325934996108e-02
-2.264594260824489558e-01
-3.135767448108116029e-01
-4.551633143938628723e-01
-2.845361317080241648e-01
-2.688168423008444052e-01
-5.135901718498504520e-01
-1.094597436851077882e-01
-1.376635189475644283e-01
-1.779819805615934780e-01
-3.887906019356015402e-02
6.336281435170833427e-03
-1.528031772850617191e-02
7.242119369780264382e-02
-8.337646471740295384e-02
5.963582898886328476e-02
-2.376396492465111532e-01
-2.824486915331553272e-01
-3.743369981579623695e-02
-2.991567524731734706e-01
-2.416162099492915882e-01
-1.432915312152709120e-01
-3.173932916626341916e-01
2.110752901423991745e-01
-1.175836828012774386e-02
1.046224739353301264e-01
6.240820718670764614e-03
1.278612369580773012e-01
1.104489688221283322e-01
-9.258593542814973210e-02
-6.772157088796218471e-02
1.827363580791857844e-01
1.864547946979306092e-01
-4.341300414460638746e-02
-2.776816219520482631e-01
-2.096588142998109805e-01
-2.245120746481169827e-01
-2.135995890329255020e-01
-4.714684296228413007e-01
-3.545939237949834455e-01
-5.924990844096357234e-01
-5.075465628305995125e-01
-5.704845201445735148e-01
-3.089878880122285398e-01
-1.780274459528206343e-01
-3.149268810958318898e-01
-2.420590891164726144e-01
-1.521558521960411636e-01
-1.144969895091328266e-01
-3.697623523800425138e-01
-3.986455203648179846e-01
-3.794042577279738704e-01
1.099480537460386376e-01
2.422181817274440471e-02
-8.023065973912593685e-02
1.589820270045704800e-03
1.507803744367895993e-01
1.521602551300665351e-01
9.195867253300578359e-02
-3.109063202533006443e-02
1.181871758338320227e-01
-1.850768259656216386e-01
-2.189497569478022487e-01
4.183374978838672043e-02
3.315015588519333867e-01
2.955332310433761434e-02
1.227565508281801138e-01
1.376529758442580909e-01
2.665971048805080290e-01
7.182275363596517248e-02
-1.214118274022783356e-01
-2.822143547475322242e-02
1.806073870010632132e-01
9.980575246738046524e-02
-3.608585121418148023e-02
4.102781434906645486e-01
2.037419209809824827e-01
1.396581754401788888e-01
2.926514238921158473e-01
-6.323315439962830242e-02
-8.794977992566221925e-02
-2.454695122543722741e-01
-1.843993333304642657e-01
-2.804902343110681207e-01
-3.326260647648318081e-01
-1.352548984957975819e-01
-4.981168345970377054e-02
-3.963664603903588324e-02
2.299521066345059095e-01
-1.812667034876625644e-02
-5.137628442808567925e-02
2.564913542840860372e-01
2.725754796973853811e-01
3.930273747976733428e-02
3.843564012914295613e-01
1.395122366046011586e-01
-1.355166700979101024e-01
-2.096728856376392502e-02
-4.600440856807058720e-01
-3.022873545133483719e-01
-2.026876293417892438e-01
7.072812885133433758e-02
-6.902062152242206816e-02
-1.361930724902769840e-01
-3.236526768768959728e-01
-8.526639700797124244e-02
-7.812661627931045960e-02
-1.830684650819181802e-01
4.583475570034465374e-01
3.219341086663955465e-01
5.203291413947161992e-01
6.614275243902904000e-01
7.243040424259340471e-01
4.201546986117171145e-01
8.057279119359183062e-01
4.602318481373154913e-01
5.916966148835105521e-01
8.794892137090101203e-01
8.786590683495009158e-01
6.647189732929823514e-01
4.882400570438731324e-01
6.304754205710231263e-01
8.439195845279451325e-01
3.622391199233137571e-01
4.556128710315199282e-01
3.775528094467314744e-01
6.193033780325016835e-01
2.876711462825403687e-01
3.319226830192749111e-01
4.511320506751501092e-02
-1.490149870214082031e-02
1.161320089615161116e-01
2.388508933309437532e-01
8.874944518320986020e-02
1.260932795886504365e-01
1.736154483145502803e-01
1.602954238122521469e-01
1.492770650346759431e-01
3.783527653922964529e-01
-9.006163268229844254e-02
2.737209116823963173e-01
3.696632341733528393e-01
2.363859018524858413e-01
8.980165231243665558e-02
4.643787772013945325e-01
1.027455353695207602e-01
3.367707768588901751e-01
3.347522357878677801e-01
1.414551376075831313e-01
-2.844431733716092925e-01
-2.561520042206543168e-01
-2.506487701575875193e-01
-2.597230869154459332e-01
5.640651195805364282e-02
2.366867983858473093e-02
-1.459335570384666103e-01
-7.763337057312562350e-02
1.732201396293711615e-01
-4.007739892053120700e-02
1.055374176818500154e-01
6.011026368696040928e-02
1.797749182274600288e-01
-8.478010421661281645e-03
-5.916616845694380733e-02
1.437290763848133590e-01
1.413871932291505817e-01
3.242786899522343003e-01
5.174057891430209333e-01
8.631360250065266138e-02
4.513759719465276765e-02
5.875512423122762617e-02
1.922108785836530720e-02
-1.466370244863258489e-02
1.162574428164042939e-01
7.756575213500400967e-02
3.683712914516749093e-01
1.403459779126564055e-01
1.943205677720291902e-01
-1.430448714537407851e-01
-1.352235638662553086e-01
3.979626207098422436e-02
-1.885237572135947948e-01
-3.082704436076858512e-01
-2.640967027393031352e-01
3.001400923654488559e-02
1.438606066432685480e-02
7.378693036344290135e-02
9.293958163793747396e-02
7.808314346169971387e-02
3.805012130072525922e-01
4.106552217064783905e-01
3.116127087193634737e-01
1.770891469090041248e-01
1.310685358684234858e-01
4.813996864300104650e-01
2.842052018136181357e-01
-3.411807227477523657e-02
-8.092397295946039681e-02
1.826163339677098485e-01
-1.070323289214338419e-01
2.993790037766754786e-01
4.190051806710118343e-01
3.774464605158119879e-01
3.877891421137311667e-01
4.156319028202409838e-01
1.561081884694966726e-01
1.179634460423536479e-01
1.334284508876289466e-01
2.691116598200719023e-01
2.180969129270921014e-01
2.586399509778795069e-01
-7.636327950850960167e-02
-4.650408516331832470e-02
5.611171344332100894e-03
1.048949179385841035e-01
2.076621304912245058e-01
3.024655410710020212e-02
1.022100283802031828e-01
2.181193283590872611e-01
3.707753569883249778e-01
4.237320333827711560e-01
2.538543305051580989e-01
3.911484307463066745e-01
4.877726272576008437e-01
3.402254116485387558e-01
2.140704878013639512e-01
2.570509734146653180e-01
2.194889530161917290e-01
1.124940092512073803e-01
2.763179114679923942e-01
-7.605774337120793128e-03
2.907335192930180501e-01
1.943841620134884041e-01
-3.261139117898565615e-02
1.814587647709443308e-01
4.020301395152387630e-02
-1.276665489030723299e-01
-3.143066466769694478e-01
-3.166323428720389105e-02
-2.489414677531388009e-01
1.082981640588000227e-02
1.079714191829416470e-01
2.336818709621295287e-01
3.446881349391618943e-01
1.280931890869834444e-01
4.543056198895603637e-01
7.554253087154365331e-02
-2.489141964018465880e-01
3.115465029009823472e-01
-3.068332836694423818e-02
9.692534060943527874e-02
6.734658681940639945e-04
-3.266184576365618875e-01
-2.146974993673280707e-01
-2.965237579484647501e-01
1.975339803026597285e-01
-1.327987689918883329e-01
2.149878109840406837e-01
-1.293066314787234827e-01
1.060825294415426862e-01
-7.740903396572335060e-02
1.241149444799159174e-01
-6.190538141733673699e-02
-8.314946351837068650e-02
-9.675030429253857200e-02
2.790335780336592464e-01
-1.688625310080303921e-01
-3.279804626012257085e-01
-3.256025656710953009e-01
-2.339515636199181459e-01
4.360208983356191059e-02
-1.283652176879480078e-01
-3.146412313949775719e-02
-6.623072467308169231e-02
-1.104516434491433358e-01
3.414352678359312832e-02
-3.189557172856035128e-01
-1.534151263208934912e-01
-1.994241304620530675e-01
-4.369733786612078341e-01
-1.488523144533971942e-01
1.381173036386537101e-01
-1.086574194788313547e-01
-2.265637381131644923e-01
-3.705989334137588243e-01
-1.436506424925214909e-01
-1.958852004386518741e-01
-3.563865518228762630e-01
-1.893778860124932517e-01
2.810608358323817280e-01
6.966657128047733238e-02
7.675207629438174362e-02
2.800662563525141979e-01
1.621523863749483318e-01
1.992140960505245917e-01
1.150810168397497502e-01
2.604749950586356944e-01
1.879480329015553730e-01
3.206866967756714093e-01
2.980108813923000866e-01
3.165735791523720533e-01
2.761353437273065814e-01
1.264979340769610272e-01
-1.655593114248173625e-01
-1.323528901178666964e-02
1.500222084269184353e-01
6.161327423961805716e-02
3.850187395841894039e-02
1.514113896927758718e-01
-2.630094482464463354e-02
-4.949510641644106618e-02
3.944817005561985224e-01
3.564023308833009773e-01
7.912252403000681611e-02
-1.391038264211746922e-01
9.479343375504964420e-02
-7.817351556731050310e-02
-2.625079171228285602e-01
-2.482806002818793156e-01
-8.943136588378480800e-02
-1.474649098200390140e-01
-2.340767942354383679e-01
-2.456266605604051356e-01
5.546539062693403577e-02
1.390926695733088643e-02
-4.744285312646850244e-02
-7.655175241739048397e-02
5.127726741204094996e-01
2.729250157098024321e-01
3.751634466018634040e-01
1.733587818549978676e-01
-4.594064933727779604e-02
-4.181718231034767252e-02
-1.134826238959824561e-02
2.698105326466221365e-01
-8.185131811360805976e-02
-2.069262372512463977e-01
-1.237695100533455078e-01
3.224790684692042664e-01
-4.035043157498418437e-02
2.107517128527767146e-03
-1.810938012275693787e-01
-2.457115701225052740e-01
2.399584279282169705e-02
2.161648801874906101e-01
-2.217435295334949097e-02
-7.843276653664302267e-02
2.028947969549973196e-01
5.259646248282547898e-01
5.221276692617753401e-01
3.636367381661015363e-01
2.712763267295941749e-01
1.669659706773568564e-01
2.779925428046900113e-02
-2.078944964428344200e-01
-4.032712860030462365e-01
-9.549472603786600400e-02
-1.046700546052372893e-01
-2.796554347361417947e-01
1.143870238960115193e-01
-2.710026326892638754e-02
1.294354645105354473e-01
9.025797339952516124e-03
-2.737211509746699800e-01
-3.027666859971980262e-01
-4.151464744876230961e-01
-2.374604585186826100e-01
-2.187557888543849582e-01
-5.411977768009325063e-01
-3.906630868101068632e-01
-7.456385248277724864e-02
-2.422052749447254905e-01
-3.632933256052511273e-01
-7.844132437617021281e-02
-3.274920825766144405e-01
9.579983560978774793e-02
-3.127575406047136686e-02
-2.798257272361285436e-02
2.163294953552504993e-02
3.091744570655204360e-01
6.011849848306573263e-02
8.501886176419194696e-02
1.924517814749397149e-01
3.099307641995528440e-01
3.134564432558100688e-01
3.306598309469802599e-01
4.061348262632705208e-01
4.431393224241866324e-01
1.210308379329372991e-01
-1.691342356418669146e-01
3.189061190882186425e-01
2.022123875336105381e-01
3.283961598563994722e-01
3.261181602541911029e-01
-4.123076591251248479e-02
2.999243751096473676e-01
3.292074144927060186e-01
1.475996219838466572e-01
2.904512203317490826e-01
1.000000000000000000e+00
8.622275456840879926e-01
1.752785025787104989e-01
7.608609059416860942e-01
8.083948142984388463e-01
7.936808195188437276e-01
6.371337672849277656e-01
5.345904478619130096e-01
8.352766332016822171e-01
6.135689440769508396e-01
5.565405916883399140e-01
2.931730675278064191e-01
3.715880887236471253e-01
4.271007031680280619e-01
6.146800601549371468e-01
4.669361200544138724e-01
3.513792338058092657e-01
4.639726980159997738e-01
3.858625818020138265e-01
7.657278835142571072e-02
2.832743813594928994e-01
3.528481817374616303e-01
2.287517560720133888e-02
6.911455672917792004e-02
1.205726423267799857e-01
5.401917948479798559e-01
3.343734701900161199e-01
3.533464982225787560e-02
1.937675075547879711e-01
3.362717163176046770e-02
1.378490494171477065e-01
5.342342388607530523e-01
4.542920043260743057e-01
4.217679330822576844e-01
7.461829443767617476e-02
2.431050785411251747e-01
6.408153678768881145e-02
-2.148492664283730424e-01
3.501743014615913974e-01
1.174801885671103580e-01
4.028451541513917711e-01
2.851009001076494909e-01
3.793255513178933058e-01
4.177279550369231154e-01
5.531928994106347641e-01
2.273069040693288523e-01
4.416419112709883410e-01
1.514583916095169902e-01
5.638562229700726514e-01
5.885204873637945450e-02
1.956570005623571307e-01
1.718514329393481255e-01
2.739972350414383584e-01
2.392597755367351642e-01
3.675540117679096386e-01
-1.850763079598759936e-02
4.530416184273383662e-01
7.229492402020851749e-01
4.236644200688287620e-01
7.304606994163047595e-01
6.077887791749323476e-01
3.907525128987118790e-01
1.201856291312223546e-01
1.268000313624874364e-01
7.764083727628699749e-02
2.032648471428484538e-01
1.231576010164482926e-01
3.082458199435845203e-01
2.486418764783751567e-01
2.764926188245571403e-02
6.294476893074588131e-02
1.559379033256342029e-01
3.164355991256156408e-01
3.187008296531950724e-01
1.220606537792761487e-01
1.716348777670798076e-01
-5.653152515373089521e-02
2.147757986116276829e-01
-9.720099042661879685e-02
1.838786513445047621e-01
3.556803764985320276e-02
2.519839913324817271e-01
-6.492851863294901715e-02
4.011295191252405717e-02
-7.274511311471283659e-02
8.925758213415733999e-02
-3.805524083753326903e-02
3.189588437492772433e-01
5.072148105234573767e-02
-3.080231455422892742e-02
7.717856288473449490e-04
-3.415903479761500106e-01
-2.252468182667876628e-01
-5.167205929575801049e-01
-4.319542492768877473e-01
-6.874673955272320169e-02
-1.994892389459182458e-01
-2.811550238630783904e-01
-1.014206048514541963e-01
-2.484226066548776979e-01
-2.201028790491065257e-01
-2.107882181430910939e-01
1.905476525886642958e-02
-5.485943149668498497e-02
-2.149010046493332882e-01
-2.511562558137900858e-01
-2.096147086052980169e-01
-2.732959747392900152e-01
-1.155101177653227729e-01
-1.187023339039353920e-01
-3.841050972056313517e-01
-3.650333747800898476e-01
-2.233574919557359539e-01
-4.107232928904516051e-02
-1.473944832307730046e-01
-1.831043030950981199e-01
-3.699614276247532585e-01
-1.022066457360742281e-01
-2.298850088484704346e-01
-6.072983397884993556e-02
-2.514623779106971851e-02
-1.230831539902352799e-02
-1.575949373753141869e-01
2.334308711754902801e-02
-1.136917453537436978e-01
-3.007900972799203987e-01
1.094045185192212694e-01
2.138339403483431322e-01
4.172784145978165604e-01
-1.952263330088332138e-01
-2.832632482213710001e-01
-6.302968485418555256e-01
8.871557463343267280e-02
-2.188297276761155818e-01
-8.807085861671065663e-02
1.069357204334676625e-01
2.176804936456700201e-01
1.549487517738692421e-01
1.382476020575017506e-01
1.858572927374403105e-01
-9.757796596415765911e-02
-1.265404791968298692e-01
2.225638967511662791e-01
2.495844157074499359e-01
-8.389175954752640940e-02
-3.754497127708980586e-02
-6.580870879797240391e-02
5.610992075482691688e-02
-3.282248463391021498e-01
-3.416028829878892670e-01
-5.208037126371399816e-01
-4.490446318097178757e-01
8.585811905374139685e-02
1.411889574010609383e-02
5.734424885639086700e-01
6.123875022614123642e-01
-5.934114798949428893e-02
-3.138600654991976352e-02
1.071138044488906260e-01
2.881923264963103248e-01
4.534546619246638266e-01
4.035593665766614713e-01
3.501823136548713467e-01
1.080164918640364180e-01
-2.573455479839524829e-01
-2.210164314991163587e-02
-1.970497373849094125e-01
-7.744491654749353915e-02
-1.447333065707847866e-01
-4.992041761104749203e-02
-3.333214618984368660e-01
-1.971085158961741191e-01
-4.742278460449225741e-01
-3.419386372926066509e-01
-3.684378559911639095e-01
1.532170199621243727e-02
-4.470539607804760451e-01
-4.155974402530148160e-01
-1.551456765985692321e-01
-2.318441644378339550e-01
-3.262515848084530101e-01
-3.449101352419237654e-01
-5.821240732446237853e-01
-5.688369773327062173e-01
-2.718687776385868005e-01
-2.234123511996062850e-01
-2.050719847111599492e-01
-1.063009510671029390e-01
-2.121359565303919305e-03
-1.205223746110305610e-01
-1.582093431699687844e-02
-1.364868810466084437e-01
2.172298845618656285e-02
1.905534294141638108e-01
6.284971734477483307e-02
-2.559093844516747152e-01
1.273027984550370584e-01
2.086529245744234706e-01
9.370374916342308347e-02
-3.108327396360223427e-02
-1.136261919331360976e-01
-1.957226451033732689e-02
-2.630246498660561150e-01
-2.189168291513800546e-01
-3.746426500635082757e-01
1.484590875034429158e-01
2.523770996822642942e-01
-4.438892152374554478e-02
4.818808258468973427e-02
6.915289616399981909e-02
2.945479531113472937e-01
-1.193458384624770524e-01
-2.929001181620108363e-01
-1.537577984025182143e-01
-7.240195296024229399e-02
-3.685530274199388945e-02
1.986242109963748115e-01
-1.438923495295252666e-02
-3.959258040470475803e-02
2.496994955517096298e-02
-2.087659242481188296e-02
-8.906299936786046811e-02
-2.466487093168381051e-01
-5.441073444376930413e-01
-4.695520130949957238e-01
5.933417981324705381e-03
-2.104568993661901366e-01
-2.957848689344550475e-01
-4.796362313909415254e-01
-3.631591884994433972e-01
-4.620711402085243003e-01
-6.799174139299406505e-01
-6.937297486182664175e-01
-5.246425549066210392e-01
-6.017778605484805921e-01
-3.504446671322568041e-01
-2.720025841030080938e-01
-6.358642649612389341e-01
-3.598483796571401716e-01
-6.635065610806888392e-01
-5.640196302047374433e-01
-2.137649604019147553e-01
-1.109323350852813306e-01
-1.404710984500563697e-01
1.667412210700000286e-01
-9.991017977550660512e-02
1.430127165789293053e-01
-1.636708258058705567e-01
-6.336430356052734636e-01
-4.360879028963891013e-01
-6.552928801366522116e-01
-6.268387743264720591e-01
-1.297794277413903130e-01
-3.305914027178043502e-01
-5.570151441655049052e-01
-1.482572488110621700e-01
-3.154289252875999150e-01
-2.165397664251554610e-01
-2.454308543639598106e-01
-5.912092348098431094e-01
-7.458232460339747627e-01
-7.258131135844513304e-01
-4.327271577437772909e-01
-3.875784070588406682e-01
-2.339078245837744874e-01
-2.974205697407883431e-01
-5.564076363865484431e-01
-4.243405431400738559e-01
-4.157402027942911360e-01
-2.755327008079054285e-01
-2.913293384678019571e-01
-4.306478245174242270e-01
-2.041872212912656248e-01
-3.580461223597632414e-01
-3.476268645400200641e-01
-5.740723291301055298e-01
-2.917315829373848257e-01
-3.559504350375223836e-01
-2.507331102721451765e-01
-2.177005667869529315e-01
-4.791830270076623544e-01
-2.585636179898770926e-01
-1.964328815945013962e-01
-3.715203101953230003e-01
-4.849054698260668594e-01
-4.516883004685034453e-01
-3.137168716391898760e-01
1.382810296240340742e-01
-2.100694142108839313e-01
-1.373126010409072006e-01
-3.990822585540340084e-01
-1.591554586125207560e-01
5.323795860000316710e-02
8.696740093268100213e-02
-1.418083026687630144e-01
-4.172049042521543960e-01
-1.752592403218212747e-01
-4.200040944014055144e-01
-5.188714972815267230e-03
-1.294678924191004499e-01
-4.278742053758598507e-01
-5.491763147729575856e-01
-3.743902953368785091e-01
-3.819990798498397178e-01
-3.097381167144659941e-01
-6.397404186050104080e-01
-5.013223097728520816e-01
-5.267893601215090094e-01
-3.888044058164235039e-01
-2.504926813044551781e-01
5.379303050828113802e-02
2.589959418084374909e-01
-4.960910358159667521e-02
-2.020020506528494297e-01
-4.032473808252504677e-01
-2.615862304683165829e-01
-5.457130832405973075e-01
-5.098691200757715647e-01
-6.939504783859481440e-01
-7.067056997092353576e-01
-6.183120265518137204e-01
-7.813495152297752488e-01
-3.835522079846357402e-01
-7.494782003708180262e-01
-4.304968591809060774e-01
-5.570079131395864191e-01
-2.843088132198081652e-01
-2.278780373882790741e-02
-1.836425275499622700e-01
-2.071485594566156163e-01
-1.997904092066394299e-01
-2.385338838724660460e-01
-2.447848487980068266e-01
-1.285233708285362930e-01
-3.066644972876542141e-01
2.713084480789237918e-01
1.311588688435118277e-01
7.878230756715259853e-02
3.368418373051447201e-01
2.837854950863500370e-01
2.241183730113608663e-01
-2.120196456915214578e-01
-9.203403307865176686e-02
4.835614829847473262e-02
3.358295923674414762e-02
1.526796937783141128e-01
-8.230719165441509333e-02
2.102606156511714897e-01
7.470720377064825335e-02
2.958673227603742517e-01
-1.241921373482434282e-01
-9.408740385794577346e-03
-2.714500353947604250e-01
-4.724018092168718597e-01
-3.520197190661322750e-01
-1.365609455981982023e-01
-3.094263189180190485e-02
-5.183879208228632240e-01
-2.397301894556822799e-01
3.259511766125921528e-01
-1.437474051153974156e-02
1.714929895998971998e-01
3.523091096206099060e-01
-8.875758887621279514e-03
1.846495909530438198e-02
-1.668077039991637534e-01
-2.179098797416359132e-02
2.105372444784169295e-01
1.157999377214013331e-01
3.957676806539375813e-01
1.064602648236087634e-01
2.437362980399100099e-01
1.556368197510093199e-01
4.347059132152636396e-01
5.020798653044864501e-01
3.967869865300835408e-01
8.121118672676714834e-01
3.113831872040903614e-01
1.283953135133468204e-01
4.258433629172924118e-01
8.272989879051924345e-02
2.833134180003609170e-01
3.849426746061944682e-01
3.674024268627827383e-01
1.041029946409490620e-01
-6.049978829246211581e-02
2.248249476700528438e-01
2.905255607707931120e-01
5.090307931380335660e-01
2.323013840666393603e-01
2.633213500424514408e-01
1.176098670820297093e-01
3.265724950096787760e-01
3.495942333147787351e-01
3.691645292017768365e-01
-1.160202609059244327e-01
7.123247336990509715e-02
3.456082441889049006e-01
2.209868199323116178e-01
2.030923870751382976e-01
2.974743377024239299e-01
2.614108899201542657e-01
2.951733897952367180e-01
4.252371885152096409e-01
3.793061559504339320e-01
3.567471519890470510e-01
5.378812026773052146e-01
4.052022616877770100e-01
3.649302726295359234e-01
2.878209771866583888e-01
3.593327519470030373e-01
5.910596750856450532e-01
5.505608898759376535e-01
4.096188568184691015e-01
3.512939941247754660e-01
5.064605497565960457e-01
5.942464782682053137e-01
1.113585164675129080e-01
1.748813469069053217e-01
6.388529968676480708e-01
6.877987977196811098e-01
6.219224261437389378e-01
5.525551458185492537e-01
6.002562099006827356e-01
7.224230765399775045e-01
6.223670858169209064e-01
1.541187770039190441e-01
3.953408126098679753e-01
9.052308621737302496e-02
2.435896386236511002e-01
2.794866126329396128e-01
-2.905534495561308272e-01
-3.979557220979797472e-01
-3.679552410085650260e-01
-3.905378855897207457e-01
2.247777362002908313e-02
5.865096503388716326e-02
6.134463886398691668e-02
2.537713973882199658e-01
4.127069703605202311e-01
-3.900460990079707580e-03
7.875393128502486406e-02
4.161509057067591111e-01
1.187910177823977564e-01
2.799787357891324602e-01
1.326753641665342764e-01
5.486332453028929662e-02
6.020387112560924431e-02
-1.986409229635406892e-01
-3.640840205671313536e-03
-2.221161995419042301e-01
-9.360373057606841130e-02
-2.224248984618529823e-01
-6.347315215826332402e-02
-2.598832131272157953e-02
-2.834903471981798928e-01
7.320796513601518507e-02
-8.807462394140206860e-03
2.757562462717623626e-04
-7.893259860102620762e-03
6.113743821845264020e-02
9.685533605287728609e-02
9.167868511189927738e-02
-3.251437591059415377e-02
-6.222812317897531004e-02
-8.912663606513984704e-02
-7.928143633210894825e-02
4.743957708266182544e-02
-3.441547004515762426e-02
1.016391304019357567e-01
-4.043065600405854748e-02
-1.735928832782389353e-01
-1.082003653439086582e-01
-1.103845792290461814e-01
-2.278528463106426483e-01
-9.057301714595865361e-02
-4.770953548786417003e-02
-1.325926744133253121e-01
-3.902240034190406215e-01
-3.725313351656777128e-01
-1.733690065309284323e-01
-1.031005243569350360e-01
1.479213661057723062e-01
-1.163301057061772725e-01
-1.292270264987182005e-01
1.299051886119915455e-01
1.213673428461579940e-01
-3.258721075606010875e-02
2.046388257526894905e-01
-1.311084669648286405e-01
-2.932005237562022859e-02
-8.283207247400353745e-02
-1.055262123883967708e-02
-2.677539032126866059e-01
-6.226608246723275286e-02
-8.635902485272980988e-02
-1.008267151464450756e-01
-1.105303054284453301e-01
-1.773996598721271911e-01
-1.743131396569832514e-01
1.032382318446078417e-01
-3.369303702146784762e-01
-1.137284852076556885e-01
-2.130319599434964128e-01
8.218900359403071010e-02
-2.742548653930238292e-02
2.587503889696879389e-02
9.684645707158871797e-02
-2.257899910336783889e-01
-3.573953515400400405e-01
-6.858798337669186340e-01
-5.629621638281464557e-01
-3.310247879685104255e-01
-4.618695939978358922e-01
-5.113945370423205183e-01
-4.834635842517215343e-01
-3.739366460472184905e-01
-5.190063715651289655e-01
-3.901153188595647969e-01
-7.412610989993788646e-01
