-1.152661557972415630e-02
8.421810287297559067e-03
-1.100792883640806796e-01
6.446616049131863313e-02
8.953538063972489580e-02
3.430674352890404899e-01
1.429154596474234429e-01
2.996900874031837025e-01
1.744530265336656227e-01
1.735888463870774168e-01
4.144557662147878990e-02
1.315822144667941895e-01
1.496502021560577878e-01
2.397360126890444587e-01
2.184334544630170960e-01
2.029506432190070764e-01
2.061836482527055689e-02
4.937204284338271576e-02
4.376382268119621277e-01
4.445093614258818215e-01
3.418363394698108459e-01
2.959569023854526915e-01
3.207813303217924572e-01
3.997086484849023402e-01
4.564297853631623103e-01
4.289935639509285803e-01
4.869966758867709800e-01
1.984801423318692803e-01
1.817973801055420835e-01
2.295900315822112930e-02
1.374800037684308363e-01
2.101460100846352652e-01
6.274826946944025985e-02
3.232562461992947306e-02
4.930422192443711937e-01
3.548426178332735326e-01
-1.555295167450166938e-01
1.491955641417056777e-01
1.066804719424934295e-01
2.753031391669339412e-01
2.421484114873004023e-01
7.609993606342259354e-02
2.302589466530868545e-01
2.684259998025575467e-01
6.025626140522081370e-02
2.584135931205908676e-01
2.444318842829832639e-01
1.549259504452728531e-01
8.457742329735057352e-02
2.522199124587147789e-01
1.246755965884924211e-01
1.603003070014656639e-01
8.706571307957862438e-02
1.373809488040612092e-01
1.383302995436156702e-01
-3.159558954045115636e-02
1.822042488070639010e-01
1.555628706450266907e-01
1.797221530375781584e-01
2.570296174465334649e-01
-3.693477169051145176e-02
-5.715930934958310394e-02
-8.302120352904827916e-02
-1.309200909443009597e-01
-3.157380082693100332e-01
-5.187942461163606023e-01
-5.444269928125861080e-01
-3.498360384269710854e-01
-5.373131686216467973e-01
-6.429022503008176015e-01
-5.756276586988583466e-01
-3.647929667819106436e-01
-5.931054143765919218e-01
-5.928116186512698560e-01
-6.148789482590049094e-01
-4.739920742945660792e-01
-4.302465249125554392e-01
-7.162081406993899835e-01
-5.906411380171225911e-01
-6.370859341498278372e-01
-6.239047205328082102e-01
-3.530250703416254465e-01
-3.550334498400443684e-01
-2.759165291669938291e-01
-3.507287087038040152e-01
-3.913339414377675629e-01
-4.082490874072801645e-01
-3.284662382464429986e-01
-4.079309410291447335e-01
-3.576859159065340910e-01
-3.234101236875623897e-01
-4.152863242898219287e-01
-3.688850339198789241e-01
-1.633809867962921492e-01
-2.064900338619750919e-01
1.634529703972883649e-02
-2.477386745807042545e-01
-3.418623661785717416e-01
-2.883418962665397212e-01
-3.670264303757659885e-01
-3.558466589439795436e-01
-4.084620576561487360e-01
-5.353835643697899549e-01
-4.190749088362777930e-01
-1.683476695104015874e-01
-1.136339830837872905e-01
3.844171201081901523e-02
4.932763557941156896e-02
-7.103071959852583217e-02
-1.124072693717205890e-01
-4.096164939392919063e-02
9.611062778777122728e-02
5.412352259132875709e-02
-1.721409393599082280e-02
-2.665982273912742007e-01
-3.133461028769906065e-01
-3.993697460874596761e-01
-1.982078014188905501e-01
-1.774394433055660192e-01
-2.338728168762886361e-01
8.311269617275930666e-02
3.068510302779634338e-02
7.725518328954326941e-02
9.944592320718342870e-02
1.042784526890977170e-01
6.807937973180708258e-02
9.037827978887333358e-02
-1.672898123033807471e-01
-1.412154027459982530e-01
-1.991390871262869663e-02
1.338040401123583856e-01
-2.410300228947860890e-01
-2.094126735726767052e-01
-3.769721330486003330e-01
-1.491873338791693537e-01
-1.870724138162918326e-01
-4.727095386782473874e-01
-2.918060697383497715e-01
5.965359133786651141e-02
-1.861365061759569506e-01
-3.461696639523614144e-02
-2.404871036718315980e-01
-2.337645732092251405e-01
-2.626347443336918275e-01
-1.201198091462792050e-01
-5.247117216621439290e-02
-9.839342635055165626e-03
9.806946980559407001e-02
5.021096391917177770e-02
5.226175348788842517e-02
6.492796306562984010e-02
-1.062369455042010968e-01
-6.541728152350546888e-02
4.378363183150073973e-02
1.739841266216552440e-01
-5.244925845090321337e-01
-2.037038553177175637e-01
-2.591635820236446452e-01
-5.070091654317161745e-02
-5.399027687855256774e-01
-1.949813842184081880e-01
-1.622303072914657585e-01
-5.642053179035701367e-03
-1.172699548971325861e-01
-3.413425766818876106e-01
-6.661680750249598937e-02
1.934527994435028819e-01
1.890444009360370270e-01
4.294459197159426755e-02
-7.852699011431409082e-02
1.258658991613018918e-01
-2.087858000590663010e-01
-1.679327503955249656e-01
3.612288547646196578e-03
-2.418389207002087649e-02
-8.102593656293845259e-02
-1.365027408467293091e-01
-3.208732675724914013e-04
1.393714848870400980e-01
-9.993696351687267332e-02
-2.924794147324943361e-01
-7.296780687474470686e-03
-1.686317251676530959e-01
-3.175432983238455908e-01
-2.067601200393402727e-01
-2.466098608604065379e-01
-2.213575635596603808e-01
-1.445578913037663948e-01
-1.240075094454646532e-01
-2.370678982739569396e-01
-1.149017880399519215e-01
-3.611017887837121854e-01
-1.988410980453548249e-01
-1.114876063008619911e-01
-2.686382412735111580e-01
-9.033138993306462361e-02
5.321648242216972524e-02
-7.844213894160831368e-02
-2.964318015801107320e-01
-1.122456381185762964e-01
-2.283842263670637640e-01
1.559917484151766148e-02
-5.009785575208169917e-01
-4.818465159798791531e-01
-5.160513585734536335e-01
-3.092052575289819250e-01
-2.521746870113114602e-01
-4.173817368535177041e-01
-3.948618504478930147e-01
-1.847201887535948328e-01
-1.392647467808304229e-01
-3.049580647198927297e-01
-2.703169058330766594e-01
-2.673953495393927571e-01
-1.941179832514215720e-01
-6.741344212995981078e-02
-1.343467377842046950e-01
-2.121690019547707862e-01
3.826264062131094074e-02
1.171082034828997281e-01
-8.172055340554038039e-02
-2.987332141276797803e-01
-1.642617524238038362e-01
-2.110427007629972762e-01
-3.529634664261375732e-01
-3.124329063792803396e-01
-3.339577713049813878e-01
-1.199869449971817936e-01
-3.300209346122908727e-01
-9.616360871471635319e-02
-3.153204362620734003e-01
-5.985919515345210912e-02
-2.629104933957365775e-01
-1.866977488307983712e-01
-3.613152666559913961e-01
-1.934763310283418858e-01
-3.516099176246885172e-01
-1.139380914679142404e-01
-4.593562608391792979e-01
-2.718711092891465952e-01
-3.729522689730000451e-01
-2.418402445007905299e-01
-2.283640320191663020e-01
7.849723547458805142e-03
2.535885408159609944e-01
3.954084535287133995e-01
3.919958856859822038e-01
-8.850796521728195032e-02
1.127638284086429077e-01
4.765288569909108263e-02
-2.775125153463210981e-01
-2.951359559850733061e-01
-6.258790689461664336e-02
-5.768373761771040664e-01
-3.572741786976710299e-01
-3.891202505446816895e-01
-2.777817558915274265e-01
-1.429368660426154070e-01
-3.379916237297395099e-01
-1.067199656733242852e-01
-2.912207471175313755e-01
-3.275703446698813304e-01
-5.917301055491661771e-02
-3.258277618317372837e-01
-3.603305251796909414e-01
-9.968470931113652955e-02
4.692873111319505186e-02
-1.017850772141394300e-01
2.116826160422431991e-01
3.139442630861969535e-02
1.236545927299819402e-02
8.199768409239879818e-02
-1.698596763253319986e-01
8.711877052459644300e-04
-8.665849089589668097e-02
-3.134537137294873266e-01
4.918706526046614375e-02
-2.115195320220449593e-01
-2.754274290080937007e-02
-1.803680273404948894e-02
-1.137666632370418346e-01
-2.872986911212170938e-02
1.990326889204371008e-01
1.149665813336904208e-01
7.925287834939513665e-02
1.815438702200567744e-01
-4.819073333431894701e-02
9.836743598034684843e-02
1.401984414200699303e-01
1.570261620713307368e-02
2.294748961141269278e-02
8.269453940120044533e-02
2.061677157990703668e-01
1.356447966642807534e-01
3.523922361790929880e-01
3.786015549542029457e-01
3.637950455798967253e-01
8.814979868707679966e-02
1.732682354370985722e-01
2.817956410231010622e-01
1.657297720746808423e-01
8.867373967065579621e-02
1.660346551573602392e-01
8.634108965999755247e-02
2.748401885731793226e-01
3.104879608099442301e-01
2.579039985761763520e-01
1.608036231515606596e-01
4.432769042891078204e-01
2.583152111238433135e-01
6.564598977791986922e-02
-4.673900535927440897e-02
1.570232155035782007e-01
1.072177951388829653e-01
1.878609583301309172e-01
1.357598250577191079e-01
1.382565492825812703e-01
1.169643632290609525e-01
2.750495386438812639e-01
1.161324300949568983e-01
3.752015146033139126e-01
3.247253073521259581e-01
1.760779044018874195e-01
6.506071552824552739e-01
4.038825596767476878e-01
3.004930798497755240e-01
1.047711939993828251e-01
-1.641925461916310669e-01
-9.833947521426325555e-02
-1.687291905830068939e-01
-3.154118119325196590e-01
6.800568169992736445e-02
-3.703002931034613532e-01
-6.033721609200974612e-02
3.323314145912260181e-02
-1.883011908884098251e-02
-5.513125770427613342e-02
-9.042563977319884039e-02
1.188501252759571331e-01
6.641950905305010755e-02
2.014268608811045913e-01
-4.394657891427260904e-02
1.131812327330999207e-01
4.235602600130030509e-02
-1.259709648074224843e-02
1.195307078204023293e-01
2.089840406937290562e-01
3.028384631786961712e-01
2.348001677973926560e-01
2.906273697280011281e-01
2.629267159104895502e-01
1.939519628316610511e-01
1.831348821681054728e-01
2.155317240045968585e-01
2.045220474213609030e-01
4.831899506755031604e-02
1.159765402177616589e-01
9.503023793073606118e-02
-1.946159218454125428e-01
-3.192705602344417075e-04
3.973398271163833262e-01
3.441879401670391858e-01
4.482972309210156991e-01
2.038121379393215138e-01
3.409120372237101071e-01
3.020164964775113869e-01
3.680321856226135835e-01
4.490044848732638316e-01
2.626403652811342693e-01
4.150309299191043411e-01
3.734824145461281830e-01
1.972994089197748491e-01
4.259226600956034225e-01
1.068071582885616183e-01
3.300220006952450102e-01
3.339507970986709817e-01
1.424640844401062201e-01
-4.950986714008145245e-02
4.638415483583260279e-01
3.914076508864620663e-01
3.482347358554867545e-01
1.829968876128928723e-01
3.308673660182206433e-01
2.646140923319015847e-01
1.685273390417358907e-01
3.233692116226951074e-01
5.694118444725493333e-01
4.016655536573434104e-01
2.275458488679362457e-01
9.664217659701322682e-02
5.906669645738821250e-02
1.377746657797849494e-01
-4.828575816648555952e-02
-2.786477385287891573e-01
-1.886387270325860233e-01
-1.321417742033906828e-01
-2.277028727999820812e-01
6.459062588573911967e-02
-9.046362313966148372e-02
3.434402249669700480e-02
-2.575828282115950052e-01
-1.657000451062822788e-01
-1.312687416719852951e-02
-6.042818364969181760e-03
-1.758410915373898875e-01
-1.127063949237969431e-01
-3.919692773503604122e-01
-2.897735423938066490e-01
-1.351472288710217073e-01
8.201825367912635167e-02
1.332367181935545375e-01
1.155981627400826280e-02
6.151107253345554880e-03
-5.750155189306957459e-02
-2.342296335698782275e-02
-3.615066160825753938e-01
-5.375844445683557460e-01
-3.601074984092544895e-01
-2.770375976914968286e-01
-4.195572334812014414e-01
-1.568072644928153736e-01
-2.990168267577598127e-01
-4.201599415182910024e-01
-3.365837213011694251e-01
-4.237333785479578396e-01
-5.773132162481728891e-01
-4.446129735274285122e-01
-5.704683272130339766e-01
-3.790568511159129739e-01
-4.909877325730053199e-01
-6.009542476844680348e-01
-7.118657782009423229e-01
-2.429364144924824886e-01
-5.102239785291173835e-01
-2.810758494943447205e-01
-3.102901156508050540e-01
-2.218487149810595416e-01
-4.713011400694655517e-01
-5.920914084980570813e-01
-4.909927343543479816e-01
-4.892246415835429518e-01
-6.911453476347344527e-01
-4.253592927569379012e-01
-6.966630238589363033e-01
-4.928503937288032377e-01
-4.153454012743658108e-01
-3.713976406625505988e-01
-2.664376178704693787e-01
-3.836982289611361452e-01
-4.237856500519394665e-01
-3.920807371173962719e-01
-2.519361949905634668e-01
-3.943922817356904642e-01
-4.689523362815632979e-01
-4.727804690471140714e-01
-6.334616291262320509e-01
-8.114134871052467446e-01
-6.340842051094914833e-01
-1.000000000000000000e+00
-4.563069768542347138e-01
-5.817160628157200808e-01
-4.725313841272117954e-01
-5.986502256344796713e-01
-5.307905245558091067e-01
-6.222934924977497895e-01
-4.942473258168021411e-01
-4.166665164726396364e-01
-5.717910654803955994e-01
-8.311461065131328096e-01
-6.567444431237365876e-01
-7.372714430565224797e-01
-5.607152372954272712e-01
-6.269236436208425189e-01
-5.169574559997859309e-01
-4.286846706641248006e-01
-4.605543034911571132e-01
-1.672948831496906263e-01
-3.292232987920744036e-01
-3.981888424844797769e-01
-4.493395327153874574e-01
-3.288702194707610604e-01
-1.038386203995264739e-01
-9.718276354558483265e-02
-2.933315469153079946e-01
-4.323834687532966403e-01
-4.293133853110462916e-01
-5.628087961033233499e-01
-1.867160786537996608e-01
-4.656978614268978411e-01
-2.918382729937243347e-01
5.566560196628391605e-02
-1.161890796429912442e-01
9.654443621232572381e-02
1.353709892793522052e-01
-2.285891495011194499e-02
2.911562052090551078e-01
1.798010494351519606e-01
2.114175838631158350e-02
6.389998032922430959e-02
2.917566029108745185e-01
5.153372702241704184e-01
5.650159724693646357e-01
5.249090544416896709e-01
5.538365599004756445e-01
3.459283494861885577e-01
1.704323468962819499e-01
5.986044598386508486e-01
6.066513248974239048e-01
4.245619722222332970e-01
2.479387464483248649e-01
4.346890280185918831e-01
3.035342191119381194e-01
7.487034409070467134e-02
1.285612162663216651e-01
5.171959000694810182e-01
4.066715768219625882e-01
4.160754787299705826e-01
1.826890968647957580e-01
3.640452350186570429e-01
6.123764561806092077e-01
8.293810149355810291e-01
6.360083161688817599e-01
8.022972103318855019e-01
7.687550147546646784e-01
7.868497680217479973e-01
3.618087272504021401e-01
3.348899879798770685e-01
4.116255980229175937e-01
3.749144762397136343e-01
4.465492676801802729e-01
5.747913570303994080e-01
6.094486652157929951e-01
3.533271152342042920e-01
4.586262143170112271e-01
3.619019930146577524e-01
7.054218786264155883e-01
4.830591770570620280e-01
3.879398352058233690e-01
5.124603223854297118e-01
3.343155184174838590e-01
4.468363859164737883e-01
3.871086886152450002e-01
5.933618497587815899e-01
4.352280617145182218e-01
3.188583757995899215e-01
5.096969834450219006e-01
1.894370674486968720e-01
5.131097775911418468e-01
4.094689569058008738e-01
2.886113873979589961e-01
1.160493049900880730e-01
4.478024067390787843e-01
4.380173643514856385e-01
4.532129585990509191e-01
5.610038259886221956e-01
6.898129437938660402e-01
4.295863432449891772e-01
5.093839286776778996e-01
3.532520851077274315e-01
4.287966988440317095e-01
5.219563711240169379e-01
4.626358100455483235e-01
4.206478651067265817e-01
5.439546864859795550e-01
5.034548096789265292e-01
3.224267135146257068e-01
4.616138873685694533e-01
2.148305281401125533e-01
2.570039798980667811e-01
1.124311230732642636e-01
2.091519252380950600e-01
3.587921830705567694e-01
2.415190287431470406e-01
3.661044031378041241e-01
4.238480653584650870e-01
2.883571919590880994e-01
1.793952030306636414e-01
4.658515124425344212e-01
2.371594523513141373e-01
6.724045016402319108e-01
3.288426831439059672e-01
8.141300952759446263e-02
3.943076540864322022e-01
2.421507396172280502e-01
2.043664776746523526e-01
9.046540130207654518e-02
2.335036678446989616e-02
5.353966204976477045e-02
5.733818018339058575e-01
5.195077660030336109e-01
2.421956320113454186e-01
4.266367716705639634e-01
4.185298162549137002e-01
5.719786640319052262e-01
4.148248987728916926e-01
3.669211739885741008e-01
3.968877483745872348e-01
6.896860873631509570e-01
4.053426901716198905e-01
1.288754308522404302e-01
3.553035095571928093e-01
4.614206140502801201e-01
6.165218186134782119e-01
5.176039661726997698e-01
6.521753543955007837e-01
5.298348680479385564e-01
6.450309505765579043e-01
2.607828813601761331e-01
1.053313298962209460e-01
3.750521243528875948e-01
9.216129337038349301e-02
-8.174611883091131848e-02
4.052884286758189070e-02
2.229459718064115761e-02
1.168502345697360360e-03
1.969505603895202461e-01
1.212324219142267984e-01
-6.669878639371079609e-02
1.570737139187479703e-01
3.791702029041634642e-02
7.444220113046155773e-02
3.485186020801300799e-02
2.298065165327281001e-01
2.745980496151132488e-01
2.268524130636946912e-01
5.797631120427359369e-02
4.546362546184303799e-01
4.706498352176330391e-01
4.143964662846525981e-01
4.136537059380268611e-01
4.263399969476931450e-01
2.500240099297693641e-01
2.284455473247334611e-01
4.132951931901720499e-01
2.215319510532621494e-01
1.186883548975198044e-01
3.785212632133438393e-01
4.377821351123324933e-01
2.974175561888827701e-01
3.531308853210028964e-01
1.930111562354112631e-01
4.082232821333652284e-01
1.844327492243278965e-01
3.530178945874425378e-01
-2.427788920721557758e-03
5.230511729333181536e-02
3.049396508870542699e-01
-6.309948721266643579e-02
-9.946301145679738165e-02
2.688562132183639711e-03
-2.267990731019849659e-01
-1.132043469888909665e-01
-4.007752308358141814e-03
-8.691676529646212915e-03
-4.566799610756139827e-01
-2.789539003777647408e-01
-3.709156609429023477e-01
-2.572185607080186287e-01
-4.374910459192290491e-01
7.466488169488200155e-02
-2.143333811156133625e-02
2.266522446549322500e-01
-6.126142954343911928e-02
-3.153857906147795598e-01
-1.356683499265199100e-01
-1.675664397409686590e-01
1.520320277333330472e-01
9.049867426670482606e-02
-9.936375639606001564e-02
1.194974348665658326e-01
-6.545725006607454322e-02
-2.317294942376980083e-01
-3.212767380179564758e-01
-2.608062347043483831e-01
-2.662021858371899641e-01
-1.394633505392542661e-01
-3.527635934069485169e-01
-3.095992431092779995e-01
-3.372979025661687613e-01
-8.983388607283955551e-02
-1.083265740093646012e-01
-3.453956566712487186e-01
-2.541580829537577468e-01
-1.918340128146021895e-01
-2.404453364460818754e-01
8.285093944767824015e-02
-3.551650066761560254e-01
1.325320950997689595e-02
-2.919490078108619713e-01
7.904569548421723144e-03
-5.852428562949220370e-02
-1.049984944419610766e-01
-1.548623358541236505e-01
-1.494737242878303382e-02
-1.684337063001844492e-01
1.963249374680323470e-02
-1.363383809834767812e-01
-5.671959704108217593e-02
-1.379245860677422442e-01
-2.058231122363719245e-01
-3.198790384581472468e-01
-1.360490388239416204e-01
2.422251194392042450e-01
-6.680257410039733279e-02
8.661581262318064633e-02
-1.946454885170891547e-01
-9.438715969280647711e-02
-1.505499669428389531e-02
-1.984886950337969025e-01
-1.828868495272662487e-01
-1.637666926126362943e-01
-2.854667090490822234e-01
-3.446837874199282781e-01
-4.215611910280955832e-01
-6.682417564614187566e-02
-4.464123701967946944e-01
-2.906098623980283291e-01
-2.917597427175571134e-01
-4.123305087391782586e-01
-1.190937681930637898e-01
1.391775407072630942e-02
1.722468329173863777e-01
1.877092169868760096e-01
2.250508468081436064e-01
2.313895547968866928e-01
2.751162137771333005e-01
-4.753800792263575964e-02
-2.746570249381408146e-01
1.187340533989147823e-01
1.407510863295688419e-01
2.150480070686225653e-01
1.173510792391199153e-01
2.245129305819085121e-03
3.166174457826160249e-01
5.632602460912908976e-02
1.361075081279550514e-01
2.654746774751445479e-02
1.245456149702402898e-01
-1.846196034296663513e-01
3.310690984601277753e-02
-7.648408907245252131e-02
-7.547846234756275252e-02
9.319706545977538004e-02
2.325959074359200060e-02
-7.842208487506452386e-02
8.572569263107730200e-04
-2.127049798021971722e-02
1.455924150817144991e-01
-8.160723136253041771e-03
-6.499709270244542238e-03
1.637654618972297083e-01
3.351535503690782902e-01
4.164233005120298037e-01
4.389608474993554887e-01
3.431673006046528362e-01
1.761237401159868321e-01
3.860442396146116506e-01
3.705348952062503254e-01
1.193180460660822201e-01
2.755957711572882829e-01
2.800539542279005256e-01
-2.221889350680139597e-02
-1.074239081682317187e-01
8.754498051369238865e-02
1.307188097863905551e-01
2.059157625273529413e-01
2.821447570968572682e-01
3.363683035084047424e-02
3.259992967768611527e-02
9.668769092801840492e-02
2.110480478961664907e-01
1.535107725578810645e-01
2.992940994952997258e-01
-2.026462084549729981e-01
-1.384269995797272543e-02
3.749865833945881244e-02
-1.088176505781702011e-02
1.556360117625777556e-02
2.157448793439160906e-02
1.104961368581617587e-01
-2.092409848150339202e-01
-9.486827096088920608e-02
-3.223781669485464296e-01
-2.645679797757375384e-01
-2.455799791196777992e-01
-1.498559742113188265e-01
-1.385944109609298369e-01
-2.663686400120419129e-01
-2.278513852291770281e-01
-3.719962505480569059e-01
-9.788186161502770988e-02
-1.173581762594205768e-01
-1.399000340946847665e-01
-2.510624824814557121e-02
-2.592590834408380895e-01
-2.492613392403427719e-01
-2.218522754780855311e-01
1.114454840684756254e-01
-1.552452275574444651e-01
1.079882217016922413e-01
1.526826305251128002e-01
-3.449364367302533430e-02
-1.109535239196953044e-01
-1.462131009619983268e-01
-2.654918905286250408e-01
-2.223233925184875948e-01
-2.189480661706932896e-01
-1.512542654633211858e-01
-2.130587007960251800e-01
-1.602821915594057900e-01
-1.063794113192119278e-01
-3.574247205633341862e-01
-5.236731923567956165e-02
-1.435374556794148937e-01
-8.146852101351017422e-03
1.532638584920006652e-01
3.102666488469428829e-01
7.927796854273953808e-02
1.110640092740911300e-01
-1.797809201065917739e-01
9.302825596028347147e-03
-1.874344542540953285e-01
-2.021300293445397467e-01
-1.278645684635874025e-01
1.124841235102774645e-01
-1.976859284613374790e-01
-2.396785281918515920e-01
-2.578180632567569908e-01
-1.861542889030381731e-01
-4.103330938034799868e-01
-3.710227552192569278e-01
1.024490539445874759e-01
9.457622640103727218e-02
2.751987297079128703e-01
4.533454209413677605e-01
3.299946322144214905e-01
5.159396974893086796e-01
5.819244347118035510e-01
5.526504666210806382e-01
7.127784515196151638e-01
7.435172113577033226e-01
2.893642094854183555e-01
4.136544772058570740e-01
5.587737687877937232e-01
5.831972489987891084e-01
4.067553195908112929e-01
3.918471423578505086e-01
4.682782306731275157e-01
3.651632662581053568e-01
3.578077791317947898e-01
3.732111540549179485e-01
2.723677200302708212e-01
3.306792019879493671e-01
5.217520501217145501e-01
3.584875025019550465e-01
1.477428563192220157e-01
1.040669326878910506e-01
7.209363100962190574e-02
-5.216826444029303012e-02
9.127856170186116058e-02
1.984204665736624684e-01
7.830517733616347564e-02
-1.382140447806933792e-01
9.786106789351706539e-03
-2.090511192561395337e-01
-1.588584207622563416e-01
-1.198684220553523222e-01
-1.423447783899377261e-01
-1.192123789726780847e-01
-1.072621866003482527e-01
-2.354045739840012960e-02
-1.103583169142201420e-01
1.384454575466071979e-01
1.072837351759424462e-02
2.730943464455718936e-02
-7.592463669929061694e-03
-3.514794366599974795e-01
1.467510118879712666e-01
-1.866870209601251621e-02
5.664852023149141713e-02
-1.328499293968637696e-01
1.783417317863847731e-02
-2.446846873739915162e-01
-7.377302981681496674e-02
8.837496937630133498e-02
-1.517744284514349895e-01
2.934865473291433172e-02
-1.302283716628301891e-01
-2.048584329178448349e-01
6.129077958202136522e-02
-3.524593228647008858e-01
-2.530973593889694340e-01
-1.413944619506152522e-01
-4.661293836895896714e-02
-1.333064038788820405e-01
1.384824973352793420e-01
-5.822004159342347024e-02
-7.219293482610604495e-02
2.308391668462759019e-02
-3.231577038342648978e-01
-1.886744674783350784e-01
-3.594297926981744884e-01
-4.352066345277679632e-03
-2.277657863895796164e-01
-2.368718493665459279e-01
-1.370124401337333153e-01
-1.909429514291118291e-01
-1.044907378428214378e-01
-2.413596835816737285e-01
-4.080227791390323433e-01
-4.695112577845990121e-01
-1.806912874125838897e-01
-5.415847417781794598e-02
-7.068085822816028152e-02
-4.421323792830137434e-01
-5.102824424371762424e-01
-5.531189167540078166e-01
-5.464196162673041757e-01
-3.986484398726017897e-01
-6.190017469698319008e-01
-5.037860233172953839e-01
3.712691407462442861e-02
-2.705646781006186274e-01
-4.410836649693167244e-01
-3.872021745653740910e-01
-5.415576211255412886e-01
-4.161796676955191177e-01
-9.276426778215539348e-02
-1.595026962167813145e-01
7.682036567360339685e-02
-2.228145606878446927e-01
-1.109612001290623540e-01
-7.728625880098415057e-02
-2.221738904115795610e-01
1.986864272082129457e-01
-8.185648035892909014e-02
1.036239973800084507e-01
-2.020125705526845672e-01
9.883689559009839476e-02
3.424117502177431716e-01
6.118057354259337499e-01
7.489701000504119799e-01
5.325961103353508141e-01
5.971450359270308317e-01
5.946076818788312845e-01
5.952232795666887455e-01
6.244584721332828714e-01
4.608448351241581364e-01
4.622913193418017874e-01
3.617746680125606407e-01
3.491045097362781013e-01
3.869123388667288777e-01
2.095173493377021634e-01
5.961015221263342712e-01
3.571952952439602091e-01
3.971415348563611114e-01
3.089015854590818067e-01
3.422981335738337072e-01
-1.554593473096446687e-01
1.479282997709276959e-01
1.715802099931079128e-01
1.293332076285458043e-01
2.089700558347508119e-01
7.509746788560536790e-02
4.317496921149343442e-02
4.556035842822592913e-02
-2.139142020695495583e-01
1.419069472122433395e-01
3.232609029396545930e-01
5.057994263596409246e-01
2.478066067684141782e-01
4.162858351892468334e-01
1.468859342772566856e-01
2.064712530887306136e-02
1.790522550762632115e-01
3.248926937262109575e-03
1.355760485004160187e-01
5.502436511671233987e-02
-4.378647261774441801e-02
-4.390408217582738443e-02
8.442394506544553812e-02
-5.158209798987063721e-02
-2.179658835817502860e-01
-4.243552703275897953e-01
-2.058564193984002699e-01
-1.454556705444248754e-01
1.537892675660509079e-01
-3.809290779113017611e-01
-4.995438202903487723e-01
-3.383756888067740998e-01
-3.714457632475681725e-01
-3.343478631651940480e-01
-4.410691069792626040e-01
-1.357334205519845904e-01
-1.695036466853203638e-01
-9.183926453658824290e-03
-3.456477612656701504e-01
-2.662146273493616877e-01
-4.066187651363683542e-01
-4.203727143804434352e-01
