4.617117564783439487e-01
5.075028547086930519e-01
5.045417600450282647e-01
4.741329074119528530e-01
5.098266039420260576e-01
5.966431362001151095e-01
4.675941262240994600e-01
3.907700807179603775e-01
6.364505384389264053e-01
4.127536596606389274e-01
6.592433539442502655e-01
3.153930632589584393e-01
3.749610873078907392e-01
3.345081452845511949e-01
3.862358045819079821e-01
3.690665131768452456e-01
4.234269318175215568e-01
6.645594546103796851e-01
5.628251465016391730e-01
7.308924702776596893e-01
6.201156871595756570e-01
5.536813635302053616e-01
7.831207323951878685e-01
8.131834985500192570e-01
6.802133452230179067e-01
5.093465867103029732e-01
5.319575997261293265e-01
4.226690614271553792e-01
2.900529661984349583e-01
7.467339857579610718e-02
1.968000090172492278e-01
4.498059534997141395e-01
2.690984910735063629e-01
2.419692778970438385e-01
1.697593836235665177e-01
3.838341751444634964e-01
6.762410933040111094e-02
2.558784423247787432e-01
-2.660292897342785845e-01
-2.726069114631106127e-01
-2.373566447708531923e-01
1.144017561871123190e-01
-8.870832083213851804e-02
1.866937737678749376e-01
7.551127152017797495e-02
1.394336838233800890e-01
-1.159189622591875746e-01
1.120616652349251258e-01
6.083794556923293270e-05
-8.621148459533105324e-02
-4.028349917222454057e-02
-7.192669551751783297e-02
-2.110758888109268150e-02
-5.975574813724651713e-02
6.778727797785658038e-02
5.211446050936550251e-02
-3.220628157485811438e-01
-4.955974818945717286e-02
6.370031221447363876e-03
-3.041806993578348162e-01
-7.736653369084148246e-02
-3.194105332453495705e-01
4.809129695813157274e-02
-9.768698969490761941e-02
-2.096239647898251457e-01
1.471855246126091976e-01
1.733505989192463820e-02
-2.848406325408897599e-02
-1.367499822963588463e-01
-2.867078955173272270e-01
2.912961236257153863e-01
1.013921837606190923e-01
1.809719844172001935e-01
1.620621763950934324e-02
-5.197616926209414762e-02
2.077172546736702763e-01
3.976179902165217217e-01
2.549490170594135297e-01
2.876474199924949349e-01
3.898890635579690400e-01
3.029368619140709318e-01
6.181352847143450208e-02
3.456536936914673674e-01
1.607026392964971961e-01
4.371063781274679705e-02
-1.165283500373056752e-01
1.275183294337511875e-01
3.469788716847297394e-01
2.115716390786476497e-01
2.140361328320555256e-01
2.404829734390727114e-01
1.048469044619921853e-01
2.881268275579040861e-01
4.092925857199476714e-02
1.188681739772002588e-01
1.831231965702333486e-01
2.394337724447321847e-01
3.660778654646409946e-01
5.213990357939701781e-01
5.789224743475160917e-01
4.574016780100482737e-01
-3.453165999171609046e-02
7.425325267694907194e-02
8.988622346050134659e-02
4.470537631593261008e-01
1.754424424332942378e-01
3.405682895724330694e-01
6.055736928672822428e-01
1.722735202859764780e-01
-4.422336922068477449e-02
6.982216957505876787e-02
2.137212590797206435e-02
-1.089169549269416309e-01
-1.505504024895839288e-01
-2.349390785415607086e-01
2.138289655307061554e-01
2.115247164226660981e-01
6.487089519095985690e-02
1.392879909555226892e-01
-1.116129348042057406e-01
-1.116996036487473420e-01
2.714229883048572822e-01
3.945235206809844519e-01
5.178520721111828928e-01
4.278027551591733202e-01
1.903691194268772868e-01
3.620606242834139010e-01
5.145872811491317700e-01
5.717038199748726290e-01
4.670575749061712245e-01
6.070193044017115902e-01
4.218988515591417521e-01
2.684701418987045507e-01
3.202014833183716158e-01
5.177822398407158078e-01
4.047287331476079331e-01
2.540804800366490701e-01
3.027034332099757252e-01
5.031923101963557965e-01
1.419697412198107633e-01
2.485473162924218826e-01
4.212038346422350421e-02
7.328274749505145520e-03
1.078393262941160745e-02
2.198587264000236366e-02
1.133627888969636066e-01
3.439718295695330663e-02
-3.266038201144785130e-02
3.826533699950272482e-01
4.000438465644937103e-01
-1.542925913488666645e-01
1.727288397024164535e-01
-1.237940610305677258e-01
6.538132732077719944e-02
2.889775711231474253e-01
2.937823617828330125e-01
1.449898739247170998e-01
4.211129471433059934e-01
1.600879588188764413e-01
1.606490288432801949e-01
-8.340536411308604320e-03
1.420093734355319937e-01
2.048185179632665831e-01
6.551473320741131590e-02
2.451804704513077526e-01
1.406523747909931843e-01
-1.069377901101575649e-02
3.112193661148037610e-02
2.437205257304699280e-01
-9.061812026326812597e-02
1.442932108816762926e-01
9.640481943236924034e-02
1.166737666865961809e-01
4.418203524860071091e-03
-1.835263744408734132e-01
3.511416580694447231e-02
1.267053402662996209e-01
2.810158823536879069e-01
2.469142350093543881e-01
1.406596926885033683e-01
2.786189966266735540e-01
3.177757913881181784e-01
4.542882064789161012e-01
3.979693558389517105e-01
3.608662830649936315e-01
1.494576839020701486e-01
4.578868263748527845e-01
2.001549598121592222e-01
3.097112995531777213e-01
4.559346282847724363e-01
2.468839122532988095e-01
1.171957355510105658e-01
2.991647086375445186e-01
2.334321044250776273e-02
-1.040676522551350763e-01
-4.848268704237974208e-02
5.522817527062965498e-02
3.713512426623415963e-01
1.561688878164877725e-01
-8.288304151034521505e-02
1.350597800165325990e-01
3.226204400845423259e-01
4.256067179717051285e-01
-6.447649502447160008e-02
4.131104282755931889e-02
-5.422515937842632694e-03
1.160970216988759796e-01
8.044623534712561086e-02
6.116634628668191076e-02
6.395139189816474723e-02
8.398985510873936688e-02
1.128240564328437667e-01
2.285533826705216931e-01
-4.237106227008035492e-02
1.481180823175736738e-01
1.265193909228769786e-01
3.122783713633749958e-01
-6.858709164945522851e-02
3.227245980067952602e-01
2.373967215686287047e-01
4.136718449767550765e-01
-3.538410621829195853e-03
1.544627130804308579e-01
-2.078113450290161590e-01
3.236907607187256702e-02
3.781058885646623180e-01
1.750802097689683756e-01
3.726044990191077488e-01
3.333492334257862066e-01
9.590086813291012063e-03
1.084108593625338762e-01
3.312742340881554837e-01
3.064960514590996943e-01
4.061903964155468005e-02
-2.828364860476989193e-02
1.231137869853003719e-01
8.880417373727919964e-03
-4.507512914205868276e-02
4.550862646894238139e-01
4.402854419412919884e-01
9.959970678499487778e-03
-8.501280107403554054e-02
3.629069826904927076e-01
1.293170552258243455e-01
4.939057556050228115e-01
3.564380548858613884e-01
8.162715426131156304e-02
1.004850229376307441e-01
2.347861163007430585e-01
3.061765384158791070e-01
3.856887657018026605e-01
7.008004139202720362e-01
7.096397207855601463e-01
6.340337567662109874e-01
7.140868702846577820e-01
2.087086558389670277e-01
6.458298228312406852e-01
2.232004461598545153e-01
2.654346163515153290e-01
1.958550042405433067e-01
3.136945850432762417e-01
6.585903995966932434e-02
2.856678628579931156e-01
4.211677674609428518e-02
5.973117402977229720e-03
1.094043248511042538e-01
1.544242988019736869e-02
-2.402208101863220757e-01
-7.659912828358134140e-02
-1.283697404539667526e-02
-1.341520859994989323e-01
-8.556286510437273451e-02
-5.034954575063924631e-01
-2.453307137390522141e-01
-7.487297329517612898e-02
-5.225949216961729531e-03
-1.633750217390561033e-01
-8.883485712656463695e-02
-3.459302790982686782e-01
-9.782621767638595423e-02
-3.953457621716809367e-01
-2.699959439162007424e-01
-1.961962562980188174e-01
2.355070159983566058e-02
-2.577979057091843162e-01
-5.490834596151489971e-02
-3.364543392924910364e-02
-1.122667705972628521e-01
-1.205990340356574431e-01
-2.393079342080212668e-01
4.845619660527513556e-02
-4.576558105606313986e-02
4.152467888848451749e-02
-3.799108316694841531e-02
7.641970659129934673e-02
4.237241255784587879e-01
1.155174322559884698e-01
-1.920564933673177543e-01
-4.896868606440071131e-02
1.914876985889259475e-01
1.083205671733367820e-01
1.719072582677270145e-01
-6.687555104243729509e-02
8.513121430246349194e-03
-1.955956697641944228e-02
-9.062425418944362876e-02
-2.467630645818261748e-01
-2.328084771840760736e-01
-3.687439770157524555e-02
2.175745765620317601e-02
1.090496786759365261e-01
-1.104107506863975241e-01
3.916373014640524286e-02
-1.484062712883956747e-01
-2.215888684832228728e-01
-7.175796511227623686e-02
-1.993775057502036596e-01
-3.379625801665653295e-01
-2.113232905759450109e-01
3.071673805168520510e-02
1.417937496333001868e-01
-3.295556971645101363e-02
-1.534574569798022314e-01
-6.130192438628952883e-02
-4.613199363926941410e-01
-1.741231136884490993e-01
2.341575020944628230e-02
-4.221614658166967377e-02
-1.054233180236362755e-01
-3.719185595148388201e-01
-1.666692075866197942e-01
6.224387678914375388e-02
1.599744282321374222e-01
2.199378101851434675e-02
-1.063976775161959015e-01
-1.670391805948174824e-01
4.816279790972546881e-02
-3.630294884325288574e-02
-2.222996910733544655e-03
8.588383996843568235e-02
-2.970617871532148929e-02
-1.530999168186645831e-01
-2.033736727191867710e-01
6.647935136596355710e-02
2.221712201017565433e-02
2.137273727501388110e-01
1.152266265622576558e-01
1.508743691389384245e-01
7.836990572710829384e-02
1.424821982995378156e-01
1.026472824316752713e-01
4.124384770866628136e-01
2.240493821105813133e-01
5.024394197129882222e-01
3.097188971934371482e-01
3.311591015119755288e-01
2.675157942414339018e-01
-1.059225045191608365e-02
3.730251193719466007e-01
2.865179667665710972e-01
4.189706164952585188e-01
2.669552837773114251e-01
8.655445481532696161e-02
1.197880054407615413e-01
3.489726921559415662e-01
3.622902802620760476e-01
2.911852404575539510e-01
4.131868566871291781e-01
3.780649688955720067e-01
3.722567931688454679e-01
1.907037844913876401e-01
2.820093113392397807e-02
4.477079568345921495e-02
-4.077384940302821725e-01
-6.096491651673529022e-01
-3.687232540606626419e-01
-2.820474557485340705e-01
-2.967280319867875438e-01
-2.596547061382601385e-01
-4.324842320906422954e-01
-1.165472517858995999e-01
-2.440389350843035765e-01
-2.235044844793984964e-01
-2.632972853333893047e-03
-1.288567900395780341e-01
-1.505170017472769739e-01
-7.458734969989146146e-02
-2.570971772866610383e-01
-2.208963263058533188e-01
-3.921433554833607671e-01
-4.223405166262600985e-01
-3.601050965483813537e-01
-2.072894568370791946e-01
-5.087042838952679502e-02
1.202215596002127879e-01
-1.134639110841318826e-01
-1.154176592033913651e-01
-2.649667938750557283e-01
-2.231226261689684132e-01
-2.823030704405108948e-01
-4.692420559827260168e-02
-5.566704233224033238e-02
-5.482379417961374263e-02
-8.310976883559961781e-02
-7.579109672111475349e-02
-1.871971941420308427e-02
-2.485283669100800674e-01
-6.363275012520143437e-02
-1.555882775522975971e-02
6.383309286797486659e-02
3.547962730305989631e-02
1.640446415819703241e-01
3.419214940348250242e-02
2.780617379285211799e-01
-2.135824467934999138e-02
1.881191827771335479e-01
2.173542547138018755e-01
-5.821251543484888546e-02
-1.918929817841227023e-03
-5.758103226768550992e-02
-9.687867379181420990e-02
-4.580669520625840069e-02
-2.920485666488874190e-04
-1.880562501906162254e-01
-5.233916011623816061e-02
1.185270847831221969e-01
-5.104216270679744205e-02
-4.343585245263281019e-02
1.447792994761708946e-02
-2.997580237203373299e-01
-2.656009072369134305e-01
1.237889894905984944e-01
-1.923054880937855732e-02
-1.916061760139955994e-01
-3.329836497619338004e-02
-4.419322087480417882e-02
-1.330171485640113949e-01
1.235239922259391970e-01
-9.061991563238175340e-02
-3.422643274443291223e-02
-1.785909459347384542e-01
-2.550599152460582275e-02
-3.196889187567504842e-01
-2.566720615297536368e-01
4.184178315248637814e-02
-2.676061964203845789e-01
-5.083665867619160256e-02
-9.560999594447600058e-02
4.665248280290233973e-01
4.268915212398539105e-01
3.028558723762143079e-01
5.831596917964854132e-01
5.393242220947018772e-01
4.825462667443302101e-01
2.020743650081000264e-01
8.579006839615131719e-02
2.882587038442346178e-02
6.873693272859388026e-02
-2.299922893119422385e-01
-1.779081234262897271e-01
-3.468580594243668713e-01
8.980271773287580583e-02
3.796230848115164092e-01
1.163077869886754850e-01
3.565960334121266451e-01
4.447522407503632924e-01
1.120560939610996815e-01
2.885202997083090026e-01
2.024618911685531486e-02
3.852284453761390948e-01
3.409401473247021808e-01
4.621328909591420064e-01
3.353765742989224252e-01
4.058850993131451479e-01
3.495966078674074828e-01
2.763162144574782819e-01
2.085157280153898396e-01
1.057185150993570910e-01
3.082311312475482512e-01
1.252207539899681532e-01
-1.183696628855799432e-02
5.463711887131265238e-02
-2.061958751659974109e-01
1.626591190535644008e-02
-1.789103627897451476e-01
-1.062271201894738615e-01
-1.359223485611355808e-01
-1.745338366254390039e-01
-1.639277271726942986e-01
9.395563726143441388e-03
-9.330334126043321463e-02
-2.314212133662852111e-01
1.998094346920361586e-01
6.584063145744099843e-02
-1.457886476947514720e-01
1.477596994289412102e-01
1.240380722309537831e-01
3.174844056595096942e-01
2.730370355045976666e-02
3.529945397158776865e-01
2.145983810644362111e-01
5.375753112713009541e-02
2.394234662719840201e-01
5.378987797127144505e-02
2.912699581708322327e-01
3.792989616013882070e-01
3.730650143695628529e-01
1.971605427527502730e-01
2.742604339477184849e-01
3.583654726897856496e-02
3.384609945812202397e-02
-2.091976617794643889e-01
-1.195118097773813504e-01
3.273770654610417274e-01
1.961211119114522894e-01
2.793495218375133815e-01
-3.488084661282384036e-02
-3.163375136466245463e-02
-8.588894567800578819e-03
2.341959206252798020e-01
-5.815945102058636684e-02
-2.462151846463334071e-02
-1.586763347848821615e-01
-1.487301801333988371e-01
-5.432753588432684758e-03
-3.083527695299095872e-02
1.430271903816947576e-01
6.017919718743614671e-02
-1.719188847415027144e-01
1.822545073625267964e-01
-2.666275488545154504e-01
-1.175653141393586398e-01
-1.464576766956596221e-01
-3.040431024067600241e-01
-4.095095543804566640e-01
-4.411334695911285908e-01
-1.066911361514015083e-01
-2.741100967979426262e-01
-8.721779366479071038e-02
-1.344535808995957205e-01
-1.164353580824591811e-01
2.402592292675329033e-02
-1.432028754772292078e-01
-3.732699489827103201e-01
-4.436967084291150165e-01
-2.752465118651878373e-01
-4.790681711188996550e-01
-4.685510845208201158e-01
-2.908586094264890010e-01
-3.848045687250277735e-01
-3.239090393355497088e-01
-1.344216290028693028e-01
-2.087920789019033774e-01
-4.697909776275993599e-01
-2.848922505087747026e-01
-2.442634793222479839e-01
-1.522919142091566647e-01
-1.708876516809024748e-01
-8.786317500154446070e-02
-1.529989081909817750e-01
-3.955913928950735570e-02
2.371075441391998495e-01
1.808790550516977680e-01
5.278670261754093984e-02
8.456818840483645849e-02
5.389101837217791235e-02
2.268548283556743109e-02
1.359890479495809434e-01
1.560137686770736998e-01
-2.821633043847784905e-02
3.944133720695898460e-02
-4.736670273115772128e-02
-8.704420217316880676e-03
1.072781033845824628e-01
1.093367298164250184e-01
-1.079525420089445381e-01
-1.624197356511329904e-01
-1.572241171277242167e-01
-9.165446207729874284e-02
-2.957552553666624728e-01
-4.168897748617629850e-01
-3.030200953791205576e-01
-3.877243128017792695e-01
-4.553223958639800450e-01
-3.686895724347256098e-01
-2.766391662237531746e-01
-2.754316642227549461e-01
-4.336859741342399266e-01
-3.874838519231632583e-01
-2.773996323153117213e-02
9.231102302396611281e-02
-5.757333482426183618e-02
1.124516215464881203e-01
-2.637567584469143259e-02
-3.953748715465339736e-02
8.562971481975681365e-02
-1.996984680802359885e-02
3.511862656330316107e-02
-5.680361989046654042e-02
-3.011724285433189374e-01
-7.409842998596170849e-02
-1.804424230926826578e-01
-1.104060915410718380e-01
-1.269256233359778441e-01
-3.024380180488692726e-01
-3.110039452285179862e-01
-1.199972761238489449e-01
-7.536484612627254720e-02
1.160873992721587686e-02
-2.745730898532028896e-01
-5.851680887247939777e-01
-3.373707599242282140e-01
-1.827716129606695994e-01
-8.591109011888017899e-02
-9.999404536628921786e-03
-2.020732529346034034e-01
-2.915101958319462616e-01
-7.451402115243939417e-02
-1.222386205224761518e-01
-2.171461580616847464e-01
-1.192818193538675298e-01
-4.158783364969175639e-02
-2.545980110612197644e-01
-9.007105873388909778e-02
-2.776161129249927750e-01
-3.015810817418280720e-01
-4.290581397285300747e-01
-1.775089765623263371e-01
-3.035435142642169404e-01
-5.558488159267032103e-01
-1.503839981076226517e-01
-2.271684295919006724e-01
-1.652855597816628719e-01
-7.539727951144538365e-02
-5.661736604925272226e-02
-1.741319847507052931e-01
1.752077350467193956e-02
-1.177655198422929844e-01
-1.491349133267540206e-01
1.417024141363250507e-02
1.422175059416236620e-01
8.978453571081661255e-02
3.702991781074400079e-01
1.597931113088468802e-01
2.165391601822374557e-01
1.448379368211233365e-01
6.504283975941274609e-02
1.085186544152555443e-01
5.412668884776534843e-03
-1.659404073336151128e-02
1.947694078855649324e-01
2.744279776184451736e-01
1.651224533465601441e-01
2.878652660221053261e-01
1.158554612867478684e-01
-1.116931007493621314e-01
-1.225435407028666601e-01
-5.713066226937787290e-02
1.526588119397380948e-02
-5.519283331039694790e-02
-3.078801875529989240e-02
-2.660607338867463922e-01
3.784849059633463991e-02
-3.353229752154574528e-01
-1.928433745132839550e-01
-1.380720418019247553e-02
1.090874061864890304e-01
2.258321183494718942e-01
4.913333213558307086e-03
1.335388715290362627e-01
2.939770828397168523e-01
1.615830153490904475e-01
1.762853174571807624e-01
-3.478305100367558023e-01
-6.245683672280160081e-01
-2.816291343849069428e-01
-2.304723068149920062e-01
-1.235667817607356694e-01
-5.565877000292241972e-01
-3.845301814369238014e-01
-1.771750807451754062e-01
-2.756590581339826360e-02
-2.552546037344656238e-01
7.061765930197513863e-02
-1.250391499668805084e-01
2.497481285276677287e-02
-2.665243630311683320e-01
-6.605302891834686774e-01
-3.332314197586336291e-01
-6.109896969227736063e-01
-3.502857437033172205e-01
-3.751833624726562677e-01
-1.922302464816616763e-01
-3.825177543922233525e-01
-1.024795492322813084e-01
-3.204233462438842994e-01
-2.280592462515690366e-01
-2.028606230489925222e-01
4.433472880165226920e-02
-2.196423665097536060e-01
4.316960190349333759e-02
-1.177934603056939034e-01
4.831528016411117121e-03
7.065980797563853203e-04
1.184877566006554556e-01
-1.123395141692606486e-01
-1.989740597278620848e-01
-2.324136453209580677e-01
1.792155558482911859e-01
-1.457599941331236271e-01
-2.673484141248345658e-01
-7.814279044162182608e-02
-2.270572688914242188e-01
-2.507874113847171627e-01
-2.377117781466472068e-01
-1.933227613117682320e-01
-3.213220230554046652e-02
6.409905183975621312e-02
-6.651399244320774229e-02
-1.458749950295639974e-01
-8.025402481838238289e-02
2.643358390465305741e-02
-2.424710255707843154e-02
-1.437251144667571479e-01
-2.589315981117411014e-01
7.359279029681337070e-02
-1.338403351106416950e-01
-5.913610646946317884e-01
-4.337236409542899462e-01
-2.959636332889482024e-01
-3.165917341692955911e-01
-2.657172713729774594e-01
-3.863366430099426929e-01
-9.235069185420659299e-02
-1.251061343902260259e-01
-4.942210210394851200e-01
-3.715797480371170747e-01
-8.089654357987212663e-01
-6.436468481246904183e-01
-5.468541585828283758e-01
-3.578892564810913224e-01
-4.750139327501806674e-01
-5.700578097788147058e-01
-4.863426245525319103e-01
-4.454348187506727563e-01
-5.028970551126291655e-01
-4.864960138379320065e-01
-7.124398205625184222e-01
-6.833388913169032852e-01
-3.849346040388449408e-01
-5.309989089133603235e-01
-5.229958343776726082e-01
-6.084996437701587491e-01
-6.631440719767504044e-01
-1.000271415483790088e-01
-2.040632825418216278e-01
7.809883269189724087e-02
2.857683042541028784e-01
2.578919652045019370e-02
-5.862069656055247935e-02
-7.080610578445602210e-02
-7.189817504902648593e-02
-1.610839650075781768e-02
-4.687823605527158266e-02
-5.347804090835912155e-02
-6.081375336208681009e-02
-1.188653833980239660e-01
-1.632896482244931557e-01
-2.716814980812224389e-01
-1.862188691518151251e-01
-3.121067008905460405e-01
-1.057588144641041505e-01
-1.423462538596500515e-01
-2.838784341816705248e-01
-1.289352885873323029e-01
-4.201736117741212695e-01
-2.265686935048600303e-01
-1.205269498979058967e-01
-1.216592956427080957e-01
-6.774008864903445504e-02
-6.349627423044871266e-01
-5.495181725072170176e-01
-4.107715576045475880e-01
-3.103251871143148932e-01
-3.970472126956552383e-01
-4.344213545407620836e-01
-4.496802736379993948e-01
-4.096168879543564123e-01
-4.356248600153185824e-01
-6.203535281961705117e-01
-4.927366968987308415e-01
-5.305976809240467995e-01
-6.215825849115869106e-01
-8.996429456302270644e-01
-8.953332458805818295e-01
-3.312645095988548949e-01
-4.982593810860470596e-01
-4.530384419294931631e-01
-4.957984671317630654e-01
-2.926380548806682413e-01
-2.839930267037869549e-01
-8.880108429173193541e-01
-6.086535759717952576e-01
-5.994201458194676757e-01
-6.817959360348214704e-01
-5.387939408635395999e-01
-7.332521121784241203e-01
-9.773043964685833584e-01
-1.000000000000000000e+00
-9.856940186425182659e-01
-7.169556812493402820e-01
-7.780136585666195259e-01
-8.018276870593111783e-01
-4.399924368334969249e-01
-4.208111684002577291e-01
-4.721343275458313449e-01
-4.396335892646620058e-01
-2.600397931890884862e-01
-6.033379629254049803e-01
-4.883096938085368377e-01
-3.523062119004293224e-01
-3.346022490521463610e-01
-2.975453403590566648e-01
-1.526746095828508398e-01
-6.257782134289748832e-01
-7.543558564214484230e-01
-5.858183962431953162e-01
-7.929939157966744423e-01
-6.761934280844279499e-01
-4.874078373001466402e-01
-4.720086812510702612e-01
-6.995505746743664321e-01
-4.849132067256710088e-01
-6.409311073822443472e-01
-2.646755495774368305e-01
-2.096773685798344611e-01
-1.248788125137018923e-01
-2.858554555423053478e-01
-1.181423275961935582e-01
-1.825874108780689842e-01
-1.402875941263599380e-01
-4.282688913231718630e-01
-1.049618013210806416e-01
-2.091575726589742779e-01
-2.256297961204288272e-01
-1.349548178783162022e-01
-4.588454590381420006e-01
-4.589839803532120288e-01
-2.219467943557958955e-01
-3.427987689085431611e-01
-2.048346935232333577e-01
5.522827110451487137e-02
-1.700739667307725189e-01
-2.064691744916368754e-01
-1.154155874067123583e-01
3.158653059003108110e-01
3.079422594207216202e-01
1.188434542044765480e-01
4.307608741504261873e-01
3.823822968165138114e-01
2.064370765899993243e-01
6.128906910846396716e-01
3.187037050210259070e-01
5.015365893403626041e-01
2.722754817163914876e-01
3.628279410673000416e-01
4.288077327251489379e-01
2.698623024417429184e-01
3.241006516704081353e-01
2.094315442136003014e-01
3.742481229893437344e-01
3.987489610338995627e-01
2.570959529448913483e-01
3.440534281969925279e-01
2.543137826074928221e-01
1.271914458433731632e-01
1.974715426944490537e-01
-5.322553582378561354e-02
2.498494946434906550e-01
7.661364887059123052e-02
1.061745092463235035e-01
-1.511849402412658860e-01
-6.568073084727975297e-02
7.486634484660296962e-02
3.836727385538742374e-01
5.511506411157840457e-01
3.603354620632529537e-01
3.592520453148613790e-01
3.599217300614399040e-01
3.552175491839302812e-01
-2.370890958245511812e-04
3.001155801147494806e-01
3.173932119302965149e-01
3.718632253218850381e-01
5.177244301478375367e-03
1.496802414479811993e-01
2.608824636253359031e-01
2.166958524133118791e-01
6.412040463243728894e-02
2.862308802769486515e-01
5.359497991920452176e-01
3.593708874417886334e-01
2.929148007669342135e-01
3.028313403653830060e-01
3.231815512046566363e-01
2.825246249064247706e-01
6.926433725550021347e-02
3.974761446274753807e-01
3.267043084798798014e-01
3.429796336917179111e-01
7.963646715611601978e-01
7.683295070654450054e-01
5.913318503871005660e-01
5.992858794171551651e-01
5.123744460922321498e-01
8.614607720865155027e-01
6.893527335062490380e-01
5.648763164841953399e-01
6.983872805162893993e-01
4.182046029414573235e-02
1.099159485146442988e-01
6.252845301106978171e-02
5.071051499259721096e-02
-5.077634836558099496e-02
1.402792956940495106e-01
3.215563389862552413e-01
1.907305458182929070e-01
3.362521407259138617e-01
-1.092785765065345527e-01
-1.787629263230831600e-01
-1.292027955231863090e-01
-2.309476260308675755e-01
-5.348765290808950024e-01
-3.759439041920309976e-01
-3.664574448954348584e-01
-3.356213594471739725e-01
-3.326855293993307150e-01
-2.919779673267034470e-01
-4.281488009027419328e-01
-4.575281094788948705e-02
-2.140362178523086689e-01
1.356293119410121317e-01
2.976139961134879885e-01
2.012627996362245306e-02
-7.682038629832632637e-02
-3.974787436447011491e-01
-2.241235206321532947e-01
-1.650812363493318613e-01
-1.705432821679311317e-01
-3.407975294615598338e-01
-6.019601024581367615e-02
-1.965430965061532309e-01
-2.907074712958213625e-01
-3.429018179976416336e-01
6.868105866135278126e-02
-3.165411864058383790e-02
-3.200449091328484014e-02
-1.685298494248433643e-01
-2.124203909514416899e-01
-1.155553909931253537e-01
-1.807854368187728211e-01
-3.565801416484117720e-02
2.728695253102457821e-02
1.656177772245730553e-02
-1.216096240755027424e-01
-4.150125809156081369e-02
-6.864771324831736576e-02
-1.794594392419430751e-01
1.547195679251582023e-01
2.053735644560350238e-01
-1.141246096578454883e-01
7.186187128385143619e-02
1.331012828010469939e-01
4.113764964601859808e-01
3.442192245910279946e-01
7.219345029170226580e-01
1.269556288759303986e-01
2.102233166097359496e-01
3.937529559310609106e-01
3.265618102596479777e-01
1.100932287646655405e-02
2.737230193068582729e-01
-1.614297167299291458e-01
2.403093328760310399e-01
1.153814184301023976e-01
1.530465851276831789e-02
2.887197668654828756e-02
8.996654643483899261e-02
-2.020602550996744018e-01
-2.882905687843571041e-01
-2.522474123489631403e-01
-8.772162228492129399e-02
2.656165115147902100e-01
1.143238292912261422e-01
2.450162863189342954e-01
1.995525007311133858e-01
3.555042925286591160e-01
2.411506959817203422e-01
2.441530617316755025e-01
1.941673779272330425e-01
